Maria,Espinoza,365 Bond Street,WOONSOCKET,RI,02895,Maria.M.Espinoza@pookmail.com,401-766-7187
Richard,Madigan,2845 Brannon Avenue,St Augustine,FL,32084,Richard.B.Madigan@mailinator.com,904-829-1557
Jason,Rodriquez,1378 Collins Avenue,Canal Winchester,OH,43110,Jason.B.Rodriquez@mailinator.com,614-834-8133
Trena,Shelton,4689 Abia Martin Drive,DEERPARK,NY,11729,Trena.J.Shelton@spambob.com,631-491-0404
Janet,Murray,2894 Diamond Street,Charlotte,NC,28217,Janet.R.Murray@pookmail.com,828-523-7262
Tempie,Keller,3702 Norma Avenue,Dayton,OH,45402,Tempie.L.Keller@pookmail.com,937-250-5091
Michael,Stahl,1506 Don Jackson Lane,Southfield,MI,48075,Michael.P.Stahl@dodgit.com,810-222-0638
Perry,Carr,1860 Kincheloe Road,Tigard,OR,97223,Perry.C.Carr@trashymail.com,503-490-6168
George,Bays,4724 White Avenue,Corpus Christi,TX,78405,George.G.Bays@mailinator.com,361-825-4063
Cristina,Curry,57 Big Indian,New Orleans,LA,70112,Cristina.F.Curry@spambob.com,504-591-8408
Ann,May,1028 Pooz Street,Lyndhurst,NJ,07071,Ann.C.May@spambob.com,732-228-5623
Yvonne,Smith,4028 Willow Greene Drive,Montgomery,AL,36104,Yvonne.K.Smith@mailinator.com,334-241-7588
Clarence,Brogdon,2081 Pine Street,Sewickley,PA,15143,Clarence.L.Brogdon@pookmail.com,724-328-8748
Oralia,Leahy,1421 Sunset Drive,Hope,AR,71801,Oralia.C.Leahy@spambob.com,870-722-3095
Shelby,Mccleary,4131 Coplin Avenue,Phoenix,AZ,85040,Shelby.J.Mccleary@pookmail.com,602-475-8668
Randy,Figgs,1181 Elliot Avenue,Seattle,WA,98161,Randy.R.Figgs@trashymail.com,206-505-1510
Ronald,Dudley,4678 Jim Rosa Lane,Oakland,CA,94612,Ronald.V.Dudley@pookmail.com,415-874-1982
Scott,Mccollum,2409 Tibbs Avenue,OVANDO,MT,59854,Scott.M.Mccollum@spambob.com,406-793-6492
Jeremy,Pawlak,4008 Woodbridge Lane,Westland,MI,48185,Jeremy.R.Pawlak@spambob.com,313-447-9116
Kermit,Corl,1363 Weekley Street,San Antonio,TX,78213,Kermit.D.Corl@mailinator.com,210-349-2474
Zachary,Mayes,767 Robinson Lane,Columbus,OH,43215,Zachary.T.Mayes@spambob.com,740-422-7109
Gary,Andrews,3229 Parrish Avenue,San Antonio,TX,78213,Gary.C.Andrews@trashymail.com,830-837-3708
Christopher,Bruhn,705 Fieldcrest Road,Babylon,NY,11702,Christopher.K.Bruhn@pookmail.com,631-893-8853
Eun,Nguyen,1505 Heather Sees Way,Tulsa,OK,74119,Eun.B.Nguyen@pookmail.com,918-714-2903
Marissa,Osterberg,1132 West Drive,Chicago,IL,60601,Marissa.W.Osterberg@pookmail.com,312-503-9584
Charles,Butts,1058 Elm Drive,Garden City,NY,11530,Charles.M.Butts@mailinator.com,646-388-0372
Nannie,Barker,3103 Rockford Mountain Lane,Appleton,WI,54914,Nannie.C.Barker@trashymail.com,920-205-7924
Kim,Coulombe,197 Center Avenue,Fresno,CA,93702,Kim.D.Coulombe@spambob.com,559-454-9104
Robert,Buterbaugh,1941 Crim Lane,Miamisburg,OH,45342,Robert.D.Buterbaugh@pookmail.com,937-859-0767
Harry,Slater,915 Locust Court,Los Angeles,CA,90017,Harry.G.Slater@pookmail.com,562-450-0756
Aaron,Cherry,4022 Candlelight Drive,HOUSTON,TX,77586,Aaron.F.Cherry@pookmail.com,281-474-4059
Rebekah,Fraser,4545 Ben Street,MOOERS,NY,12958,Rebekah.B.Fraser@pookmail.com,518-236-5600
Delois,Scott,955 Pineview Drive,LAKE PARK,MN,51347,Delois.K.Scott@trashymail.com,507-839-8039
Trevor,Martin,752 Bobcat Drive,Annapolis Junction,MD,20701,Trevor.M.Martin@pookmail.com,240-997-3043
Reva,Garcia,2843 Clement Street,Atlanta,GA,30303,Reva.J.Garcia@pookmail.com,404-434-5731
Keith,Gravely,3484 Davis Street,Augusta,GA,30901,Keith.J.Gravely@pookmail.com,706-365-7216
Frankie,Francisco,2750 Capitol Avenue,Delphi,IN,46923,Frankie.D.Francisco@dodgit.com,765-564-6893
Cathy,Million,470 Stanley Avenue,Plainview,NY,11803,Cathy.J.Million@pookmail.com,516-576-9734
Nichole,Kees,2586 Milford Street,ANDOVER,NH,03216,Nichole.D.Kees@spambob.com,603-735-0169
Jeremy,Pineda,2267 Eagle Street,Collinsville,IL,62234,Jeremy.M.Pineda@pookmail.com,618-345-5267
Katie,Torrance,1175 Granville Lane,NEWARK,NJ,07102,Katie.S.Torrance@dodgit.com,973-526-4686
James,Mcallister,1574 Cook Hill Road,WALLINGFORD,CT,06492,James.M.Mcallister@spambob.com,203-510-5542
Christine,Jackson,2781 Jerry Dove Drive,BURGESS,SC,29576,Christine.J.Jackson@pookmail.com,843-436-7810
Jose,Guyer,949 Burton Avenue,Memphis,TN,38115,Jose.H.Guyer@pookmail.com,901-691-0541
Bette,Munoz,1893 Rainy Day Drive,NEWTON,MA,02160,Bette.T.Munoz@mailinator.com,617-965-8262
John,Hayes,2825 Sycamore Road,PORTLAND,OR,97232,John.N.Hayes@trashymail.com,541-380-4866
Shirley,Davis,3810 Calvin Street,Columbia,MD,21045,Shirley.L.Davis@mailinator.com,443-364-0483
Brian,Hogan,1355 Felosa Drive,Los Angeles,CA,90017,Brian.D.Hogan@mailinator.com,323-967-0920
David,Woods,4534 Maxwell Street,Bloomfield,CT,06002,David.L.Woods@mailinator.com,860-796-3406
Rebecca,Ortiz,3256 Murphy Court,Minneapolis,MN,55406,Rebecca.M.Ortiz@pookmail.com,952-250-6371
Francis,Rogers,1553 Feathers Hooves Drive,New York,NY,10013,Francis.P.Rogers@mailinator.com,631-714-3598
Maria,Estes,3915 Charles Street,Southfield,MI,48075,Maria.A.Estes@mailinator.com,734-450-3334
Eric,Burton,4992 Turkey Pen Road,MANHATTAN,NY,10016,Eric.N.Burton@mailinator.com,917-253-6285
Danny,Ellis,3408 Barfield Lane,Indianapolis,IN,46202,Danny.C.Ellis@trashymail.com,317-565-3682
Clyde,Stewart,4613 Nickel Road,Pomona,CA,91766,Clyde.T.Stewart@spambob.com,626-642-3168
Nelson,Metcalf,3042 Bingamon Branch Road,Burr Ridge,IL,60527,Nelson.E.Metcalf@dodgit.com,847-237-4916
Wilma,Marquez,105 Robinson Court,Saginaw,MI,48601,Wilma.T.Marquez@dodgit.com,989-482-3174
Lula,Young,3900 Sweetwood Drive,CASTLE ROCK,CO,80104,Lula.J.Young@mailinator.com,303-387-8650
Myrtie,Manning,421 Masonic Hill Road,Little Rock,AR,72210,Myrtie.D.Manning@trashymail.com,501-472-4678
Jessica,Hammer,2416 Calvin Street,Baltimore,MD,21202,Jessica.A.Hammer@spambob.com,443-361-9698
Carl,Clayton,3474 University Street,Seattle,WA,98133,Carl.P.Clayton@mailinator.com,206-437-5766
William,Marshall,3712 Cherry Camp Road,Chicago,IL,60607,William.D.Marshall@spambob.com,773-432-2987
Florence,Blaha,3302 Martha Street,Kingman,AZ,86401,Florence.R.Blaha@pookmail.com,928-692-6061
Steven,Story,4008 Woodbridge Lane,Livonia,MI,48150,Steven.L.Story@pookmail.com,313-525-9093
Judy,Schrack,4901 Owagner Lane,Burien,WA,98168,Judy.M.Schrack@mailinator.com,206-248-9384
Clinton,Lamb,4242 Central Avenue,NEWARK,NJ,07102,Clinton.C.Lamb@pookmail.com,201-377-1820
Santiago,Bailey,3399 Coburn Hollow Road,Peoria,IL,61602,Santiago.J.Bailey@trashymail.com,309-437-8527
Martha,Villalobos,4444 Sycamore Circle,GRAND FORKS AIR BASE,ND,58228,Martha.J.Villalobos@mailinator.com,701-215-3592
Renee,Longoria,2225 Jarvis Street,Buffalo,NY,14216,Renee.M.Longoria@spambob.com,716-946-1718
Robert,Lopez,4575 Beeghley Street,GLEN ROSE,TX,76043,Robert.M.Lopez@trashymail.com,254-897-2845
Allen,Carlson,2939 Wildwood Street,Northfield,OH,44067,Allen.H.Carlson@mailinator.com,330-748-3433
Margaret,Hanson,3491 Franklin Avenue,DAYTONA BEACH,FL,32114,Margaret.G.Hanson@spambob.com,386-235-9679
Nina,Dean,1026 Pinnickinnick Street,RAHWAY,NJ,07065,Nina.A.Dean@dodgit.com,732-815-6740
Dolores,Rosen,4280 Whitman Court,WILTON,CT,06897,Dolores.J.Rosen@pookmail.com,203-563-5185
Willard,Brown,3009 Young Road,Idaho Falls,ID,83402,Willard.K.Brown@dodgit.com,208-529-3246
William,Dominy,389 Granville Lane,CLIFTON,NJ,07011,William.B.Dominy@mailinator.com,973-478-4985
Fred,Blair,4471 Whitman Court,WATERBURY,CT,06702,Fred.J.Blair@pookmail.com,203-596-3456
Barbara,Rennick,3083 Luke Lane,Oklahoma City,OK,73102,Barbara.P.Rennick@dodgit.com,580-205-8553
Martha,Christiansen,1857 Ritter Avenue,Roseville,MI,48066,Martha.R.Christiansen@mailinator.com,586-773-8624
Jonathan,Keegan,4788 Crim Lane,Xenia,OH,45385,Jonathan.C.Keegan@mailinator.com,937-708-1942
Amy,Williams,183 Warner Street,Miami Springs,FL,33166,Amy.W.Williams@mailinator.com,305-966-4636
Michael,Burns,1146 Reppert Coal Road,Detroit,MI,48226,Michael.I.Burns@dodgit.com,586-943-4112
Matthew,Woolsey,578 Camden Place,Conway,SC,29526,Matthew.E.Woolsey@mailinator.com,843-855-2463
Kyle,Means,2549 Ella Street,OAKLAND,CA,94607,Kyle.M.Means@mailinator.com,650-271-3864
Megan,Barrera,4956 Ingram Street,COVINGTON,OH,45818,Megan.G.Barrera@trashymail.com,937-473-4398
Gladys,Mcgrew,1176 Hampton Meadows,BOSTON,MA,02110,Gladys.W.Mcgrew@pookmail.com,978-380-0950
Peggy,Moore,1000 Calico Drive,COLVILLE,WA,99114,Peggy.J.Moore@spambob.com,509-685-0640
Matthew,Mcmanus,2174 Hilltop Street,LUDLOW,MA,01056,Matthew.J.Mcmanus@dodgit.com,413-589-7310
Corey,Gray,4885 Martha Ellen Drive,GLENBROOK,NV,89413,Corey.D.Gray@dodgit.com,775-749-7351
Sally,Emig,2565 Tenmile,Escondido,CA,92025,Sally.R.Emig@mailinator.com,760-233-3376
Jean,Anderson,2362 Marshville Road,PLEASANT VALLEY  DUT,NY,12569,Jean.E.Anderson@spambob.com,845-635-9202
Flora,Lewis,1772 Browning Lane,Madison,WI,53718,Flora.J.Lewis@spambob.com,608-220-4971
Nathaniel,Hanes,301 Stark Hollow Road,Denver,CO,80202,Nathaniel.M.Hanes@spambob.com,970-898-7545
Robert,Davis,4500 Heavner Court,Garden City,NY,11530,Robert.C.Davis@mailinator.com,516-222-7554
Justin,Gilchrist,954 Elm Drive,New York,NY,10022,Justin.J.Gilchrist@dodgit.com,646-497-8030
Josephine,Reyna,4428 Fidler Drive,San Antonio,TX,78227,Josephine.D.Reyna@pookmail.com,210-675-8835
Jennifer,Salter,307 Bombardier Way,WAYNE,MI,48184,Jennifer.V.Salter@spambob.com,734-981-2901
Sandy,Taylor,3889 Straford Park,VIRGIE,KY,41572,Sandy.D.Taylor@mailinator.com,606-639-6858
Lisa,Perez,1983 Hornor Avenue,DEPEW,OK,74028,Lisa.A.Perez@spambob.com,918-324-6206
Jesus,Williams,1391 Ethels Lane,Lakeland,FL,33801,Jesus.M.Williams@pookmail.com,863-682-3124
Tia,Edwards,3361 Kuhl Avenue,Atlanta,GA,30329,Tia.M.Edwards@pookmail.com,678-704-1550
Estella,Green,3940 Beech Street,DANVILLE,CA,94526,Estella.J.Green@dodgit.com,925-736-6993
Natalia,Bennett,209 Willow Greene Drive,Montgomery,AL,36104,Natalia.M.Bennett@dodgit.com,334-240-7709
Joe,Chaney,4017 Thunder Road,San Francisco,CA,94143,Joe.B.Chaney@pookmail.com,650-478-3966
Carolyn,Penny,2334 Michigan Avenue,BOLIVAR,PA,15923,Carolyn.N.Penny@mailinator.com,724-676-0962
Glennie,Gore,1503 Hickory Ridge Drive,Las Vegas,NV,89101,Glennie.W.Gore@spambob.com,702-679-7679
Margaret,Reyes,4016 Camden Place,Summerville,SC,29483,Margaret.E.Reyes@pookmail.com,843-851-4964
Gladys,Ramos,150 Saints Alley,Tampa,FL,33614,Gladys.J.Ramos@dodgit.com,813-495-6189
Adeline,Montes,295 Davis Avenue,SANTA ROSA,CA,95401,Adeline.E.Montes@mailinator.com,707-687-3208
Steve,Campbell,2642 Saint Francis Way,Eagleville,PA,19403,Steve.A.Campbell@spambob.com,267-243-9089
Wendy,Munoz,2274 Carson Street,San Diego,CA,92111,Wendy.R.Munoz@spambob.com,858-974-4842
Paul,Johnson,2210 Quiet Valley Lane,Sepulveda,CA,91343,Paul.I.Johnson@trashymail.com,818-920-5832
Christopher,Chamblee,1284 Elm Drive,Elmsford,NY,10523,Christopher.K.Chamblee@pookmail.com,646-423-2728
Cesar,Blaylock,4658 Private Lane,Valdosta,GA,31601,Cesar.A.Blaylock@pookmail.com,229-249-1175
Kenisha,Mark,3148 Timberbrook Lane,Denver,CO,80202,Kenisha.D.Mark@pookmail.com,970-292-8471
Ethel,Barga,1596 Poe Lane,KANSAS CITY,KS,66215,Ethel.D.Barga@spambob.com,913-461-7107
James,King,4742 Patterson Road,New York,NY,10011,James.R.King@mailinator.com,718-889-4727
Connie,Ray,3463 Neville Street,SEYMOUR,IN,47274,Connie.D.Ray@pookmail.com,812-569-5227
Lisa,Peterson,2091 Hazelwood Avenue,West Des Moines,IA,50266,Lisa.L.Peterson@mailinator.com,515-314-7781
Margaret,Lyons,966 Robinson Lane,PATRIOT,OH,45658,Margaret.C.Lyons@mailinator.com,740-379-0970
Joseph,Manning,1350 Nelm Street,HERNDON,VA,22090,Joseph.P.Manning@dodgit.com,571-242-7486
Kelly,Romero,2014 Washington Avenue,Phoenix,AZ,85016,Kelly.G.Romero@spambob.com,602-202-6635
Carrol,Dietrich,1390 Park Street,San Ramon,CA,94583,Carrol.S.Dietrich@trashymail.com,925-479-2169
Stephanie,Gee,1367 Hillside Drive,Lafayette,LA,70503,Stephanie.W.Gee@trashymail.com,337-988-9474
Vivian,Anderson,2090 Village View Drive,Fort Myers,FL,33901,Vivian.P.Anderson@dodgit.com,239-982-4666
Arturo,Sanders,2347 Westfall Avenue,Albuquerque,NM,87114,Arturo.P.Sanders@pookmail.com,505-922-3181
Amy,Perez,3881 Richland Avenue,HOUSTON,TX,77062,Amy.D.Perez@mailinator.com,281-283-2338
Steven,Decker,1676 Arron Smith Drive,Honolulu,HI,96813,Steven.B.Decker@dodgit.com,808-540-0433
Walter,Burk,3982 Wildrose Lane,Detroit,MI,48227,Walter.R.Burk@spambob.com,313-836-5585
Thomas,Mackie,3648 West Street,Kentwood,MI,49512,Thomas.B.Mackie@mailinator.com,616-788-2617
Thomas,Lewis,4397 Wildwood Street,Stow,OH,44224,Thomas.Y.Lewis@spambob.com,330-686-2235
Paul,Depew,3066 Cooks Mine Road,TORREON (SANDOVAL),NM,87017,Paul.R.Depew@spambob.com,505-731-5756
Michael,Joyce,784 Par Drive,Pomona,CA,91766,Michael.H.Joyce@trashymail.com,805-751-5988
Janet,Gatewood,4776 Watson Lane,BREVARD,NC,28712,Janet.M.Gatewood@spambob.com,828-966-4700
Michelle,Pratt,3570 Jacobs Street,Bridgeville,PA,15017,Michelle.J.Pratt@mailinator.com,412-289-8997
Billy,Hill,1836 O Conner Street,Gulfport,MS,39507,Billy.N.Hill@mailinator.com,228-883-6792
Marian,Gee,2823 Oakway Lane,Los Angeles,CA,90017,Marian.M.Gee@pookmail.com,818-338-3391
Bobby,Kimball,4170 Yorkshire Circle,Morehead City,NC,28557,Bobby.K.Kimball@spambob.com,252-240-0189
Cora,Sena,1679 Broad Street,Birmingham,AL,35203,Cora.H.Sena@mailinator.com,205-563-7088
Verona,Blank,1134 Whaley Lane,Milwaukee,WI,53202,Verona.W.Blank@pookmail.com,262-439-2818
Melissa,Griffith,315 Locust Court,ANAHEIM,CA,92801,Melissa.M.Griffith@trashymail.com,562-391-0488
Janessa,Hughes,4259 Blackwell Street,Fairbanks,AK,99701,Janessa.M.Hughes@spambob.com,907-451-1283
Gregory,Wright,2075 Nelm Street,Farmington,MO,63640,Gregory.C.Wright@spambob.com,573-218-7672
Brenda,Mccoy,3289 Byers Lane,Paradise,CA,95969,Brenda.H.Mccoy@mailinator.com,530-876-5612
Sara,Terrell,1897 Tanglewood Road,Jackson,MS,39201,Sara.J.Terrell@trashymail.com,662-817-9704
Bryce,Clontz,3679 Rowes Lane,Nashville,KY,37204,Bryce.L.Clontz@spambob.com,270-605-9571
Benito,Stokes,1726 Oakwood Avenue,New York,NY,10007,Benito.V.Stokes@mailinator.com,212-640-6411
Joyce,Mcdonald,4286 Del Dew Drive,Hyattsville,MD,20781,Joyce.K.Mcdonald@pookmail.com,301-887-8040
Jose,Bonner,2902 Griffin Street,Phoenix,AZ,85008,Jose.D.Bonner@spambob.com,602-231-4963
Kimberly,Hatcher,1858 Ritter Avenue,Detroit,MI,48226,Kimberly.G.Hatcher@mailinator.com,586-729-3232
Edward,Poland,1812 Martha Ellen Drive,RENO,NV,89512,Edward.E.Poland@pookmail.com,775-745-2397
Nancy,Espinoza,2387 Bedford Street,NEW HAVEN,CT,06511,Nancy.M.Espinoza@trashymail.com,203-979-4541
Juan,Anderson,4170 Stark Hollow Road,DILLON,CO,80435,Juan.S.Anderson@trashymail.com,970-752-0546
James,Gordon,3161 Trymore Road,Truman,MN,56088,James.L.Gordon@pookmail.com,507-776-4898
John,Vasquez,2857 Clinton Street,Searcy,AR,72143,John.D.Vasquez@spambob.com,501-278-5701
Steven,Campbell,319 Sherman Street,HOME,KS,66438,Steven.C.Campbell@mailinator.com,785-857-3070
Andria,Fryer,2981 Everette Alley,Hollywood,FL,33023,Andria.J.Fryer@pookmail.com,954-844-3181
Brett,Groves,124 Bruce Street,Saint Louis,MO,63120,Brett.T.Groves@dodgit.com,314-381-7732
Billie,Honeycutt,4624 Locust View Drive,San Francisco,CA,94108,Billie.S.Honeycutt@dodgit.com,415-951-5962
Thurman,Waldrup,4042 Shinn Street,New York,NY,10036,Thurman.D.Waldrup@pookmail.com,212-719-8728
Joshua,Leclerc,2019 Chipmunk Lane,PORTLAND,ME,04101,Joshua.B.Leclerc@mailinator.com,207-791-5158
Jonathan,Weber,4393 Valley Lane,Austin,TX,78749,Jonathan.C.Weber@pookmail.com,512-632-0071
Jack,Grubbs,2406 Wilmar Farm Road,Frederick,MD,21701,Jack.P.Grubbs@spambob.com,240-315-0213
Alice,Valenzuela,2229 Hornor Avenue,MANNFORD,OK,74044,Alice.C.Valenzuela@mailinator.com,918-363-6964
Marjorie,Rutland,3667 Bobcat Drive,Washington,MD,20005,Marjorie.P.Rutland@mailinator.com,240-779-0441
Christina,Cole,2522 Brentwood Drive,LAMPASAS,TX,76550,Christina.E.Cole@spambob.com,512-734-8524
Kamilah,Flowers,2869 Cityview Drive,Wayne,PA,19088,Kamilah.T.Flowers@spambob.com,610-479-1157
Ruby,Winslow,1471 Golden Street,Boca Raton,FL,33486,Ruby.W.Winslow@dodgit.com,305-617-2885
Patricia,Hill,974 Catherine Drive,Fargo,ND,58103,Patricia.J.Hill@trashymail.com,701-261-1743
Colin,Hall,841 Hannah Street,Hickory,NC,28601,Colin.C.Hall@trashymail.com,828-314-4714
Monica,Lee,3418 University Drive,BURR RIDGE,IL,61257,Monica.R.Lee@spambob.com,312-749-1785
Deborah,Gallant,2925 Archwood Avenue,MOUNTAIN VIEW,WY,82939,Deborah.R.Gallant@pookmail.com,307-741-6093
Priscilla,Head,795 Chandler Drive,STARK CITY,MO,64866,Priscilla.J.Head@trashymail.com,417-638-7004
Regina,Romero,994 Coal Road,Scranton,PA,18503,Regina.R.Romero@mailinator.com,570-656-7040
George,Smith,395 Oak Drive,TANNERSVILLE,NY,12485,George.C.Smith@pookmail.com,518-589-3674
Gilbert,Bullis,828 Webster Street,New Brunswick,NJ,08901,Gilbert.L.Bullis@spambob.com,732-565-8118
Karen,Smith,4962 Bloomfield Way,STOCKTON SPRINGS,ME,04981,Karen.K.Smith@dodgit.com,207-567-8503
Olivia,Mcmahon,2283 Harrison Street,San Francisco,CA,94108,Olivia.G.Mcmahon@mailinator.com,415-544-0021
Robert,Deschamp,3389 Gregory Lane,Louisville,KY,40299,Robert.C.Deschamp@spambob.com,502-550-7880
Patrick,Mumma,4843 Frosty Lane,CAMERON,NY,14819,Patrick.B.Mumma@trashymail.com,607-695-9095
Stephen,Perez,1160 Barnes Avenue,Bethel,OH,45106,Stephen.B.Perez@spambob.com,513-734-3448
Marie,Jones,215 Woodland Avenue,BURAS,LA,70041,Marie.M.Jones@trashymail.com,985-657-7909
Yadira,Parks,3230 Frum Street,Nashville,TN,37207,Yadira.W.Parks@pookmail.com,615-268-3710
Jennifer,Gebhart,4258 Armory Road,Lumberton,NC,28358,Jennifer.D.Gebhart@spambob.com,910-671-4383
Ramon,Bravo,552 Hall Valley Drive,GAULEY BRIDGE,WV,25085,Ramon.L.Bravo@trashymail.com,304-632-6074
Andrea,Gardner,1623 Ethels Lane,Lakeland,FL,33801,Andrea.H.Gardner@trashymail.com,863-686-8501
Merlin,Roscoe,555 Forest Avenue,New York,NY,10011,Merlin.L.Roscoe@trashymail.com,646-871-5605
Margaret,Brooks,1771 Bridge Avenue,Scott,LA,70583,Margaret.C.Brooks@mailinator.com,337-772-6259
Jesus,Vang,1772 Gore Street,Houston,TX,77028,Jesus.A.Vang@spambob.com,713-579-0329
James,Shannon,3246 Berkley Street,Philadelphia,PA,19108,James.B.Shannon@pookmail.com,484-873-4866
Calvin,Garcia,3799 George Street,Dade City,FL,33525,Calvin.N.Garcia@spambob.com,352-523-6780
Todd,Walton,633 Berkley Street,Philadelphia,PA,19108,Todd.P.Walton@pookmail.com,484-922-7955
Tandra,Campbell,3747 Clair Street,TEAGUE,TX,75860,Tandra.M.Campbell@dodgit.com,254-739-4402
Deloris,Matthews,4320 Pineview Drive,Waseca,MN,56093,Deloris.A.Matthews@spambob.com,507-835-9827
Dennis,Rogers,432 Nuzum Court,Buffalo,NY,14202,Dennis.M.Rogers@dodgit.com,716-552-5875
Teresa,Stith,3514 Boggess Street,Dayton,OH,45402,Teresa.B.Stith@pookmail.com,937-912-2399
Myrtle,Manuel,1288 Overlook Drive,MECHANICSBURG (BOONE),IN,46050,Myrtle.R.Manuel@spambob.com,765-325-1609
Jack,Dawson,1887 Par Drive,Simi Valley,CA,93065,Jack.K.Dawson@mailinator.com,805-874-1295
Brian,Hill,677 Whaley Lane,PEWAUKEE,WI,53188,Brian.L.Hill@dodgit.com,262-523-2618
Kiara,Whatley,4511 Renwick Drive,Philadelphia,PA,19108,Kiara.M.Whatley@mailinator.com,484-330-0103
Kathrine,Bilodeau,686 Granville Lane,NETCONG,NJ,07857,Kathrine.D.Bilodeau@spambob.com,973-426-8714
Mildred,Ruggiero,1937 Charles Street,Livonia,MI,48150,Mildred.T.Ruggiero@spambob.com,734-427-5791
David,White,3023 Denver Avenue,Riverside,CA,92501,David.K.White@trashymail.com,951-369-3039
Chuck,Ireland,451 Summit Park Avenue,Troy,MI,48084,Chuck.L.Ireland@pookmail.com,248-898-2716
Elsie,Medina,3994 Dogwood Road,Phoenix,AZ,85021,Elsie.A.Medina@mailinator.com,602-749-8141
Branden,Ibarra,2290 Hedge Street,ROCHELLE PARK,NJ,07662,Branden.A.Ibarra@pookmail.com,908-693-6538
Susan,Smith,451 Millbrook Road,Naperville,IL,60563,Susan.G.Smith@trashymail.com,630-799-2456
Ann,Taylor,3643 Bee Street,Grand Rapids,MI,49503,Ann.D.Taylor@pookmail.com,231-753-5964
Emily,Hanlon,895 Parrish Avenue,LACOSTE,TX,78039,Emily.A.Hanlon@pookmail.com,830-985-5364
Vada,Lugo,1536 Whiteman Street,PROSPECT PLAINS,NJ,08512,Vada.H.Lugo@trashymail.com,609-860-0136
Luther,Williams,3311 Rinehart Road,Fort Lauderdale,FL,33311,Luther.M.Williams@mailinator.com,786-457-3299
Michael,Mcintyre,1374 Willow Oaks Lane,LAFAYETTE,LA,70506,Michael.C.Mcintyre@pookmail.com,337-339-8553
Rosella,Giles,4666 Pursglove Court,Dayton,OH,45410,Rosella.J.Giles@spambob.com,937-259-0840
Joseph,Chalk,1311 Woodridge Lane,Memphis,TN,38141,Joseph.C.Chalk@spambob.com,901-351-7158
Tara,Howard,4857 Hillhaven Drive,ANAHEIM,CA,92801,Tara.T.Howard@dodgit.com,323-799-1879
James,Goldsmith,1910 Angus Road,New York,NY,10004,James.E.Goldsmith@dodgit.com,212-425-4939
Monica,Shafer,3966 Laurel Lane,BIG BEND NATIONAL PA,TX,79834,Monica.H.Shafer@spambob.com,432-477-6196
Yong,Christensen,4766 Deer Ridge Drive,NEWARK,NJ,07102,Yong.T.Christensen@pookmail.com,973-604-7763
Frank,Bergstrom,1775 Post Farm Road,Atlanta,GA,30339,Frank.F.Bergstrom@mailinator.com,404-228-1867
Thelma,Guess,3173 Powder House Road,West Palm Beach,FL,33410,Thelma.F.Guess@pookmail.com,561-624-9059
Joe,Hare,3451 Colony Street,SOUTHBURY,CT,06488,Joe.L.Hare@pookmail.com,203-262-9491
Thelma,Bourassa,3812 Jenna Lane,Hamilton,OH,45011,Thelma.A.Bourassa@spambob.com,513-942-8898
Rodney,Leclair,2754 Kuhl Avenue,Atlanta,GA,30329,Rodney.C.Leclair@spambob.com,678-701-8230
Hilda,Stipe,3485 Brown Street,DANVILLE,CA,94526,Hilda.R.Stipe@pookmail.com,925-964-2590
Vincent,Pinkerton,2104 Church Street,QUEENS,NY,11423,Vincent.M.Pinkerton@pookmail.com,718-479-4113
Owen,Rodriguez,3853 Catherine Drive,LAKOTA,ND,58344,Owen.A.Rodriguez@pookmail.com,701-247-1556
Lynn,Horn,4870 Hill Haven Drive,Killeen,TX,76541,Lynn.J.Horn@trashymail.com,254-200-5185
Mary,Jenney,1976 Caynor Circle,PISCATAWAY,NJ,08854,Mary.J.Jenney@pookmail.com,908-501-9813
Thomas,Rios,2505 Richards Avenue,Fresno,CA,93721,Thomas.M.Rios@trashymail.com,209-904-8116
Janet,Lockard,3815 Cherry Tree Drive,Fernandina Beach,FL,32034,Janet.L.Lockard@trashymail.com,904-321-9788
Ruth,Mathias,2104 Laurel Lee,Kansas City,MO,64106,Ruth.M.Mathias@trashymail.com,660-220-7998
Brian,Thompson,2988 Moore Avenue,Dallas,TX,75204,Brian.R.Thompson@spambob.com,817-775-5158
Randi,Ambrose,4119 Rosemont Avenue,Orlando,FL,32810,Randi.A.Ambrose@dodgit.com,321-945-7669
Maria,Poling,3259 Heavens Way,Sarasota,FL,34236,Maria.T.Poling@dodgit.com,941-952-7456
Elana,Gonsales,2173 Riverside Drive,Lagrange,GA,30240,Elana.B.Gonsales@mailinator.com,706-837-2675
Melvin,Torres,228 Preston Street,Phoenix,AZ,85012,Melvin.B.Torres@trashymail.com,623-321-8637
Harriette,Miller,2391 Buckhannan Avenue,CARTHAGE,NY,13619,Harriette.F.Miller@trashymail.com,315-493-5826
Vanessa,Ison,4054 Counts Lane,Lexington,KY,40507,Vanessa.C.Ison@mailinator.com,859-868-9311
Stanley,Callahan,4757 Essex Court,GRAND ISLE,VT,05458,Stanley.B.Callahan@mailinator.com,802-372-6535
Aaron,Reyes,463 Glendale Avenue,FULLERTON,CA,93632,Aaron.V.Reyes@spambob.com,818-730-1874
Kristy,Benningfield,75 Wilkinson Court,NAPLES,FL,33940,Kristy.L.Benningfield@trashymail.com,239-643-1779
Lance,Bueno,1494 Half and Half Drive,Fresno,CA,93706,Lance.J.Bueno@mailinator.com,559-994-7053
Carolyn,Hebert,3868 Stoney Lane,Irving,TX,75039,Carolyn.A.Hebert@trashymail.com,972-956-2303
Tammy,Brewster,2447 Aaron Smith Drive,Harrisburg,PA,17101,Tammy.M.Brewster@spambob.com,717-705-0711
Sandra,Allard,266 Tori Lane,Salt Lake City,UT,84104,Sandra.R.Allard@pookmail.com,801-655-9987
Allyson,Smith,3789 Angus Road,New York,NY,10281,Allyson.B.Smith@mailinator.com,212-444-8462
James,Ware,3533 Gorby Lane,Ridgeland,MS,39157,James.J.Ware@spambob.com,601-323-1593
Connie,Bear,616 Ben Street,COBLESKILL,NY,12043,Connie.L.Bear@dodgit.com,518-234-5900
Helen,Rourke,764 Quiet Valley Lane,Los Angeles,CA,90017,Helen.B.Rourke@mailinator.com,818-961-4898
Agustin,Miller,1457 Star Trek Drive,Port St Joe,FL,32456,Agustin.L.Miller@mailinator.com,850-340-7148
Frances,Smith,1055 Tecumsah Lane,GREENWOOD,LA,71033,Frances.G.Smith@spambob.com,318-938-2061
Charles,Grisham,3206 Isaacs Creek Road,Decatur,IL,62522,Charles.L.Grisham@trashymail.com,217-428-8236
Rosemary,Odom,2005 Hickory Heights Drive,Hanover,MD,21076,Rosemary.J.Odom@mailinator.com,443-980-2468
David,Brown,2526 Blane Street,Saint Louis,MO,63108,David.C.Brown@mailinator.com,314-592-9585
Arlene,Marshall,2637 Trails End Road,POMPANO BEACH,FL,33060,Arlene.S.Marshall@pookmail.com,954-366-9782
Carrie,Schwartz,1032 University Hill Road,DIVERNON,IL,62530,Carrie.B.Schwartz@trashymail.com,217-628-6338
Nancy,Blosser,275 Java Lane,Columbia,SC,29201,Nancy.T.Blosser@mailinator.com,803-654-9082
Julia,Carter,426 Private Lane,Albany,GA,31707,Julia.J.Carter@mailinator.com,229-349-9457
Jerry,Barnes,4254 Chicago Avenue,Fresno,CA,93721,Jerry.D.Barnes@pookmail.com,559-522-2455
Elizabeth,Brown,3048 Sycamore Lake Road,Green Bay,WI,54303,Elizabeth.D.Brown@pookmail.com,920-421-3132
Anthony,Smith,2945 Forest Avenue,New York,NY,10021,Anthony.L.Smith@dodgit.com,646-797-9699
Rebecca,Nelson,1177 Derek Drive,Akron,OH,44308,Rebecca.R.Nelson@dodgit.com,330-352-5604
Gavin,Cole,4262 Alexander Avenue,Dublin,CA,94568,Gavin.J.Cole@pookmail.com,925-570-2593
Randall,Nolan,3513 Lamberts Branch Road,FORT LAUDERDALE,FL,33301,Randall.S.Nolan@dodgit.com,786-629-1910
Jenna,Merchant,1321 Rivendell Drive,Warren,OH,44483,Jenna.J.Merchant@dodgit.com,330-847-2466
Eddie,Mullins,2511 Chapmans Lane,Albuquerque,NM,87121,Eddie.N.Mullins@trashymail.com,505-833-3988
Andrea,Watson,2703 Little Street,Akron,OH,44307,Andrea.J.Watson@dodgit.com,330-592-7313
Shelley,Shreve,4959 Lynn Avenue,Eau Claire,WI,54701,Shelley.R.Shreve@dodgit.com,715-512-1816
Beverly,Mcknight,1779 School Street,Washington,DC,20024,Beverly.B.Mcknight@mailinator.com,202-844-9167
Tanya,Delgado,4771 Marietta Street,Rohnert Park,CA,94928,Tanya.J.Delgado@dodgit.com,707-585-7468
Mary,Wiles,4571 Poe Road,JAMESTOWN,SC,12345,Mary.J.Wiles@mailinator.com,843-257-2925
Robert,Esparza,2213 Poe Lane,Kansas City,KS,64110,Robert.J.Esparza@dodgit.com,913-634-5141
Charles,Allen,3605 Broadcast Drive,Charlotte,NC,28208,Charles.D.Allen@trashymail.com,704-224-9551
Nancy,Wills,4825 Lakeland Terrace,Detroit,MI,48226,Nancy.J.Wills@dodgit.com,734-301-5713
Ruthie,Warkentin,2268 Roane Avenue,Rockville,MD,20850,Ruthie.C.Warkentin@mailinator.com,301-251-6146
Ethel,Woods,792 Court Street,Saint Louis,MO,63101,Ethel.J.Woods@dodgit.com,636-669-4829
Mathew,White,842 Elk City Road,Indianapolis,IN,46204,Mathew.S.White@dodgit.com,317-940-9603
Harold,Garcia,4686 Elk City Road,Indianapolis,IN,46214,Harold.J.Garcia@pookmail.com,317-997-5865
Reggie,Garcia,2546 Rainbow Road,ANAHEIM,CA,92801,Reggie.D.Garcia@trashymail.com,626-209-0181
Albert,Matheson,2047 Coplin Avenue,Phoenix,AZ,85040,Albert.J.Matheson@pookmail.com,602-487-4600
Robert,Lee,1333 Meadow View Drive,HARTFORD,CT,06103,Robert.C.Lee@trashymail.com,860-492-5934
Matthew,Rosado,1627 Findley Avenue,LIGNITE,ND,58752,Matthew.C.Rosado@dodgit.com,701-933-6051
Brian,Brown,1607 Elkview Drive,Miami,FL,33131,Brian.K.Brown@spambob.com,772-365-0639
John,Graig,3554 Frosty Lane,HAWLEYTON,NY,13903,John.C.Graig@pookmail.com,607-669-2440
John,Taylor,3343 Camel Back Road,Bartlesville,OK,74003,John.L.Taylor@mailinator.com,918-662-9445
Sarah,Ortiz,431 Oxford Court,OXFORD,MS,38655,Sarah.N.Ortiz@trashymail.com,662-259-9845
Mary,Turner,1663 Despard Street,Atlanta,GA,30303,Mary.H.Turner@dodgit.com,404-674-9554
Thomas,Demarco,4974 Benson Park Drive,Oklahoma City,OK,73111,Thomas.T.Demarco@mailinator.com,405-424-5233
Stephen,Hillman,142 Southern Street,Long Beach,NY,11561,Stephen.K.Hillman@spambob.com,516-670-6241
Florence,Lemley,4901 Wayside Lane,Hayward,CA,94545,Florence.W.Lemley@dodgit.com,510-285-7021
George,Cook,3207 Green Avenue,Fremont,CA,94536,George.F.Cook@spambob.com,510-744-9718
Bonnie,Herrell,1067 Clark Street,SHOREHAM,NY,11786,Bonnie.M.Herrell@spambob.com,631-209-2226
William,Deshields,2434 Little Street,Youngstown,OH,44503,William.E.Deshields@spambob.com,330-599-5995
Mary,Thomas,281 Garfield Road,Peoria,IL,61602,Mary.H.Thomas@pookmail.com,309-636-4962
Tammy,Hagan,472 Mercer Street,Eau Claire,WI,54701,Tammy.M.Hagan@dodgit.com,715-609-2641
Susan,Hausman,4405 Hazelwood Avenue,KNIERIM,IA,50552,Susan.C.Hausman@mailinator.com,515-463-6731
Eula,Park,4897 Clair Street,Waco,TX,76706,Eula.M.Park@trashymail.com,254-681-0690
Walter,Jacobson,4022 Maud Street,Newark,DE,19711,Walter.S.Jacobson@dodgit.com,302-738-6892
Lillian,Skow,3968 Cityview Drive,Philadelphia,PA,19103,Lillian.J.Skow@spambob.com,610-482-6254
Bert,Davis,4776 Martha Ellen Drive,Reno,NV,89509,Bert.L.Davis@dodgit.com,775-824-6619
Susan,Burnett,141 Woodridge Lane,Memphis,TN,38115,Susan.F.Burnett@mailinator.com,901-287-1149
Gerri,Katz,3088 Wakefield Street,Philadelphia,PA,19111,Gerri.D.Katz@spambob.com,215-379-8927
Robert,Martinez,2765 Collins Street,CLARION,PA,16214,Robert.B.Martinez@spambob.com,814-223-1917
Gail,Gendron,3946 Chenoweth Drive,BRENTWOOD,TN,37027,Gail.T.Gendron@spambob.com,931-634-8593
Jeffrey,Thomas,3853 Lunetta Street,Port Charlotte,FL,33954,Jeffrey.K.Thomas@dodgit.com,941-258-6650
Kara,Ross,1085 Melville Street,Collierville,TN,38017,Kara.G.Ross@trashymail.com,731-332-9268
Lillie,Vickers,3078 James Street,Rochester,NY,14604,Lillie.D.Vickers@pookmail.com,585-615-4584
Carmen,Thorne,3699 Mutton Town Road,CLALLAM COUNTY,WA,98357,Carmen.M.Thorne@pookmail.com,360-640-5960
Patricia,Wallace,2017 Beech Street,Oakland,CA,94612,Patricia.S.Wallace@dodgit.com,925-716-3413
Robert,Ngo,4725 Roosevelt Road,Parsons,KS,67357,Robert.R.Ngo@pookmail.com,620-216-1277
Trevor,Miller,1868 Vernon Street,Palm Springs,CA,92262,Trevor.M.Miller@dodgit.com,760-601-2521
Harriet,Snow,1912 Archwood Avenue,MOUNTAIN VIEW,WY,82939,Harriet.R.Snow@trashymail.com,307-708-3413
Thomas,Black,3280 Godfrey Road,New York,NY,10040,Thomas.B.Black@dodgit.com,212-569-9104
Rose,Mello,3688 Oliver Street,Dallas,TX,75202,Rose.G.Mello@trashymail.com,817-331-7144
Carol,Mills,751 Timbercrest Road,Anchorage,AK,99503,Carol.P.Mills@spambob.com,907-743-0566
Bradley,Waters,3401 West Fork Street,ROBERTS,MT,59070,Bradley.B.Waters@trashymail.com,406-445-6811
Mario,Martinez,3185 Logan Lane,Aurora,CO,80014,Mario.C.Martinez@spambob.com,303-248-0050
Michael,Mason,684 Meadow Drive,Moore,OK,73160,Michael.J.Mason@dodgit.com,405-910-9880
Robert,Scott,949 Richland Avenue,Spring,TX,77386,Robert.S.Scott@mailinator.com,281-296-0721
Susan,Clark,4619 Jones Avenue,Winston Salem,NC,27107,Susan.R.Clark@dodgit.com,336-720-3704
Carmela,Moore,1463 Parkway Drive,Tucson,AZ,85714,Carmela.J.Moore@mailinator.com,520-358-4907
Randy,Perez,3389 Victoria Court,MONROE,ME,04951,Randy.B.Perez@pookmail.com,207-525-4890
George,Barnett,579 Adamsville Road,Laredo,TX,78040,George.J.Barnett@pookmail.com,956-724-3404
Matthew,Shulman,2035 Concord Street,Charlotte,NC,28212,Matthew.M.Shulman@mailinator.com,704-531-9971
Robert,Feaster,3015 Kessla Way,Hartsville,SC,29550,Robert.C.Feaster@trashymail.com,843-339-9574
Ivory,Williams,47 Summit Park Avenue,Troy,MI,48098,Ivory.M.Williams@pookmail.com,248-952-2141
Delia,Wyche,2352 Marie Street,Glen Burnie,MD,21061,Delia.A.Wyche@dodgit.com,410-863-1471
Lynn,Mckee,4744 Doe Meadow Drive,Lanham,MD,20706,Lynn.R.Mckee@pookmail.com,301-552-3433
Major,Turner,1595 Barfield Lane,CARMEL,IN,46032,Major.W.Turner@spambob.com,317-571-3641
Ronald,Sisk,1642 Spirit Drive,DE BARY,FL,32713,Ronald.M.Sisk@trashymail.com,386-753-7997
Christopher,Espinoza,1730 Jarvis Street,Buffalo,NY,14211,Christopher.M.Espinoza@mailinator.com,716-892-2897
Frank,Schmidt,4379 Linden Avenue,Orlando,FL,32810,Frank.R.Schmidt@mailinator.com,407-562-0080
William,Olivarez,4143 Wood Street,Saginaw,MI,48607,William.J.Olivarez@spambob.com,989-230-4789
Helga,Higgins,2233 Spring Haven Trail,LIVINGSTON,NJ,07039,Helga.R.Higgins@pookmail.com,973-758-7442
Christine,Lile,4846 Hope Street,Portland,OR,97205,Christine.P.Lile@mailinator.com,971-634-4397
George,Huff,4466 Brown Avenue,MOUNTVILLE,SC,29370,George.N.Huff@dodgit.com,864-994-6721
Charlie,Myers,4718 Palmer Road,Worthington,OH,43085,Charlie.M.Myers@spambob.com,614-655-5165
Stanley,Frey,4604 Pearl Street,SACRAMENTO,CA,95814,Stanley.E.Frey@trashymail.com,916-329-0273
Gary,Covert,4168 Horseshoe Lane,Philadelphia,PA,19108,Gary.L.Covert@trashymail.com,484-451-4398
Terry,Ohara,1577 Catherine Drive,Fargo,ND,58102,Terry.J.Ohara@pookmail.com,701-235-4465
Karen,Fisher,2912 Euclid Avenue,Los Angeles,CA,90017,Karen.M.Fisher@mailinator.com,805-353-6125
John,Kershaw,745 Burwell Heights Road,Beaumont,TX,77701,John.N.Kershaw@mailinator.com,409-504-2146
Anna,Barreras,1223 Small Street,New York,NY,10019,Anna.A.Barreras@spambob.com,212-803-3633
Sheena,Petrick,4007 Diane Street,Gardena,CA,90247,Sheena.K.Petrick@trashymail.com,805-408-6588
John,Washington,661 Juniper Drive,Mio,MI,48647,John.C.Washington@dodgit.com,989-826-8644
Fred,Ruhl,4641 Hiddenview Drive,Philadelphia,PA,19115,Fred.N.Ruhl@trashymail.com,215-960-6736
Thomas,Newberry,3346 Walnut Avenue,Parsippany,NJ,07054,Thomas.B.Newberry@pookmail.com,201-483-3973
Claudette,Smotherman,3734 Walnut Street,JACKSON,MS,39213,Claudette.B.Smotherman@spambob.com,601-600-4588
Felix,Colwell,2460 Hazelwood Avenue,Des Moines,IA,50309,Felix.T.Colwell@spambob.com,515-288-3647
David,Castillo,2619 East Avenue,Tempe,AZ,85282,David.A.Castillo@dodgit.com,480-277-1301
Mildred,Rock,3484 Lynn Avenue,MERCER,WI,54547,Mildred.J.Rock@pookmail.com,715-476-6088
Robert,Frazer,1593 Willow Oaks Lane,LAFAYETTE,LA,70506,Robert.M.Frazer@mailinator.com,337-339-2861
Beverly,Padgett,1699 Oakridge Lane,Dallas,TX,75207,Beverly.J.Padgett@pookmail.com,469-916-5764
Juan,Strong,3496 Par Drive,Santa Monica,CA,90404,Juan.L.Strong@trashymail.com,805-852-6208
Kimberly,Bowen,4771 Lakeland Park Drive,Roswell,GA,30075,Kimberly.C.Bowen@mailinator.com,770-642-2734
Katherine,Stuart,4355 Lake Road,PROSPECT PLAINS,NJ,08512,Katherine.D.Stuart@trashymail.com,609-409-6925
Alice,Dominguez,1282 White River Way,Kearns,UT,84118,Alice.M.Dominguez@mailinator.com,801-499-7994
Luis,Tanner,3292 Mattson Street,Forest Grove,OR,97116,Luis.G.Tanner@dodgit.com,503-359-3042
Marcus,Cox,3264 Brown Street,Oakland,CA,94612,Marcus.A.Cox@mailinator.com,925-892-1706
Greg,Williams,344 Cambridge Court,FORT SMITH,AR,72901,Greg.V.Williams@spambob.com,479-903-0750
James,Weaver,3051 Half and Half Drive,Fresno,CA,93721,James.R.Weaver@mailinator.com,559-904-7487
Harvey,Whitford,4975 Snider Street,Englewood,CO,80112,Harvey.A.Whitford@mailinator.com,720-229-7333
Terry,Ambrose,4508 Monroe Avenue,Fort Myers,FL,33901,Terry.L.Ambrose@pookmail.com,941-661-8849
William,Miller,1298 Poco Mas Drive,Plano,TX,75023,William.P.Miller@trashymail.com,214-527-1865
Ruth,Gooch,3856 Winifred Way,Marion,IN,46953,Ruth.G.Gooch@pookmail.com,765-677-7725
Jill,Martin,943 Fire Access Road,Greensboro,NC,27401,Jill.G.Martin@trashymail.com,336-899-8576
Walter,Wallace,747 Farland Avenue,Fredericksburg,TX,78624,Walter.M.Wallace@pookmail.com,830-436-6319
Jenny,Bruce,1910 Adamsville Road,Harlingen,TX,78550,Jenny.T.Bruce@spambob.com,956-750-2259
Thomas,Wilson,3895 Harper Street,CUSTER,KY,40115,Thomas.G.Wilson@trashymail.com,270-536-5548
Bonnie,Shubert,2519 Fidler Drive,SAN ANTONIO,TX,78221,Bonnie.B.Shubert@pookmail.com,210-621-8011
William,Chunn,271 Center Street,Albany,OR,97321,William.H.Chunn@trashymail.com,541-918-7540
Regina,Whipkey,2725 Mandan Road,CAMDENTON NORTH,MO,65020,Regina.T.Whipkey@trashymail.com,573-873-4676
Janet,Macleod,4278 Lauren Drive,La Crosse,WI,54601,Janet.J.Macleod@trashymail.com,608-385-9560
Don,Fletcher,1565 Quincy Street,Philadelphia,PA,19108,Don.L.Fletcher@spambob.com,267-464-0352
Johnnie,Boyden,4238 Reeves Street,Oconto Falls,WI,54154,Johnnie.J.Boyden@dodgit.com,920-846-0530
Kelly,Brooks,4002 South Street,Alpine,TX,79830,Kelly.A.Brooks@pookmail.com,432-837-8221
Theresa,Wilson,1556 Flanigan Oaks Drive,Greenbelt,MD,20770,Theresa.C.Wilson@spambob.com,301-312-1594
Mabel,Gilmore,573 Adonais Way,Atlanta,GA,30328,Mabel.J.Gilmore@dodgit.com,678-486-6739
Genevieve,Nelson,216 Virginia Street,Chicago,IL,60628,Genevieve.P.Nelson@spambob.com,773-546-8390
Lois,Burgess,4330 Angus Road,New York,NY,10007,Lois.T.Burgess@spambob.com,212-442-5262
Adrian,Arbour,2775 Spring Street,Decatur,IL,62526,Adrian.J.Arbour@spambob.com,217-848-8167
Helen,Huynh,3506 Poplar Chase Lane,Boise,ID,83702,Helen.S.Huynh@trashymail.com,208-318-8682
Anna,Thompson,4856 Single Street,LYNN,MA,01901,Anna.J.Thompson@dodgit.com,781-592-1768
Anna,Torres,1730 Spadafore Drive,WESLEY,PA,16038,Anna.J.Torres@dodgit.com,814-786-8246
Drew,Gebhart,924 Owagner Lane,Seattle,WA,98109,Drew.M.Gebhart@spambob.com,206-251-3853
Peter,Forney,2839 Burke Street,BOSTON,MA,02110,Peter.E.Forney@mailinator.com,781-332-5035
Keith,Cooper,2691 Marshall Street,Hanover,MD,21076,Keith.S.Cooper@spambob.com,410-733-6169
Phillip,Hetzel,1924 Lynn Street,CAMBRIDGE,MA,02141,Phillip.S.Hetzel@trashymail.com,617-299-0925
Mel,Sanchez,3650 Post Avenue,South Bend,IN,46601,Mel.A.Sanchez@spambob.com,219-208-7147
Thomas,Johnson,551 Pheasant Ridge Road,Bensalem,PA,19020,Thomas.S.Johnson@trashymail.com,215-524-9155
Luanne,Fritch,4690 Maple Street,Los Angeles,CA,90017,Luanne.E.Fritch@pookmail.com,714-359-2437
Sharon,Glaze,2765 Sherwood Circle,Lafayette,LA,70501,Sharon.W.Glaze@pookmail.com,337-271-7915
Inez,Carlos,1697 Science Center Drive,Boise,ID,83702,Inez.E.Carlos@spambob.com,208-588-3084
Lisa,Kruger,1405 Eagle Drive,Temperance,MI,48182,Lisa.J.Kruger@dodgit.com,734-850-2687
Joshua,Candelaria,2643 Byers Lane,SACRAMENTO,CA,58147,Joshua.K.Candelaria@spambob.com,530-794-7543
Clyde,Barber,4935 Ford Street,Walnut Creek,CA,94597,Clyde.L.Barber@mailinator.com,408-465-9575
Samuel,Mccoy,4016 Meadow Lane,KELSEYVILLE,CA,95451,Samuel.M.Mccoy@spambob.com,707-278-3630
William,Henley,297 Francis Mine,Redding,CA,96002,William.M.Henley@mailinator.com,530-221-7285
Dan,Suarez,1577 Oak Way,LINCOLN,NE,68501,Dan.M.Suarez@dodgit.com,402-440-0412
Susan,Nocera,1648 University Drive,Chicago,IL,60605,Susan.R.Nocera@dodgit.com,312-806-8917
Julie,Todd,1419 May Street,Stanford,KY,40484,Julie.J.Todd@trashymail.com,606-365-9423
Louis,Ashley,1002 Elk Street,Newport Beach,CA,92660,Louis.S.Ashley@pookmail.com,949-720-8291
Bernadette,Barba,1773 Lake Road,Maple Shade,NJ,08052,Bernadette.J.Barba@pookmail.com,609-410-4910
Lucille,Cervantes,3077 Hilltop Drive,Morton,TX,79346,Lucille.D.Cervantes@spambob.com,806-266-5311
Robert,Rodriguez,3865 Buckhannan Avenue,Liverpool,NY,13088,Robert.B.Rodriguez@spambob.com,315-457-0899
Charles,Porter,656 Rocky Road,Philadelphia,PA,19103,Charles.J.Porter@trashymail.com,215-640-5271
Jimmy,Espinosa,3817 Woodrow Way,GRANGERLAND,TX,77302,Jimmy.J.Espinosa@pookmail.com,936-232-2115
Gary,Scott,2479 Bassell Avenue,Little Rock,AR,72201,Gary.D.Scott@trashymail.com,501-693-3970
Robyn,Beasley,1129 Keyser Ridge Road,Greensboro,NC,27407,Robyn.J.Beasley@spambob.com,336-465-4668
Albert,Bauer,1412 Jadewood Farms,NEWARK,NJ,07102,Albert.A.Bauer@trashymail.com,973-337-3907
James,Roberts,2165 Cunningham Court,Rochester Hills,MI,48306,James.J.Roberts@spambob.com,248-651-7475
Louis,Roberson,4951 Edgewood Road,Little Rock,AR,72212,Louis.C.Roberson@pookmail.com,870-919-8013
Douglas,Fulton,3320 Spadafore Drive,Portage,PA,15946,Douglas.M.Fulton@dodgit.com,814-736-7568
Julie,Pettengill,666 Baker Avenue,Fort Worth,TX,76104,Julie.K.Pettengill@trashymail.com,817-846-4678
Steven,Dang,4728 Lincoln Street,LAUREL SPRINGS,NJ,08021,Steven.T.Dang@spambob.com,609-493-7371
Caroyln,Austin,1285 Harter Street,Greenville,OH,45331,Caroyln.J.Austin@spambob.com,937-670-4977
Adam,Espinoza,1074 Norma Lane,Shreveport,LA,71101,Adam.A.Espinoza@trashymail.com,318-613-5070
Teresa,Maynard,3641 Hemlock Lane,Harlingen,TX,78550,Teresa.A.Maynard@pookmail.com,956-389-5930
Elizabeth,Walton,3674 Junior Avenue,Atlanta,GA,30315,Elizabeth.J.Walton@dodgit.com,404-622-4044
Gary,Sublett,1358 Snowbird Lane,Omaha,NE,68114,Gary.M.Sublett@dodgit.com,402-718-1042
Craig,Eberhardt,2298 Progress Way,DAIRYLAND,MN,54830,Craig.J.Eberhardt@mailinator.com,320-242-5390
William,Roy,423 Pinnickinick Street,Olympia,WA,98501,William.D.Roy@dodgit.com,360-753-9954
Elizabeth,Miller,4620 Harley Brook Lane,Johnstown,PA,15904,Elizabeth.P.Miller@trashymail.com,814-571-6899
Ronald,Hennessey,2154 Allison Avenue,Newport News,VA,23607,Ronald.M.Hennessey@dodgit.com,757-575-5667
Samantha,Rogers,1015 Hott Street,Oklahoma City,OK,73109,Samantha.M.Rogers@trashymail.com,405-625-2657
Billy,Johnson,2145 Brownton Road,Jackson,MS,39201,Billy.R.Johnson@trashymail.com,662-418-9987
Molly,Phillips,3443 Coolidge Street,Columbia Falls,MT,59912,Molly.M.Phillips@dodgit.com,406-892-0122
Ken,Hayes,450 University Hill Road,CHAMPAIGN,IL,61820,Ken.R.Hayes@spambob.com,217-591-8072
Robin,Atwood,662 Barrington Court,HELENA,AR,72390,Robin.D.Atwood@dodgit.com,870-572-1878
Mary,Griffith,49 Flinderation Road,Homewood,IL,60430,Mary.Z.Griffith@mailinator.com,708-335-1847
Tammy,Rader,2687 Flinderation Road,Schaumburg,IL,60173,Tammy.T.Rader@spambob.com,708-306-9147
Lyndsey,Swoope,825 Burwell Heights Road,Beaumont,TX,77701,Lyndsey.W.Swoope@pookmail.com,409-654-2352
Jason,Scott,1207 Hilltop Drive,Amarillo,TX,79109,Jason.S.Scott@spambob.com,806-351-7603
James,Connell,1594 Frosty Lane,NEWFIELD,NY,14867,James.M.Connell@mailinator.com,607-564-4942
Scott,Trent,1942 Eagle Street,Centralia,IL,62801,Scott.C.Trent@mailinator.com,618-339-6654
Samuel,Flowers,2566 Freed Drive,Stockton,CA,95202,Samuel.K.Flowers@dodgit.com,209-648-4314
Tawanna,King,74 Patterson Fork Road,Chicago,IL,60616,Tawanna.B.King@spambob.com,312-567-7300
Oma,Newell,3319 Chipmunk Lane,WARREN,ME,04864,Oma.J.Newell@mailinator.com,207-273-4271
Gary,Gaddis,147 Red Dog Road,Charlotte,NC,28208,Gary.A.Gaddis@dodgit.com,704-299-5050
Theola,Allen,1156 Sherman Street,Everest,KS,66424,Theola.E.Allen@trashymail.com,785-988-2372
Elmer,Parrish,249 Woodland Terrace,SACRAMENTO,CA,95814,Elmer.P.Parrish@spambob.com,916-947-6289
Betty,Brandon,4755 Don Jackson Lane,Detroit,MI,48219,Betty.E.Brandon@dodgit.com,810-253-2598
Harvey,Baker,2110 Hart Country Lane,West Point,GA,31833,Harvey.C.Baker@pookmail.com,706-643-0154
Richard,Carpenter,1205 Monroe Street,Houston,TX,77002,Richard.I.Carpenter@pookmail.com,713-374-5158
Tiffiny,Buss,2285 Fannie Street,Bryan,TX,77803,Tiffiny.E.Buss@pookmail.com,979-209-5767
Patricia,Thompson,2878 Cliffside Drive,Binghamton,NY,13901,Patricia.D.Thompson@mailinator.com,607-321-9981
Nicole,White,3006 Poling Farm Road,CRAIG,NE,68019,Nicole.R.White@spambob.com,402-377-6464
Curtis,Sharp,2554 Hewes Avenue,Baltimore,MD,21201,Curtis.D.Sharp@dodgit.com,443-661-5652
Amy,Joe,3132 Keyser Ridge Road,Madison,NC,27025,Amy.P.Joe@pookmail.com,336-445-5327
Dorotha,Vazquez,1217 Cherry Ridge Drive,OAKFIELD,NY,14125,Dorotha.J.Vazquez@pookmail.com,585-948-7362
Jeanette,Leonard,252 Columbia Mine Road,Charleston,WV,25301,Jeanette.A.Leonard@pookmail.com,304-499-3054
Albert,Crawford,208 Lauren Drive,Fountain City,WI,54629,Albert.S.Crawford@trashymail.com,608-468-5704
Linda,Hudson,1522 Rose Avenue,Metairie,LA,70001,Linda.C.Hudson@spambob.com,504-329-7077
Jessie,Rhoades,1773 Pinchelone Street,Virginia Beach,VA,23464,Jessie.A.Rhoades@pookmail.com,757-307-6972
Shirley,Perry,1911 Turkey Pen Road,New York,NY,10038,Shirley.A.Perry@dodgit.com,917-263-7808
Rick,Pinedo,304 Lyndon Street,Ardmore,PA,19003,Rick.C.Pinedo@pookmail.com,610-658-0039
Sheldon,Vincent,2472 Beeghley Street,EASTLAND,TX,76448,Sheldon.J.Vincent@pookmail.com,254-998-8341
Carole,Cervantes,1285 Norma Avenue,Dayton,OH,45402,Carole.D.Cervantes@trashymail.com,937-222-3549
Kerry,Jones,4025 Leisure Lane,San Luis Obispo,CA,93401,Kerry.O.Jones@mailinator.com,805-580-7158
Edwin,Fulks,3412 Platinum Drive,Pittsburgh,PA,15222,Edwin.B.Fulks@pookmail.com,724-805-8273
Stephen,Duff,1876 Tanglewood Road,Jackson,MS,39201,Stephen.F.Duff@trashymail.com,662-801-2714
Ryan,Olive,2316 Blane Street,Saint Louis,MO,63101,Ryan.B.Olive@pookmail.com,314-617-4937
Nancy,Huston,4096 Arrowood Drive,Jacksonville,FL,32216,Nancy.R.Huston@pookmail.com,904-473-2169
Corey,Tremblay,709 Green Acres Road,Rocky Mount,NC,27801,Corey.J.Tremblay@pookmail.com,252-373-6779
Esperanza,Clark,3936 Forest Drive,Mclean,VA,22101,Esperanza.B.Clark@mailinator.com,703-902-8557
Thomas,Kleiman,4940 Rainbow Road,Anaheim,CA,92801,Thomas.F.Kleiman@trashymail.com,626-257-0934
Amy,Turgeon,3877 Sycamore Road,Eugene,OR,97401,Amy.F.Turgeon@spambob.com,541-393-2059
Jennifer,Collins,4170 Jones Avenue,Greensboro,NC,27406,Jennifer.D.Collins@dodgit.com,336-708-5894
Patrick,Lindsay,3229 Radio Park Drive,Columbus,GA,31903,Patrick.M.Lindsay@spambob.com,706-683-5353
Micheal,Moultrie,619 Coleman Avenue,San Marcos,CA,92069,Micheal.W.Moultrie@trashymail.com,760-734-9054
Deborah,Dolan,1196 Waterview Lane,LAS CRUCES,NM,88001,Deborah.A.Dolan@spambob.com,505-522-5459
Donald,Adam,143 Daylene Drive,Ann Arbor,MI,48104,Donald.D.Adam@mailinator.com,734-623-2375
Damon,Walker,2060 Rose Street,MIDDLETOWN,CA,95461,Damon.P.Walker@trashymail.com,707-987-5517
Stanley,Wade,4467 Adams Avenue,Frederick,MD,21701,Stanley.S.Wade@trashymail.com,301-624-8538
Estelle,Mathews,835 Jacobs Street,Pittsburgh,PA,15222,Estelle.A.Mathews@trashymail.com,412-280-5638
Robert,Douglas,4445 Capitol Avenue,New Castle,IN,47362,Robert.D.Douglas@pookmail.com,765-527-1023
Mary,Bridges,2846 Camden Street,Reno,NV,89501,Mary.J.Bridges@trashymail.com,775-313-1464
Michael,Dotson,448 Maloy Court,WETMORE,KS,66550,Michael.C.Dotson@trashymail.com,785-362-0644
Steven,Cuneo,238 Bombardier Way,SOUTHFIELD,MI,48075,Steven.D.Cuneo@mailinator.com,734-879-0625
Donovan,Febus,5 Benson Park Drive,PAOLI,OK,73074,Donovan.T.Febus@trashymail.com,405-484-8527
George,Milligan,994 Brighton Circle Road,Little Falls,MN,56345,George.T.Milligan@mailinator.com,320-632-9729
Marcia,Pulido,1148 New Creek Road,ANNISTON,AL,36203,Marcia.M.Pulido@pookmail.com,256-832-4261
Beulah,Meurer,579 Roosevelt Street,Oakland,CA,94612,Beulah.C.Meurer@spambob.com,415-358-5537
Harold,Jones,249 Poco Mas Drive,Dallas,TX,75247,Harold.T.Jones@trashymail.com,214-450-8481
Mary,Dillow,1553 Elmwood Avenue,Philadelphia,PA,19106,Mary.S.Dillow@trashymail.com,484-203-0558
Joe,Hairston,428 Indiana Avenue,Honolulu,HI,96814,Joe.B.Hairston@dodgit.com,808-580-6877
Amanda,Hall,3070 Hampton Meadows,CONCORD,MA,01742,Amanda.J.Hall@mailinator.com,978-369-8852
Kimberly,Billups,4873 Farm Meadow Drive,Phoenix,AZ,85034,Kimberly.D.Billups@dodgit.com,928-863-4059
Ronald,Harding,2859 Summit Street,Davenport,IA,52806,Ronald.C.Harding@trashymail.com,563-386-2849
Kate,Lechuga,1933 Zimmerman Lane,Los Angeles,CA,90071,Kate.M.Lechuga@dodgit.com,213-496-6254
Carole,Segura,758 Thrash Trail,Jacksonville,TX,75766,Carole.J.Segura@spambob.com,903-586-0202
Raul,Young,4431 Summit Street,CEDAR RAPIDS,IA,52486,Raul.M.Young@spambob.com,563-419-3983
William,Ladue,87 Biddie Lane,Richmond,VA,23219,William.L.Ladue@trashymail.com,804-597-3493
Gwendolyn,Morales,1980 Spruce Drive,Pittsburgh,PA,15222,Gwendolyn.B.Morales@trashymail.com,724-937-9439
Randell,Harris,2936 Simpson Square,Lawton,OK,73501,Randell.J.Harris@mailinator.com,580-595-9853
Jacquelyne,Cawley,4113 Friendship Lane,Sunnyvale,CA,94086,Jacquelyne.A.Cawley@pookmail.com,408-584-5901
Hannah,Young,4084 Arbutus Drive,Miami,FL,33169,Hannah.C.Young@pookmail.com,305-923-7172
Scott,Morrison,3562 Hazelwood Avenue,Algona,IA,50511,Scott.M.Morrison@spambob.com,515-395-2136
Dora,Baptiste,4887 Park Street,Santa Rosa,CA,95407,Dora.T.Baptiste@spambob.com,925-457-3978
John,Tate,915 Lake Road,Pleasantville,NJ,08232,John.C.Tate@spambob.com,609-287-4216
Betty,Randolph,2865 Forest Drive,Herndon,VA,20170,Betty.B.Randolph@mailinator.com,703-833-7898
Elizabeth,Kuykendall,2342 Villa Drive,SOUTH BEND,IN,46625,Elizabeth.A.Kuykendall@mailinator.com,574-306-6399
Clarence,Hufford,1319 Marshville Road,PURDYS,NY,10578,Clarence.H.Hufford@dodgit.com,845-669-8871
Kyle,Abbott,2191 Longview Avenue,Whitestone,NY,11357,Kyle.N.Abbott@spambob.com,718-594-0361
Carl,Larkin,3446 Hillview Street,Columbia,SC,29201,Carl.J.Larkin@pookmail.com,803-779-4593
Jason,Warren,3459 Par Drive,City Of Commerce,CA,90040,Jason.A.Warren@trashymail.com,805-798-2792
Angel,Hardin,4206 Willison Street,MINNEAPOLIS,MN,55401,Angel.R.Hardin@mailinator.com,763-354-1139
Teresa,Little,787 Pearl Street,Sacramento,CA,95826,Teresa.C.Little@trashymail.com,916-284-6617
Laura,Bolton,528 Perry Street,Burton,MI,48519,Laura.G.Bolton@pookmail.com,810-743-3403
Megan,Nagle,3670 Rivendell Drive,Strasburg,OH,44680,Megan.R.Nagle@mailinator.com,330-878-8554
Adriane,Catron,1011 Limer Street,Augusta,GA,30901,Adriane.H.Catron@pookmail.com,706-449-2262
Angela,Krell,4562 Williams Avenue,LAKE LOS ANGELES,CA,93550,Angela.N.Krell@spambob.com,661-264-1719
Angela,Naylor,2723 Breezewood Court,Olpe,KS,66865,Angela.J.Naylor@dodgit.com,620-475-2273
Katrina,Jenkins,1159 Lucky Duck Drive,GIBSONIA,PA,15044,Katrina.R.Jenkins@spambob.com,412-924-6946
Gerard,Clement,2342 Stoney Lane,Irving,TX,75039,Gerard.L.Clement@dodgit.com,972-956-5695
Buster,Harvell,1182 Lost Creek Road,Philadelphia,PA,19103,Buster.C.Harvell@trashymail.com,610-946-2717
Bertha,Leone,3266 Valley Lane,Austin,TX,78749,Bertha.M.Leone@pookmail.com,512-658-2764
Blake,Lundberg,2609 Allison Avenue,Chesapeake,VA,23322,Blake.E.Lundberg@spambob.com,757-546-4409
Regina,Wehrle,1041 Scheuvront Drive,Denver,CO,80265,Regina.A.Wehrle@mailinator.com,303-476-6717
Carla,Jackson,4359 Pinewood Avenue,KINROSS,MI,49752,Carla.B.Jackson@trashymail.com,906-495-8815
Kimberly,Moore,4697 Hood Avenue,San Diego,CA,92111,Kimberly.T.Moore@spambob.com,858-753-7276
Paul,Perkins,1078 Rhode Island Avenue,Washington,DC,20007,Paul.N.Perkins@trashymail.com,202-389-4929
Marjorie,Gorman,3610 Lady Bug Drive,Colorado Springs,CO,80907,Marjorie.T.Gorman@spambob.com,719-210-0315
George,Smith,871 State Street,Saint Louis,MO,63141,George.B.Smith@mailinator.com,314-214-8398
Philip,Dewitt,2209 Harvest Lane,Lamoni,MO,50140,Philip.D.Dewitt@mailinator.com,660-878-1177
Vincent,Cearley,253 Lauren Drive,LOGANVILLE,WI,53943,Vincent.K.Cearley@trashymail.com,608-360-8551
Lee,Webster,942 Coulter Lane,Richmond,VA,23224,Lee.S.Webster@mailinator.com,804-233-5178
Olive,Russell,4748 Lake Forest Drive,New York,NY,10004,Olive.M.Russell@spambob.com,914-209-3443
Kathleen,Magill,1985 Hickman Street,Chicago,IL,60606,Kathleen.J.Magill@pookmail.com,630-490-1913
George,Stephens,4358 Barrington Court,HELENA,AR,72390,George.B.Stephens@trashymail.com,870-572-4068
Melissa,Leonard,1087 Pickens Way,TEXARKANA,TX,75501,Melissa.K.Leonard@trashymail.com,903-351-8942
Tracy,Johnson,4246 Denver Avenue,Los Angeles,CA,90017,Tracy.A.Johnson@mailinator.com,951-327-3470
Joseph,Faucett,1122 Walnut Avenue,BURLEY,ID,83318,Joseph.L.Faucett@trashymail.com,208-808-7414
Laura,Rios,1256 Scenicview Drive,Farmers Branch,TX,75244,Laura.R.Rios@pookmail.com,430-255-7483
Kassandra,Thompson,3152 Hillside Street,Phoenix,AZ,85012,Kassandra.J.Thompson@mailinator.com,480-475-2377
Leonard,Hardy,4838 Forest Avenue,New York,NY,10013,Leonard.C.Hardy@spambob.com,646-752-3442
Margaret,Hicks,119 Watson Lane,Greenville,NC,29607,Margaret.L.Hicks@pookmail.com,828-817-1163
Armando,Bernal,2439 Fowler Avenue,POWDER SPRINGS,GA,30373,Armando.C.Bernal@spambob.com,770-222-7587
Charlotte,Andrews,2152 Round Table Drive,Cincinnati,OH,45202,Charlotte.E.Andrews@trashymail.com,513-763-1178
Retha,Edwin,1101 Tennessee Avenue,Pontiac,MI,48342,Retha.M.Edwin@mailinator.com,248-339-2198
Kim,Stevenson,1748 Garfield Road,Davenport,IL,52801,Kim.J.Stevenson@trashymail.com,309-716-6211
Melba,Cameron,2232 Maple Court,Columbia,MO,65201,Melba.N.Cameron@dodgit.com,573-449-5860
Florinda,Connery,4416 Main Street,Tukwila,WA,98168,Florinda.L.Connery@trashymail.com,425-648-3829
Robert,Rodriguez,632 Rainbow Road,El Monte,CA,91731,Robert.A.Rodriguez@dodgit.com,626-279-6020
Frances,Brown,3944 Lynn Avenue,Appleton,WI,54913,Frances.M.Brown@dodgit.com,715-493-9801
Claude,Baker,2900 Don Jackson Lane,Honolulu,HI,96826,Claude.E.Baker@trashymail.com,808-948-2845
Elsie,Bivona,1097 Goldie Lane,Cincinnati,OH,45203,Elsie.P.Bivona@pookmail.com,513-436-7808
Nancy,Sealy,3593 Illinois Avenue,Portland,OR,97205,Nancy.J.Sealy@dodgit.com,503-710-3448
Samuel,Keeler,4864 Valley Drive,NORRISTOWN,PA,19403,Samuel.K.Keeler@pookmail.com,267-331-8835
Marcia,Ferguson,860 Paul Wayne Haggerty Road,Kenner,LA,70065,Marcia.F.Ferguson@spambob.com,504-469-9553
Brenda,Schulz,356 Jones Avenue,Winston Salem,NC,27101,Brenda.B.Schulz@mailinator.com,336-745-0340
Rebecca,Keeler,767 Fannie Street,HOUSTON,TX,77027,Rebecca.J.Keeler@dodgit.com,979-250-1735
Lisa,Lyons,652 Petunia Way,Birmingham,AL,35209,Lisa.C.Lyons@dodgit.com,205-775-7751
Donald,Parker,1237 Twin House Lane,BRANSON,MO,65616,Donald.J.Parker@trashymail.com,417-464-3377
Karl,Phelan,593 Stiles Street,Bridgeville,PA,15017,Karl.M.Phelan@mailinator.com,412-549-1833
Scott,Brewer,681 Austin Secret Lane,GUNNISON,UT,84634,Scott.P.Brewer@spambob.com,435-528-0505
Carrie,Gaddis,1839 Parrill Court,Portage,IN,46368,Carrie.J.Gaddis@trashymail.com,219-405-5452
Susan,Chaney,1973 Bobcat Drive,Washington,MD,20005,Susan.J.Chaney@pookmail.com,240-812-5289
Jack,Williams,1683 Pratt Avenue,Portland,WA,97205,Jack.S.Williams@spambob.com,360-846-5129
Trevor,Irving,254 American Drive,Tallahassee,FL,32312,Trevor.C.Irving@trashymail.com,850-893-2833
Kevin,Cunningham,1952 Morris Street,San Antonio,TX,78218,Kevin.D.Cunningham@trashymail.com,830-268-6447
Leon,Mccaskill,655 Rosemont Avenue,Melbourne,FL,32935,Leon.M.Mccaskill@trashymail.com,321-752-5392
Lorraine,Chacon,1551 Kovar Road,GREENDALE,MA,01606,Lorraine.L.Chacon@spambob.com,508-595-7155
Irene,Rimmer,610 Locust Court,Santa Fe Springs,CA,90670,Irene.R.Rimmer@dodgit.com,562-441-6596
Mary,Tabor,3272 Godfrey Street,Portland,OR,97229,Mary.L.Tabor@mailinator.com,503-645-3742
Harold,Connor,1123 Science Center Drive,Fruitland,ID,83619,Harold.V.Connor@pookmail.com,208-570-7800
Eric,Wiley,1891 Rosewood Court,Westbrook,MN,56183,Eric.M.Wiley@pookmail.com,507-274-3701
Rose,Savage,403 Henery Street,Wichita,KS,67202,Rose.J.Savage@spambob.com,316-833-1307
Denise,Allen,2282 Scenic Way,FAIRMOUNT,IL,61841,Denise.R.Allen@pookmail.com,217-733-3284
James,Moore,2540 Illinois Avenue,WILSONVILLE,OR,97070,James.M.Moore@mailinator.com,503-682-0315
Amy,Dawson,1539 McDonald Avenue,Orlando,FL,32803,Amy.E.Dawson@dodgit.com,407-882-6429
Joe,Martino,3785 Plainfield Avenue,Utica,NY,13502,Joe.R.Martino@mailinator.com,315-602-4564
Manuel,Kay,376 Lakeland Park Drive,Norcross,GA,30071,Manuel.E.Kay@spambob.com,770-582-3236
Laura,Brown,4751 Hillcrest Avenue,HANOVER,MA,02339,Laura.E.Brown@pookmail.com,781-829-9000
Sarah,Saver,4122 Hide A Way Road,SAN JOSE,CA,95136,Sarah.G.Saver@trashymail.com,408-229-9583
Elizabeth,Thibodaux,2251 Lonely Oak Drive,MOBILE,AL,36582,Elizabeth.C.Thibodaux@trashymail.com,251-654-1661
Celina,Youngblood,4607 Doe Meadow Drive,Greenbelt,MD,20770,Celina.M.Youngblood@pookmail.com,301-538-7971
Melvin,Smith,4685 Davis Place,Toledo,OH,43604,Melvin.I.Smith@mailinator.com,419-246-6536
Kathy,Richardson,1130 Hickman Street,Oak Brook,IL,60523,Kathy.J.Richardson@spambob.com,630-441-3218
Bruce,Miranda,4511 Burnside Avenue,CASTLE DALE,UT,84513,Bruce.E.Miranda@dodgit.com,435-749-3932
Jeffery,Mcghee,3459 Richland Avenue,Spring,TX,77386,Jeffery.L.Mcghee@mailinator.com,281-292-2758
Anthony,Smith,2468 Cemetery Street,Salinas,CA,93901,Anthony.C.Smith@trashymail.com,831-769-8129
William,Pucci,1849 Timber Oak Drive,GOLETA,CA,93117,William.C.Pucci@dodgit.com,805-967-3364
Lupita,Mclaren,1468 High Meadow Lane,Deposit,PA,13754,Lupita.E.Mclaren@dodgit.com,570-461-2245
Mary,Holmes,2170 Cottonwood Lane,Nashville,TN,37207,Mary.W.Holmes@spambob.com,615-974-3771
Raymond,Cannon,2293 Raintree Boulevard,Brooklyn Center,MN,55430,Raymond.A.Cannon@mailinator.com,763-951-7218
Karen,Smith,124 Westfall Avenue,Rochester,MN,55904,Karen.S.Smith@pookmail.com,507-206-6164
Gregory,Wirtz,1508 Cunningham Court,Southfield,MI,48075,Gregory.E.Wirtz@dodgit.com,248-633-6436
William,Crim,4335 Small Street,New York,NY,10016,William.D.Crim@trashymail.com,212-818-9957
Harriet,Chairez,2905 Ocala Street,Orlando,FL,32805,Harriet.V.Chairez@mailinator.com,407-409-1095
Ronald,Thompson,2922 Mulberry Avenue,Little Rock,AR,72210,Ronald.K.Thompson@dodgit.com,501-425-0867
Debbie,Stanley,1097 Cooks Mine Road,ESPANOLA,NM,87532,Debbie.C.Stanley@dodgit.com,505-747-9728
Mary,Garvey,192 Saint Clair Street,JACKSON,MS,39213,Mary.S.Garvey@mailinator.com,662-610-5607
Janet,Simpson,2484 Loving Acres Road,OVERLANDPK,MO,66210,Janet.L.Simpson@dodgit.com,816-916-5341
Kristen,James,3814 Spring Haven Trail,PATERSON,NJ,07501,Kristen.M.James@pookmail.com,973-684-1733
Brooke,Reich,2426 Overlook Drive,Indianapolis,IN,46204,Brooke.L.Reich@trashymail.com,765-372-1949
Rodney,Taylor,3592 Snyder Avenue,CHARLOTTE,NC,28263,Rodney.P.Taylor@pookmail.com,704-661-1475
Earle,Almeida,276 Duff Avenue,BRATTLEBORO,VT,05301,Earle.E.Almeida@spambob.com,802-402-1316
Mary,Padgett,4925 Holden Street,Carlsbad,CA,92009,Mary.R.Padgett@pookmail.com,619-248-8390
Johnnie,Alvarado,1150 Stout Street,York,PA,17401,Johnnie.J.Alvarado@mailinator.com,717-347-4311
Hollis,Smith,491 Lightning Point Drive,Memphis,TN,38117,Hollis.J.Smith@dodgit.com,901-414-2393
Ana,Burcham,1322 Arthur Avenue,Kankakee,IL,60901,Ana.J.Burcham@trashymail.com,815-802-0772
Donald,Hoffman,4117 Echo Lane,Grand Rapids,MI,49503,Donald.H.Hoffman@dodgit.com,269-759-1566
Craig,Taylor,3057 Parker Drive,Warrensville Heights,OH,44128,Craig.L.Taylor@trashymail.com,216-648-5369
Margaret,Mcallister,4032 Hardman Road,South Burlington,VT,05403,Margaret.J.Mcallister@mailinator.com,802-738-1050
George,Barham,4595 Sycamore Street,San Jose,CA,95113,George.E.Barham@pookmail.com,408-885-5417
Charles,Berkley,3789 Carriage Lane,Sunbury,PA,17801,Charles.S.Berkley@pookmail.com,570-286-6305
Michael,Erwin,4587 Stoneybrook Road,Orlando,FL,32801,Michael.R.Erwin@mailinator.com,321-574-6411
Miriam,Brown,178 Grove Street,Long Island City,NY,11101,Miriam.W.Brown@spambob.com,631-794-6922
Wilhelmina,Land,155 Court Street,MARYLAND HEIGHTS,MO,63141,Wilhelmina.W.Land@dodgit.com,636-794-4670
Carlos,Stanley,1675 August Lane,Shreveport,LA,71107,Carlos.S.Stanley@pookmail.com,318-409-1798
William,Mccoy,4840 Concord Street,Matthews,NC,28105,William.A.Mccoy@dodgit.com,704-534-0612
George,Barnes,1746 Hidden Valley Road,Lancaster,PA,17602,George.L.Barnes@dodgit.com,717-295-6418
Maria,Howton,4866 Big Indian,METAIRIE,LA,70007,Maria.R.Howton@pookmail.com,504-648-4036
Miguel,Hamilton,1586 Hewes Avenue,Baltimore,MD,21202,Miguel.H.Hamilton@pookmail.com,443-606-7535
Mauricio,Macon,1998 Snowbird Lane,Omaha,NE,68114,Mauricio.K.Macon@mailinator.com,402-676-5291
Bradley,Worley,4848 Del Dew Drive,Washington,MD,20024,Bradley.S.Worley@mailinator.com,301-832-0545
Andrea,Lawrence,1570 Ashmor Drive,Moorhead,MN,56560,Andrea.J.Lawrence@dodgit.com,218-304-1331
David,Collins,1551 Ritter Street,Fort Payne,AL,35967,David.J.Collins@dodgit.com,256-304-0924
Ethel,Coleman,1041 Jadewood Drive,Gary,IN,46408,Ethel.A.Coleman@dodgit.com,219-980-8215
Susan,Darby,2168 Hartland Avenue,Green Bay,WI,54303,Susan.C.Darby@trashymail.com,920-272-7840
Robert,Thompson,3911 Blue Spruce Lane,Dundalk,MD,21222,Robert.D.Thompson@dodgit.com,410-285-0888
Edward,Lozano,1732 Village View Drive,Savage,MD,20763,Edward.E.Lozano@pookmail.com,240-234-2367
William,Duarte,4196 Parker Drive,Warrensville Heights,OH,44128,William.V.Duarte@mailinator.com,216-598-5169
Frank,Mueller,3793 Calvin Street,Baltimore,MD,21202,Frank.C.Mueller@mailinator.com,443-338-1378
Dennis,Crews,356 Valley Lane,Austin,TX,78701,Dennis.B.Crews@pookmail.com,512-641-7894
William,Henry,2658 Barnes Street,Orlando,FL,32808,William.S.Henry@dodgit.com,407-294-7277
Keith,Morgan,3488 Kelly Drive,Charleston,WV,25301,Keith.G.Morgan@spambob.com,304-929-1091
Ozella,Childs,4048 Clark Street,New York,NY,10013,Ozella.C.Childs@dodgit.com,631-240-7171
Melissa,Sapp,2778 Carriage Lane,LEWISBURG,PA,17837,Melissa.R.Sapp@pookmail.com,570-292-6940
Granville,Wilson,4691 Illinois Avenue,Portland,OR,97205,Granville.R.Wilson@spambob.com,503-765-0999
Edmund,Morrow,240 Rosewood Lane,MANHATTAN,NY,10016,Edmund.S.Morrow@trashymail.com,212-951-3746
Willis,Hadley,1517 Michael Street,Houston,TX,77063,Willis.M.Hadley@pookmail.com,713-828-4156
Roy,Rodriguez,3048 Custer Street,Oak Brook,IL,60523,Roy.K.Rodriguez@mailinator.com,815-207-2793
Doris,Ruyle,2799 Brown Street,Tempe,AZ,85282,Doris.C.Ruyle@dodgit.com,928-225-0120
Thomas,Gandara,1503 Ashton Lane,BASTROP,TX,78602,Thomas.D.Gandara@spambob.com,512-581-8698
Olivia,Groce,601 Turkey Pen Lane,FORT DAVIS,AL,36089,Olivia.M.Groce@pookmail.com,334-485-7552
William,Montgomery,25 Lake Floyd Circle,Gaithersburg,MD,20877,William.K.Montgomery@pookmail.com,301-947-8711
Farrah,Garrick,4388 Diamond Cove,ASHTON,RI,02864,Farrah.N.Garrick@pookmail.com,401-334-0233
Ryan,Moss,4349 Kenwood Place,Hialeah,FL,33012,Ryan.C.Moss@trashymail.com,954-546-4853
Mark,Saad,3558 Travis Street,MIAMI,FL,33169,Mark.J.Saad@pookmail.com,772-940-8545
Gordon,Lingenfelter,4698 Custer Street,MARIENVILLE,PA,16239,Gordon.N.Lingenfelter@spambob.com,814-927-8776
Clyde,Truong,4016 Goldie Lane,Cincinnati,OH,45203,Clyde.M.Truong@trashymail.com,513-434-1182
Edna,Velasquez,3326 Goldleaf Lane,Secaucus,NJ,07094,Edna.G.Velasquez@trashymail.com,201-622-4692
Diane,Jacob,2006 Havanna Street,SHOALS,NC,27030,Diane.D.Jacob@spambob.com,336-326-3907
Andrew,Howse,2125 Southside Lane,Santa Fe Springs,CA,90670,Andrew.L.Howse@trashymail.com,323-691-3347
Robert,Nordberg,2859 Hillcrest Drive,Tacoma,WA,98408,Robert.N.Nordberg@mailinator.com,253-405-5812
Heather,Grant,1576 Giraffe Hill Drive,FRISCO,TX,75034,Heather.A.Grant@trashymail.com,972-334-8109
Jackie,Withers,2761 Turkey Pen Lane,Troy,AL,36081,Jackie.W.Withers@mailinator.com,334-566-1090
Douglas,Anderson,2435 Eastland Avenue,Natchez,MS,39120,Douglas.E.Anderson@mailinator.com,601-446-2828
Eileen,Solem,3502 Barfield Lane,Indianapolis,IN,46250,Eileen.F.Solem@dodgit.com,317-570-4858
Tyler,Salazar,2598 Duke Lane,WHITING,NJ,08759,Tyler.H.Salazar@mailinator.com,732-716-8538
Steven,Hammett,4272 Progress Way,Saint Cloud,MN,56303,Steven.L.Hammett@dodgit.com,320-251-0942
Deborah,Esparza,807 Swick Hill Street,NEW ORLEANS,LA,70171,Deborah.F.Esparza@mailinator.com,985-220-1686
Roy,Walters,967 Stark Hollow Road,LAKE CITY,CO,81235,Roy.R.Walters@dodgit.com,970-944-6747
Pamela,Cosby,246 Maple Avenue,Boise,ID,83704,Pamela.J.Cosby@spambob.com,208-955-7045
Mindy,Miller,801 Lynch Street,Fond Du Lac,WI,54935,Mindy.H.Miller@spambob.com,920-924-8031
Robin,Mclaughlin,2255 Rodney Street,POND,MO,63040,Robin.G.Mclaughlin@dodgit.com,636-405-1324
Joy,Jeter,1903 Kovar Road,WESTBORO,MA,01581,Joy.E.Jeter@mailinator.com,508-616-6697
Antonio,Loos,1155 Holly Street,Athens,GA,30601,Antonio.M.Loos@trashymail.com,706-263-4910
Edna,Ellman,2758 Smith Road,SNELLVILLE,GA,30278,Edna.S.Ellman@mailinator.com,770-985-5890
Laura,Senters,177 Stockert Hollow Road,Bellevue,WA,98007,Laura.P.Senters@spambob.com,425-865-6668
Margaret,Jacobs,175 Horizon Circle,Tacoma,WA,98499,Margaret.J.Jacobs@pookmail.com,253-583-7734
Mary,Cruz,1976 Musgrave Street,Atlanta,GA,30303,Mary.G.Cruz@pookmail.com,404-961-7433
Rosa,Cummings,4105 Holly Street,Rome,GA,30161,Rosa.D.Cummings@spambob.com,706-233-4387
Lori,Hoy,4611 Waldeck Street,Fort Worth,TX,76102,Lori.W.Hoy@trashymail.com,817-415-0801
Shaun,Pope,3820 Traction Street,Spartanburg,SC,29302,Shaun.J.Pope@spambob.com,864-583-8978
Stephanie,Loftis,3197 Elsie Drive,Aberdeen,SD,57401,Stephanie.M.Loftis@mailinator.com,605-226-6272
Krystle,Manning,4953 Mcwhorter Road,TISHOMINGO,MS,38873,Krystle.R.Manning@trashymail.com,662-438-6150
Eric,Manno,4031 Whispering Pines Circle,Plano,TX,75074,Eric.K.Manno@mailinator.com,972-423-3643
Maria,Belin,2116 Adonais Way,Atlanta,GA,30310,Maria.L.Belin@dodgit.com,678-447-8610
Donna,Beck,4202 Adams Avenue,Washington,MD,20005,Donna.E.Beck@trashymail.com,301-677-2256
Jason,Sok,1843 Hillside Drive,WEST ROXBURY,MA,02132,Jason.S.Sok@dodgit.com,339-226-4988
Richard,Creekmore,3943 Memory Lane,Kankakee,IL,60901,Richard.C.Creekmore@dodgit.com,815-936-2290
Eric,Johnson,3290 Bond Street,PROVIDENCE,RI,02905,Eric.M.Johnson@pookmail.com,401-751-4827
Antoine,Smith,4927 Biddie Lane,HOPEWELL,VA,23860,Antoine.S.Smith@spambob.com,804-541-0587
Joshua,Peoples,1157 Oral Lake Road,Wayzata,MN,55391,Joshua.H.Peoples@dodgit.com,952-404-9969
Margaret,Benedict,3778 Cantebury Drive,New York,NY,10013,Margaret.T.Benedict@dodgit.com,646-552-3320
Walter,Moore,3356 Woodland Terrace,Rancho Cordova,CA,95742,Walter.M.Moore@trashymail.com,916-932-1515
Jean,Mullins,1060 Mount Tabor,West Nyack,NY,10994,Jean.B.Mullins@trashymail.com,914-552-4565
Francine,Wright,2940 Zappia Drive,Lexington,KY,40507,Francine.A.Wright@mailinator.com,859-378-7175
Randall,Richardson,3615 Dovetail Estates,SOCALDWELL,OK,67022,Randall.D.Richardson@pookmail.com,580-894-3136
Jamie,Huizar,2095 Better Street,KANSAS CITY,KS,66210,Jamie.F.Huizar@trashymail.com,913-208-4354
Tony,Rios,3596 Tyler Avenue,MIAMI,FL,33142,Tony.M.Rios@dodgit.com,305-325-4605
Brian,Gula,4654 Poplar Lane,Miramar,FL,33025,Brian.R.Gula@dodgit.com,305-490-8763
Patricia,Daniels,4781 Pinewood Drive,Arlington Heights,IL,60004,Patricia.C.Daniels@dodgit.com,847-863-9646
Tamika,Gilbert,4266 Flint Street,NORCROSS,GA,30091,Tamika.D.Gilbert@pookmail.com,678-234-9194
Rickey,Hughes,1255 Elmwood Avenue,MESA,AZ,85225,Rickey.N.Hughes@spambob.com,480-892-3330
Robert,Trevino,557 Twin House Lane,Springfield,MO,65802,Robert.M.Trevino@dodgit.com,417-521-7458
Thad,Wong,4408 Monroe Street,Houston,TX,77026,Thad.T.Wong@dodgit.com,713-396-9837
Linn,Werner,2605 Zappia Drive,KIRKSVILLE,KY,40443,Linn.R.Werner@dodgit.com,859-328-4628
Rickey,Cline,2386 Sugarfoot Lane,Lafayette,IN,47901,Rickey.R.Cline@pookmail.com,765-476-1731
April,Schaeffer,4470 Wilkinson Court,Fort Myers,FL,33901,April.K.Schaeffer@mailinator.com,239-677-2317
Yvonne,Reynolds,1478 Geraldine Lane,Long Island City,NY,11101,Yvonne.T.Reynolds@trashymail.com,646-365-6062
Juan,Motter,2679 Michael Street,Houston,TX,77002,Juan.A.Motter@mailinator.com,713-757-3613
Harold,Stewart,3208 Mesa Drive,PIOCHE,NV,89043,Harold.G.Stewart@spambob.com,702-422-0341
Donna,Gaiser,832 Tibbs Avenue,ARLEE,MT,59821,Donna.E.Gaiser@trashymail.com,406-726-6464
Judy,Ring,2255 Edgewood Road,Memphis,TN,38117,Judy.G.Ring@dodgit.com,901-226-7955
Susan,Herrick,3162 Formula Lane,Dallas,TX,75240,Susan.A.Herrick@trashymail.com,469-477-7375
Herman,Thomas,263 Frank Avenue,AMHERST,MA,01002,Herman.E.Thomas@dodgit.com,413-256-4961
James,Helmuth,3038 Shadowmar Drive,Kenner,LA,70062,James.H.Helmuth@spambob.com,504-782-5025
Arthur,Fee,346 Pike Street,SAN DIEGO,CA,92123,Arthur.S.Fee@pookmail.com,858-623-8477
Michael,Cohen,1243 Geneva Street,New York,NY,10016,Michael.A.Cohen@pookmail.com,917-481-7707
Karen,Allen,850 Powder House Road,West Palm Beach,FL,33410,Karen.L.Allen@pookmail.com,561-719-9744
Carl,Gomez,2552 Jim Rosa Lane,San Francisco,CA,94143,Carl.D.Gomez@trashymail.com,415-778-1575
Dwight,Jones,2522 Boggess Street,Wichita Falls,TX,76301,Dwight.I.Jones@mailinator.com,940-237-3080
Mary,Sanchez,4617 Farland Street,Elk Grove Village,IL,60007,Mary.C.Sanchez@dodgit.com,773-917-1064
Robert,Edmonds,3142 Cedar Lane,CAMBRIDGE,MA,02141,Robert.R.Edmonds@pookmail.com,617-602-2827
Robert,Turner,94 Wines Lane,Houston,TX,77002,Robert.A.Turner@trashymail.com,832-325-8344
John,Green,2994 Pinnickinick Street,Bothell,WA,98011,John.T.Green@trashymail.com,360-820-4255
John,Diaz,93 Delaware Avenue,Concord,CA,94520,John.B.Diaz@mailinator.com,415-279-3274
Heather,Guynn,3153 Wood Duck Drive,TRENARY,MI,49891,Heather.D.Guynn@dodgit.com,906-446-1402
Catherine,Tirado,483 Pretty View Lane,Cloverdale,CA,95425,Catherine.J.Tirado@spambob.com,707-894-3256
Robert,Crumpton,828 Meadow View Drive,EAST HARTFORD,CT,06118,Robert.V.Crumpton@pookmail.com,860-568-5242
Paul,Mckenna,3757 Caldwell Road,HONEOYE,NY,14471,Paul.E.Mckenna@spambob.com,585-229-1452
Cindy,Lentz,4229 Roguski Road,Monroe,LA,71201,Cindy.D.Lentz@trashymail.com,318-325-3811
Rosemary,Johnson,4431 Sherman Street,Hays,KS,67601,Rosemary.G.Johnson@pookmail.com,785-821-8227
Shirley,Fleming,4985 Rainy Day Drive,ROXBURY,MA,02119,Shirley.G.Fleming@pookmail.com,617-971-0502
Angela,Williams,1860 Saint James Drive,Harrisburg,PA,17111,Angela.J.Williams@mailinator.com,717-507-3976
Carla,Wenger,768 Devils Hill Road,Jackson,MS,39211,Carla.J.Wenger@mailinator.com,601-793-4621
Edgar,Taylor,4148 Snowbird Lane,HOMER,NE,68030,Edgar.P.Taylor@dodgit.com,402-698-6246
Stewart,Branam,3209 Chapel Street,Houston,TX,77026,Stewart.B.Branam@mailinator.com,281-602-5707
Garrett,Harvey,2049 Cherry Tree Drive,Jacksonville,FL,32216,Garrett.M.Harvey@mailinator.com,904-342-0314
Thomas,Lear,3807 Brighton Circle Road,KIMBALL,MN,55353,Thomas.G.Lear@trashymail.com,320-398-3586
Albert,Jones,4621 White Avenue,Corpus Christi,TX,78476,Albert.M.Jones@pookmail.com,361-738-0543
Marisela,Adams,4791 Hillcrest Drive,TACOMA,WA,98433,Marisela.W.Adams@mailinator.com,253-371-2973
Betty,Rice,71 Oakwood Circle,Riverside,CA,92501,Betty.E.Rice@pookmail.com,949-321-6774
Daniel,Palmer,4175 Northwest Boulevard,WASHINGTON,DC,20032,Daniel.S.Palmer@trashymail.com,202-201-1885
Casey,Cordova,4735 Calvin Street,Hanover,MD,21076,Casey.M.Cordova@spambob.com,443-413-9804
Celina,Franklin,2376 Diamond Street,Asheville,NC,28801,Celina.J.Franklin@trashymail.com,828-565-6627
Chung,Dorsey,2264 Layman Court,Roswell,GA,30075,Chung.D.Dorsey@mailinator.com,678-352-6211
Ellen,Anderson,461 Emma Street,Lubbock,TX,79401,Ellen.J.Anderson@trashymail.com,806-939-1045
Christopher,Duke,1395 Flanigan Oaks Drive,Landover,MD,20785,Christopher.H.Duke@dodgit.com,301-322-3168
Tonya,Ward,1850 C Street,NEEDHAM,MA,02192,Tonya.K.Ward@spambob.com,508-381-2876
James,Richardson,1917 Oakridge Lane,Dallas,TX,75234,James.K.Richardson@mailinator.com,469-767-7570
Ernest,Timmerman,1608 Farland Street,Chicago,IL,60607,Ernest.S.Timmerman@spambob.com,773-987-7495
Clifford,Berg,258 Moore Avenue,Irving,TX,75063,Clifford.L.Berg@trashymail.com,817-709-0347
Mildred,Ferrell,363 Bassell Avenue,STAR CITY,AR,71667,Mildred.C.Ferrell@pookmail.com,501-628-4672
Arthur,Mcconnell,630 Sunset Drive,Jonesboro,AR,72401,Arthur.M.Mcconnell@pookmail.com,870-627-6609
Pamela,Nguyen,1787 Melrose Street,PATERSON,WA,99345,Pamela.S.Nguyen@pookmail.com,509-875-2071
Rose,Robinson,2819 Poe Road,Beaufort,SC,29902,Rose.D.Robinson@dodgit.com,843-271-2142
Brian,Robinson,4236 Johnstown Road,Des Plaines,IL,60016,Brian.R.Robinson@dodgit.com,847-375-2243
Walter,Patrick,3221 Huntz Lane,S BOSTON,MA,02127,Walter.E.Patrick@pookmail.com,978-558-5997
Robert,George,3179 Circle Drive,Houston,TX,77036,Robert.B.George@mailinator.com,832-575-1667
Nannie,Mohr,4724 Parkview Drive,Irvine,CA,92614,Nannie.C.Mohr@spambob.com,714-234-5803
Terry,Cruz,4007 Morgan Street,Pensacola,FL,32501,Terry.A.Cruz@dodgit.com,850-493-0466
Glenn,Cooper,3691 Anthony Avenue,Abilene,TX,79602,Glenn.C.Cooper@pookmail.com,325-844-6947
Jeremy,Johnson,715 Griffin Street,Phoenix,AZ,85003,Jeremy.A.Johnson@pookmail.com,602-229-8346
Brandie,Schultz,2172 Peaceful Lane,Warrensville Heights,OH,44128,Brandie.H.Schultz@trashymail.com,216-399-6741
Rebeca,Brown,2282 Duffy Street,South Bend,IN,46601,Rebeca.C.Brown@dodgit.com,219-728-6959
James,Andes,1075 Late Avenue,Oklahoma City,OK,73105,James.J.Andes@mailinator.com,580-826-6860
Eric,Polanco,4059 Whitman Court,WALLINGFORD,CT,06492,Eric.G.Polanco@dodgit.com,203-589-1619
Connie,Oliva,3882 Austin Avenue,Savannah,GA,31405,Connie.R.Oliva@spambob.com,912-269-2518
Keith,Michael,1319 Ben Street,Detroit,MI,48219,Keith.S.Michael@trashymail.com,517-982-3302
Jon,Benson,2288 Tully Street,Detroit,MI,48219,Jon.G.Benson@trashymail.com,313-703-0582
Aurelio,Nelson,363 Mulberry Avenue,TURRELL,AR,72384,Aurelio.M.Nelson@pookmail.com,501-343-1607
Twanna,Fernandez,1336 Martha Street,Mohave Valley,AZ,86440,Twanna.K.Fernandez@pookmail.com,928-788-7248
Chong,Crabtree,1508 Cody Ridge Road,FLETCHER,OK,73541,Chong.W.Crabtree@dodgit.com,580-549-2368
Mona,Kain,4589 Tennessee Avenue,Troy,MI,48098,Mona.C.Kain@dodgit.com,248-312-8806
Thomas,Edwards,2125 Elkview Drive,Miami,FL,33169,Thomas.M.Edwards@mailinator.com,772-356-6181
Gail,Jones,1082 Sardis Sta,Grand Prairie,TX,75051,Gail.G.Jones@pookmail.com,817-661-2116
Doris,Franco,2769 Edsel Road,Granada Hills,CA,91344,Doris.B.Franco@trashymail.com,818-368-8270
Walter,Bunnell,1476 Lochmere Lane,GROTON,CT,06340,Walter.H.Bunnell@pookmail.com,860-449-3994
Lori,Gray,753 Rainbow Drive,PERRY HEIGHTS,OH,44646,Lori.F.Gray@pookmail.com,330-479-5353
Luann,Marcantonio,2625 Goff Avenue,Grand Rapids,MI,49503,Luann.D.Marcantonio@mailinator.com,269-547-3713
Stephen,Harrison,2268 Sharon Lane,SOUTH BEND,IN,46618,Stephen.V.Harrison@mailinator.com,574-208-8010
Sarah,Pruett,1725 Spadafore Drive,Loysburg,PA,16659,Sarah.G.Pruett@spambob.com,814-766-9531
Kathryn,Schexnayder,1550 Barfield Lane,Indianapolis,IN,46214,Kathryn.J.Schexnayder@spambob.com,317-525-1820
Rodney,Aldridge,1818 West Virginia Avenue,Albany,NY,12207,Rodney.P.Aldridge@mailinator.com,518-889-1286
Allison,Lawhorn,687 Custer Street,Sterling,IL,61081,Allison.M.Lawhorn@spambob.com,815-213-8633
Edwin,Fritz,2111 Birch  Street,El Paso,TX,79915,Edwin.M.Fritz@pookmail.com,915-592-6417
Viola,Mccune,4816 Armory Road,Wilmington,NC,28401,Viola.B.Mccune@pookmail.com,910-789-4253
Cathy,Brandt,3424 Mutton Town Road,SKYKOMISH,WA,98288,Cathy.A.Brandt@trashymail.com,360-677-3017
Marlon,Lapp,2576 Upton Avenue,OLD ORCHARD BEACH,ME,04064,Marlon.M.Lapp@dodgit.com,207-937-8250
Rochelle,Lemelle,2348 Raccoon Run,Seattle,WA,98133,Rochelle.W.Lemelle@pookmail.com,206-963-6216
Michael,Bolden,3542 Hillcrest Lane,Mira Loma,CA,91752,Michael.C.Bolden@pookmail.com,951-260-8836
Michelle,Taveras,3001 Raver Croft Drive,Chattanooga,TN,37404,Michelle.T.Taveras@pookmail.com,423-697-1998
Kathy,Peters,4795 Traders Alley,Kansas City,MO,64105,Kathy.J.Peters@spambob.com,816-372-0767
Rose,Johnson,4791 Round Table Drive,AMELIA,OH,45102,Rose.J.Johnson@mailinator.com,513-797-5517
Marty,Choe,1217 Catherine Drive,PARK RIVER,ND,58270,Marty.S.Choe@trashymail.com,701-284-4470
Connie,Jackson,3613 Wilson Street,Barstow,CA,92311,Connie.B.Jackson@pookmail.com,760-957-1464
Danny,Newman,2107 Godfrey Road,New York,NY,10007,Danny.B.Newman@dodgit.com,212-577-3415
William,Hohman,320 Burton Avenue,Memphis,TN,38117,William.P.Hohman@spambob.com,901-620-9391
James,Wood,2195 Clement Street,Roswell,GA,30076,James.L.Wood@trashymail.com,404-447-5195
Lois,Ward,3024 West Fork Drive,FORT LAUDERDALE,FL,33308,Lois.L.Ward@dodgit.com,954-484-7786
Kathie,Pinkney,3518 Morgan Street,Pensacola,FL,32501,Kathie.J.Pinkney@spambob.com,850-434-1032
Janay,Anthony,4571 Rosebud Avenue,GAMALIEL,AR,72537,Janay.J.Anthony@spambob.com,870-467-0716
Tracy,Carrillo,2124 Briarwood Road,LOUISBURG,MO,65685,Tracy.F.Carrillo@spambob.com,417-752-1845
Roland,Magallon,99 Little Acres Lane,Greenup,IL,62428,Roland.K.Magallon@pookmail.com,217-923-0218
Ulysses,Martinez,3926 Prospect Valley Road,Gardena,CA,90248,Ulysses.M.Martinez@dodgit.com,310-926-2608
Ida,Cherry,1615 Snider Street,CAMPO,CO,81029,Ida.G.Cherry@mailinator.com,719-787-8947
Ryan,Castleberry,2130 Rocket Drive,Minneapolis,MN,55417,Ryan.M.Castleberry@dodgit.com,612-970-5365
Suzanne,Hawkes,1814 Melville Street,Arlington,TN,38002,Suzanne.L.Hawkes@trashymail.com,731-441-0164
Jerry,Nees,4240 Edington Drive,Atlanta,GA,30303,Jerry.M.Nees@dodgit.com,678-748-9851
Emilia,Garcia,4272 North Avenue,PLEASANT DALE,NE,68423,Emilia.J.Garcia@trashymail.com,402-795-1700
Michael,Willson,3067 Cityview Drive,Norristown,PA,19403,Michael.D.Willson@pookmail.com,610-539-7957
Kerri,Davis,2770 Anmoore Road,Brooklyn,NY,11215,Kerri.K.Davis@pookmail.com,718-788-0196
Shirley,Fugate,2721 Green Street,Nashville,TN,37201,Shirley.W.Fugate@pookmail.com,615-532-7644
Rachel,Ranger,2911 Davis Place,Ashland,OH,44805,Rachel.R.Ranger@spambob.com,419-282-2733
Tiffani,Bennett,1595 Tavern Place,Wheeling,WV,26003,Tiffani.E.Bennett@spambob.com,304-242-4878
Nicole,Dennis,2572 Cherry Camp Road,Wood Dale,IL,60191,Nicole.A.Dennis@dodgit.com,773-466-3409
Ernie,Hudson,3752 Ashton Lane,Austin,TX,78701,Ernie.M.Hudson@pookmail.com,512-457-4946
Margret,Hess,1545 Lunetta Street,Childress,TX,79201,Margret.J.Hess@spambob.com,940-937-8944
Leigh,Sanchez,4112 Marie Street,Essex,MD,21221,Leigh.A.Sanchez@spambob.com,410-918-5380
Carol,Tunney,104 Williams Mine Road,Secaucus,NJ,07094,Carol.H.Tunney@trashymail.com,908-248-0127
Vera,Herron,2399 Kimberly Way,Grand Rapids,MI,49503,Vera.R.Herron@spambob.com,616-990-1025
Anne,Paige,1937 Shinn Avenue,Pittsburgh,PA,15219,Anne.W.Paige@pookmail.com,724-472-5538
Sara,Romero,3746 Green Hill Road,GLENWOOD,AR,71943,Sara.B.Romero@mailinator.com,479-356-1075
Jacqueline,Villanueva,698 Straford Park,HAROLD,KY,41635,Jacqueline.L.Villanueva@spambob.com,606-616-1982
Reynaldo,Morrison,4003 College Avenue,Dayton,OH,45402,Reynaldo.L.Morrison@dodgit.com,937-398-9890
Diane,Little,3751 Layman Avenue,Savannah,GA,31401,Diane.D.Little@trashymail.com,912-210-8811
David,Hebert,923 West Drive,Schaumburg,IL,60173,David.B.Hebert@mailinator.com,312-524-8137
Lorraine,Gist,2547 Woodland Avenue,Houma,LA,70360,Lorraine.L.Gist@dodgit.com,985-580-8544
Marian,Cumming,4785 Bryan Street,Greensboro,NC,27403,Marian.V.Cumming@spambob.com,336-299-5647
Chad,Ramos,2122 Oakway Lane,City Of Commerce,CA,90040,Chad.D.Ramos@trashymail.com,818-312-3269
Sabine,Dunham,4949 Daylene Drive,SOUTHFIELD,MI,48075,Sabine.G.Dunham@mailinator.com,734-521-7458
Isabel,Butler,242 Cinnamon Lane,San Antonio,TX,78212,Isabel.L.Butler@mailinator.com,210-857-6291
Charles,Dooley,4922 Palmer Road,Columbus,OH,43212,Charles.I.Dooley@dodgit.com,614-693-3656
Earnest,Gomes,2388 Ash Street,Dallas,TX,75287,Earnest.P.Gomes@pookmail.com,972-820-1126
Dottie,Lemond,4714 Sycamore Circle,Bismarck,ND,58506,Dottie.J.Lemond@dodgit.com,701-206-1241
Judy,Weber,2015 Sarah Drive,Lake Charles,LA,70601,Judy.C.Weber@trashymail.com,337-491-3021
Trina,Johnson,4359 Foley Street,FORT LAUDERDALE,FL,33308,Trina.H.Johnson@trashymail.com,954-676-8991
William,Butler,1986 Hazelwood Avenue,HARCOURT,IA,50544,William.B.Butler@trashymail.com,515-354-5968
Paul,Rousseau,3214 Bailey Drive,Cantril,IA,52542,Paul.S.Rousseau@trashymail.com,319-397-7523
Katherine,Hagerman,4040 Atha Drive,Bakersfield,CA,93307,Katherine.T.Hagerman@mailinator.com,661-578-7266
Tiffany,Garcia,4016 Flint Street,Atlanta,GA,30329,Tiffany.K.Garcia@mailinator.com,678-215-5170
Lyle,Robles,1683 Woodrow Way,MONTGOMERY,TX,77356,Lyle.J.Robles@spambob.com,936-449-7606
Perry,Amador,1795 Kimberly Way,Grand Rapids,MI,49503,Perry.M.Amador@dodgit.com,616-862-0910
Steven,Marquez,2782 Oak Street,Syracuse,NY,13202,Steven.R.Marquez@pookmail.com,315-288-2453
Colette,Elkins,4566 Gordon Street,Ontario,CA,91761,Colette.D.Elkins@spambob.com,909-534-1385
Gladis,Peters,4407 Werninger Street,Houston,TX,77032,Gladis.P.Peters@pookmail.com,832-692-8135
Tina,Townsend,3035 Quincy Street,Eagleville,PA,19403,Tina.S.Townsend@mailinator.com,267-476-6714
Renee,Tidwell,2281 Little Acres Lane,BURTON,IL,62301,Renee.S.Tidwell@pookmail.com,217-885-6077
Alfred,Franklin,2571 Juniper Drive,Saginaw,MI,48607,Alfred.M.Franklin@trashymail.com,989-861-5533
Jose,Silvas,3007 Post Farm Road,Atlanta,GA,30305,Jose.S.Silvas@pookmail.com,404-262-1851
Gail,Heflin,2486 Barnes Avenue,Cincinnati,OH,45229,Gail.J.Heflin@spambob.com,513-749-0883
Charles,Wilson,924 Short Street,Austin,TX,78749,Charles.A.Wilson@pookmail.com,512-917-9547
Marvin,Weldon,3373 Drummond Street,FRANKLIN BORO,NJ,07416,Marvin.T.Weldon@spambob.com,973-209-7720
Joshua,Adair,3820 Radio Park Drive,WATKINSVILLE,GA,30677,Joshua.L.Adair@spambob.com,706-769-5224
Diane,Hartley,503 Sugarfoot Lane,Lafayette,IN,47904,Diane.D.Hartley@dodgit.com,765-447-1473
Thomas,Leitner,3307 Oakwood Circle,Los Angeles,CA,90014,Thomas.M.Leitner@pookmail.com,949-268-9157
Clelia,Joseph,955 Kooter Lane,CHARLOTTE,NC,28210,Clelia.N.Joseph@dodgit.com,704-426-9957
Ronald,Joseph,4707 Abia Martin Drive,Huntington Station,NY,11746,Ronald.E.Joseph@dodgit.com,631-547-3384
Vincent,Conley,3682 Cherry Tree Drive,Jacksonville,FL,32256,Vincent.G.Conley@pookmail.com,904-377-3052
Raul,Roger,1977 Front Street,Southfield,MI,48075,Raul.W.Roger@mailinator.com,810-479-5721
Earline,Ackerson,4793 Gregory Lane,Louisville,KY,40202,Earline.C.Ackerson@mailinator.com,502-560-9634
Shirley,Patterson,3324 Wright Court,HAMILTON,AL,35570,Shirley.K.Patterson@spambob.com,205-952-2472
Brent,Smith,271 Goldie Lane,Cincinnati,OH,45236,Brent.T.Smith@trashymail.com,513-364-4924
Mary,Irons,3973 Dola Mine Road,DURHAM,NC,27701,Mary.J.Irons@mailinator.com,919-409-6318
Anh,Youmans,1740 Thorn Street,Evanston,WY,82930,Anh.C.Youmans@spambob.com,307-497-9946
Brent,Thompson,813 John Avenue,MICHIGAN CENTER,MI,49254,Brent.K.Thompson@mailinator.com,517-825-0522
Wilber,Daniel,166 School Street,Washington,DC,20009,Wilber.B.Daniel@dodgit.com,202-939-6907
Charles,Helton,1921 Blane Street,STLOUIS,MO,63101,Charles.D.Helton@spambob.com,314-591-5150
Todd,Ivey,3823 Stewart Street,Indianapolis,IN,46220,Todd.R.Ivey@mailinator.com,317-731-9262
Christopher,Smith,3428 Garrett Street,Grand Rapids,MI,49503,Christopher.A.Smith@mailinator.com,269-208-6744
Sharon,Brzezinski,4790 Hott Street,Oklahoma City,OK,73107,Sharon.W.Brzezinski@spambob.com,405-603-2652
Howard,Pierce,3903 Clay Lick Road,Denver,CO,80202,Howard.N.Pierce@spambob.com,720-555-4646
Michael,Silvia,4386 Grey Fox Farm Road,Houston,TX,77002,Michael.D.Silvia@mailinator.com,281-833-9333
Leona,Johnson,4382 Meadowbrook Mall Road,LOS ANGELES,CA,90017,Leona.A.Johnson@spambob.com,310-857-3992
Marci,Johnson,3096 Carolyns Circle,Arlington,TX,76011,Marci.B.Johnson@spambob.com,214-766-1414
Micah,Cornwell,2149 Sunny Day Drive,IRVINE,CA,92664,Micah.L.Cornwell@mailinator.com,714-809-6065
Gerald,Capps,4396 Charter Street,Overland Park,KS,66210,Gerald.B.Capps@trashymail.com,913-664-5459
Roberto,Gengler,2310 Jail Drive,Bloomington,IL,61701,Roberto.K.Gengler@pookmail.com,309-858-7539
Louis,Green,4792 Bastin Drive,NEWARK,PA,19714,Louis.M.Green@dodgit.com,484-726-8336
Carrie,Koch,3383 Holly Street,Augusta,GA,30907,Carrie.E.Koch@mailinator.com,706-228-6172
William,Hines,4141 Oakdale Avenue,WINTER HAVEN,FL,33830,William.G.Hines@mailinator.com,863-528-3933
Leann,Miller,365 Wescam Court,WELLESLEY,MA,02181,Leann.S.Miller@trashymail.com,781-235-8047
Olga,Ruffin,3984 Kelly Drive,NEW HAVEN,WV,25265,Olga.M.Ruffin@spambob.com,304-882-4240
Dora,Tucker,2733 Stonecoal Road,Napoleon,OH,43545,Dora.W.Tucker@dodgit.com,419-592-6800
Amy,Wilcox,625 Sunny Glen Lane,Cleveland,OH,44115,Amy.M.Wilcox@pookmail.com,216-910-5166
Ashley,Richards,3830 Hickory Heights Drive,Columbia,MD,21045,Ashley.H.Richards@spambob.com,443-860-7857
Andrea,Deleon,252 Summit Park Avenue,Southfield,MI,48034,Andrea.T.Deleon@mailinator.com,248-996-7068
Gloria,Randolph,4185 Village View Drive,Fort Myers,FL,33901,Gloria.C.Randolph@pookmail.com,239-910-6699
Tawanna,Bluford,4243 Cambridge Drive,Phoenix,AZ,85034,Tawanna.J.Bluford@mailinator.com,623-521-2493
Angela,Escalante,3795 Musgrave Street,SHAWNEE,OK,74801,Angela.K.Escalante@spambob.com,405-214-8527
Keith,Tomlinson,3686 Lincoln Street,PENNS NECK,NJ,08540,Keith.J.Tomlinson@trashymail.com,609-514-0592
Danielle,Giron,3748 Larry Street,Milwaukee,WI,53211,Danielle.D.Giron@spambob.com,414-964-3783
Shelby,Grams,2662 West Side Avenue,HACKENSACK,NJ,07601,Shelby.L.Grams@pookmail.com,201-287-9308
Mike,Costa,1809 Stoney Lane,Garland,TX,75041,Mike.L.Costa@spambob.com,972-926-3864
Joseph,Bowen,756 Heavens Way,IRVINE,CA,92714,Joseph.C.Bowen@pookmail.com,949-262-4846
Alida,Green,1223 Oxford Court,JACKSON,MS,39213,Alida.K.Green@dodgit.com,662-312-9675
Carmen,Robertson,1826 Eagle Lane,JACOBSON,MN,55752,Carmen.M.Robertson@mailinator.com,218-752-6606
Robert,Moreno,93 Beechwood Drive,Pittsburgh,PA,15219,Robert.D.Moreno@pookmail.com,412-255-2420
James,Lowery,3391 Chandler Hollow Road,Portland,PA,97205,James.S.Lowery@mailinator.com,412-451-0853
Irving,Cook,468 Jadewood Farms,PISCATAWAY,NJ,08854,Irving.B.Cook@mailinator.com,973-363-6742
Shelley,Butler,1014 Maloy Court,Russell,KS,67665,Shelley.G.Butler@dodgit.com,785-445-7270
Marie,Johnson,3034 Echo Lane,Benton Harbor,MI,49022,Marie.R.Johnson@mailinator.com,269-926-4626
Benjamin,Gwyn,418 Archwood Avenue,MOUNTAIN VIEW,WY,82939,Benjamin.J.Gwyn@dodgit.com,307-747-6723
Molly,Hamilton,2098 Brown Bear Drive,CORONA,CA,91720,Molly.R.Hamilton@trashymail.com,951-734-2788
Evelyn,Hernadez,1763 Tree Frog Lane,KANSAS CITY,MO,64151,Evelyn.R.Hernadez@dodgit.com,816-587-2696
Cleo,Brewster,1161 Murphy Court,Riverside,CA,92501,Cleo.R.Brewster@pookmail.com,951-786-8801
Michael,Melchor,2336 Diane Street,OXNARD,CA,93032,Michael.L.Melchor@trashymail.com,805-385-4955
Sadie,Robinson,3648 Haul Road,Saint Paul,MN,55102,Sadie.B.Robinson@mailinator.com,651-215-3148
David,Cano,3172 Rollins Road,DANBURY,NE,69026,David.L.Cano@trashymail.com,308-895-1329
Geneva,Ethier,592 Lowland Drive,Vernon Hills,IL,60061,Geneva.E.Ethier@pookmail.com,815-345-0613
Everett,Lindenberg,830 Sarah Drive,Sulphur,LA,70663,Everett.B.Lindenberg@spambob.com,337-528-0757
Brenda,Lloyd,3585 Hickory Ridge Drive,Las Vegas,NV,89109,Brenda.J.Lloyd@dodgit.com,702-691-6934
Debbie,Mcpherson,2910 Parkway Street,Rancho Mirage,CA,92270,Debbie.L.Mcpherson@trashymail.com,760-321-2769
Catherine,Morris,4012 Hillside Street,Chandler,AZ,85226,Catherine.F.Morris@trashymail.com,480-554-5743
Christel,Parsons,1136 Heavens Way,Tampa,FL,33610,Christel.E.Parsons@dodgit.com,941-960-2193
Beverly,Young,3769 Locust Street,MORVEN,GA,31638,Beverly.J.Young@mailinator.com,229-775-8840
Robin,Jones,2899 College Avenue,New Paris,OH,45347,Robin.S.Jones@trashymail.com,937-437-8308
John,Brewer,2629 Hawks Nest Lane,STLOUIS,MO,63101,John.M.Brewer@pookmail.com,314-691-5907
George,Swanson,4146 Terra Street,Seattle,WA,98109,George.M.Swanson@trashymail.com,360-304-5587
Jonathon,Risch,4153 Brown Bear Drive,ANZA,CA,92539,Jonathon.L.Risch@dodgit.com,951-763-2941
Milton,Rafferty,4643 Boring Lane,San Francisco,CA,94105,Milton.V.Rafferty@spambob.com,415-680-3151
Charles,Martin,2340 Stone Lane,Northampton,PA,18067,Charles.L.Martin@dodgit.com,610-419-7513
Mamie,Morrison,2654 Sundown Lane,AUSTIN,TX,78752,Mamie.J.Morrison@dodgit.com,512-259-0387
Michele,Boatner,3424 Hedge Street,CLINTON (HUNTERDON),NJ,08809,Michele.S.Boatner@pookmail.com,908-735-0058
Darlene,Clark,1342 Heavens Way,Los Angeles,CA,90017,Darlene.B.Clark@trashymail.com,949-227-0463
Anne,Sherburne,261 Havanna Street,Greensboro,NC,27403,Anne.F.Sherburne@spambob.com,336-321-6592
Lucille,Rawson,722 Oak Street,ROME,NY,13440,Lucille.T.Rawson@pookmail.com,315-336-4795
Ora,Collinsworth,3770 Alpha Avenue,TRENTON,TX,75490,Ora.T.Collinsworth@trashymail.com,903-989-1365
Helen,Bowser,34 Poco Mas Drive,Dallas,TX,75238,Helen.J.Bowser@spambob.com,214-553-1876
Constance,Hilliard,1329 Ryan Road,Yankton,SD,57078,Constance.S.Hilliard@mailinator.com,605-655-2478
Frank,Suggs,693 Allison Avenue,Norfolk,VA,23502,Frank.D.Suggs@trashymail.com,757-561-2343
Hannah,Selby,2617 Rose Avenue,New Orleans,LA,70112,Hannah.D.Selby@mailinator.com,504-266-4867
Eileen,Hubbard,2937 Lawman Avenue,Arlington,VA,22201,Eileen.D.Hubbard@spambob.com,703-284-0078
Gloria,Smith,670 Martha Street,PRESCOTT,AZ,86314,Gloria.T.Smith@pookmail.com,928-775-6117
Paul,Phillips,446 Kemper Lane,West Valley City,UT,84119,Paul.M.Phillips@pookmail.com,801-869-2983
Mac,Rodriquez,4159 Saints Alley,Tampa,FL,33602,Mac.K.Rodriquez@mailinator.com,813-579-3284
Richard,Simon,270 Andell Road,CUNNINGHAM,TN,37052,Richard.S.Simon@pookmail.com,615-219-1013
Judy,Cole,408 Brannon Street,Los Angeles,CA,90017,Judy.R.Cole@dodgit.com,213-287-8522
Victor,Lehman,3220 Elmwood Avenue,Mesa,AZ,85201,Victor.C.Lehman@pookmail.com,480-890-7376
David,Box,3711 Perry Street,LENNON,MI,48449,David.A.Box@trashymail.com,810-621-0169
Richard,Atwater,4372 Broadcast Drive,RESTON,VA,22091,Richard.A.Atwater@trashymail.com,703-962-2291
Dustin,Healy,316 Wilkinson Street,Nashville,TN,37212,Dustin.J.Healy@dodgit.com,615-383-8369
Julian,Parrish,631 Glen Falls Road,Philadelphia,PA,19144,Julian.W.Parrish@dodgit.com,215-844-1628
Jennifer,Borders,2872 Howard Street,Grand Rapids,MI,49503,Jennifer.J.Borders@mailinator.com,616-446-3567
Marvin,Ellis,3588 Cityview Drive,King Of Prussia,PA,19406,Marvin.M.Ellis@pookmail.com,610-491-7583
Bobby,Blanch,2220 Oak Way,Hastings,NE,68901,Bobby.A.Blanch@trashymail.com,402-461-9044
Marylin,Coca,4765 Columbia Road,Philadelphia,DE,19146,Marylin.R.Coca@pookmail.com,302-929-3041
Hulda,Wood,1732 College Avenue,Dayton,OH,45402,Hulda.D.Wood@pookmail.com,937-359-0557
Arron,Speight,1829 Edsel Road,Sherman Oaks,CA,91403,Arron.P.Speight@pookmail.com,818-430-6124
Nicole,Calhoun,3309 Olive Street,Toledo,OH,43602,Nicole.D.Calhoun@trashymail.com,419-308-3037
William,Winkles,3483 Heron Way,PORTLAND,OR,97232,William.V.Winkles@pookmail.com,503-851-9308
Victor,Mastin,2991 Paul Wayne Haggerty Road,New Orleans,LA,70119,Victor.W.Mastin@mailinator.com,504-484-6338
Osvaldo,Dock,4713 Blane Street,STLOUIS,MO,63101,Osvaldo.M.Dock@mailinator.com,314-578-0957
Kenneth,Kass,4897 Trails End Road,FORT LAUDERDALE,FL,33301,Kenneth.M.Kass@dodgit.com,954-272-2306
Lisa,Wheeler,3948 Parkway Drive,Green Valley,AZ,85614,Lisa.W.Wheeler@trashymail.com,520-393-9708
Alisa,Washington,1004 Collins Avenue,Columbus,OH,43213,Alisa.W.Washington@dodgit.com,614-856-3062
Anibal,Hernandez,4910 Carolina Avenue,Fort Collins,CO,80525,Anibal.M.Hernandez@mailinator.com,970-207-6354
Bruce,Biondo,3577 Boone Street,Corpus Christi,TX,78476,Bruce.M.Biondo@mailinator.com,361-251-7872
Audrey,Lucero,2284 Blair Court,POWERSVILLE,MO,64672,Audrey.G.Lucero@pookmail.com,660-592-5145
Eddie,Austin,2989 Fidler Drive,San Antonio,TX,78240,Eddie.E.Austin@trashymail.com,210-690-3938
David,Clarke,2622 Byrd Lane,Albuquerque,NM,87111,David.D.Clarke@pookmail.com,505-264-0771
Sonya,Garcia,1559 Five Points,Baltimore,MD,21202,Sonya.M.Garcia@spambob.com,443-246-9013
Jeffrey,Leonard,3234 Horner Street,Rittman,OH,44270,Jeffrey.N.Leonard@trashymail.com,330-927-8656
Joseph,Phillips,1017 Stonepot Road,NESHANIC,NJ,08853,Joseph.W.Phillips@trashymail.com,908-369-9232
Clinton,Kahn,1593 Tibbs Avenue,Kalispell,MT,59901,Clinton.M.Kahn@dodgit.com,406-756-9583
Ismael,Foerster,69 Lynch Street,San Francisco,CA,94108,Ismael.K.Foerster@spambob.com,925-212-6828
Mary,Glover,1420 Byers Lane,Davis,CA,95616,Mary.R.Glover@dodgit.com,530-759-2825
Gus,Zachary,2067 Sussex Court,CHILTON,TX,76632,Gus.J.Zachary@spambob.com,254-546-3046
Rodney,Sander,915 Passaic Street,RIDGEWOOD,NJ,07450,Rodney.R.Sander@trashymail.com,201-445-7315
Maude,Hogan,1055 Woodridge Lane,Arlington,TN,38002,Maude.O.Hogan@dodgit.com,901-356-7249
Monica,Vaughan,1704 Roane Avenue,Greenbelt,MD,20770,Monica.J.Vaughan@dodgit.com,301-219-1172
Kristopher,Piper,2 Berkshire Circle,Knoxville,TN,37917,Kristopher.J.Piper@trashymail.com,865-684-7111
Sheila,Grant,2972 Randall Drive,Hilo,HI,96720,Sheila.K.Grant@spambob.com,808-935-8703
Timothy,Hester,4962 Hall Valley Drive,Charleston,WV,25301,Timothy.K.Hester@spambob.com,304-706-2720
Colleen,Jackson,1799 Ford Street,San Jose,CA,95131,Colleen.D.Jackson@spambob.com,408-527-9962
Bruce,Wiley,1797 Jett Lane,Los Angeles,CA,90017,Bruce.D.Wiley@pookmail.com,310-759-7205
Randall,Weeks,4942 Ridge Road,Oswego,KS,67356,Randall.S.Weeks@pookmail.com,620-795-8588
Diana,White,3700 Sampson Street,Denver,CO,80202,Diana.D.White@mailinator.com,303-570-9912
Stephen,Felan,3281 Anthony Avenue,Stamford,TX,79553,Stephen.D.Felan@mailinator.com,325-773-0936
Bruce,Parra,3729 Clarence Court,Ontario,CA,91761,Bruce.L.Parra@mailinator.com,909-975-3574
Eric,Brubaker,2073 Jail Drive,DANVERS,IL,61732,Eric.D.Brubaker@spambob.com,309-963-0976
Shirley,Boone,793 Courtright Street,Bismarck,ND,58501,Shirley.F.Boone@spambob.com,701-471-2399
Beverly,Miller,2799 Custer Street,Altoona,PA,16601,Beverly.C.Miller@pookmail.com,814-940-1529
Elizabeth,Slaughter,3348 Abner Road,Marshfield,WI,54449,Elizabeth.F.Slaughter@trashymail.com,715-389-9556
Joann,Anthony,694 Breezewood Court,Girard,KS,66743,Joann.M.Anthony@dodgit.com,620-354-6666
Jeffery,Joseph,318 Lonely Oak Drive,MOBILE,AL,36613,Jeffery.M.Joseph@pookmail.com,251-442-5102
Mattie,Blumenthal,891 Byers Lane,BIGGS,CA,95917,Mattie.D.Blumenthal@trashymail.com,530-868-6675
Linda,Draughn,1712 Lawman Avenue,RESTON,VA,22090,Linda.B.Draughn@spambob.com,703-291-0053
Richard,Pellegrino,1656 Wilkinson Street,BRENTWOOD,TN,37027,Richard.L.Pellegrino@pookmail.com,615-422-5189
Rachel,Mistretta,1171 Catherine Drive,Bismarck,ND,58506,Rachel.P.Mistretta@spambob.com,701-310-9401
Amy,Blalock,3470 Henry Ford Avenue,Tulsa,OK,74115,Amy.H.Blalock@mailinator.com,918-292-1088
William,Powell,838 Center Street,MONUMENT,OR,97864,William.E.Powell@pookmail.com,541-934-6683
Philip,Mitchell,2563 Main Street,Redmond,WA,98052,Philip.V.Mitchell@pookmail.com,425-591-2452
Roberto,Estrada,3450 Bloomfield Way,NORRIDGEWOCK,ME,04957,Roberto.M.Estrada@trashymail.com,207-634-8329
Maurice,Murray,1380 Big Elm,Kansas City,MO,64106,Maurice.M.Murray@dodgit.com,816-886-6379
Joseph,Rutledge,3746 Bridge Avenue,Lafayette,LA,70501,Joseph.M.Rutledge@pookmail.com,337-702-7082
John,Aponte,4755 Duncan Avenue,Garden City,NY,11530,John.F.Aponte@trashymail.com,917-605-1419
Carleen,Killian,3116 Sardis Station,Minneapolis,MN,55402,Carleen.J.Killian@dodgit.com,612-375-8864
Kevin,Patel,866 Traders Alley,LIBERTY,MO,64068,Kevin.J.Patel@pookmail.com,816-407-1533
Ginger,Edwards,4129 Terra Street,Seattle,WA,98161,Ginger.D.Edwards@trashymail.com,360-294-8167
Ronnie,Patillo,1269 Old Dear Lane,West Nyack,NY,10994,Ronnie.A.Patillo@trashymail.com,845-826-4420
Benedict,Foret,3078 Armory Road,Laurinburg,NC,28352,Benedict.C.Foret@mailinator.com,910-785-3795
Kathy,Williams,896 Biddie Lane,Richmond,VA,23219,Kathy.A.Williams@mailinator.com,804-644-0139
Melinda,Mcclary,3262 Johnny Lane,Milwaukee,WI,53202,Melinda.J.Mcclary@pookmail.com,414-289-4124
Devin,Peace,3507 Pearlman Avenue,QUINCY,MA,02169,Devin.A.Peace@pookmail.com,978-285-1248
Colin,Williams,993 Diamond Street,Asheville,NC,28801,Colin.A.Williams@spambob.com,828-561-9110
Robert,Livingstone,2662 Norman Street,Los Angeles,CA,90044,Robert.G.Livingstone@pookmail.com,323-242-6182
Ronnie,Christenson,4471 Red Bud Lane,NEWARK,NJ,07102,Ronnie.T.Christenson@pookmail.com,862-902-6895
James,George,4284 Victoria Street,Hickory Hills,IL,60457,James.L.George@mailinator.com,224-612-1982
Joe,Smith,3873 Freed Drive,Stockton,CA,95204,Joe.D.Smith@spambob.com,209-692-9017
Eva,Lamm,4993 Prospect Valley Road,Los Angeles,CA,90067,Eva.G.Lamm@spambob.com,310-983-4157
Willie,Gravitt,4678 Bailey Drive,Iowa City,IA,52240,Willie.M.Gravitt@mailinator.com,319-353-8403
Jane,Finn,1063 Glen Falls Road,Philadelphia,PA,19131,Jane.J.Finn@pookmail.com,215-879-2242
Julio,Ashley,2995 Gladwell Street,Sherman,TX,75090,Julio.K.Ashley@mailinator.com,903-209-6941
Mark,Gomez,3358 Steve Hunt Road,Miami,FL,33169,Mark.K.Gomez@dodgit.com,305-720-8306
Jere,Loose,3111 Meadowbrook Mall Road,Irvine,CA,92614,Jere.N.Loose@trashymail.com,310-844-8789
Thomas,Harvey,3614 Romrog Way,FARWELL,NE,68838,Thomas.S.Harvey@trashymail.com,308-336-8271
Earlean,Mabry,1161 Robinson Court,Saginaw,MI,48607,Earlean.R.Mabry@dodgit.com,989-429-2284
Rosina,Defazio,2278 Colonial Drive,Houston,TX,77006,Rosina.C.Defazio@spambob.com,979-678-9118
John,Thurman,2000 Raoul Wallenberg Place,GREENWICH,CT,06830,John.M.Thurman@dodgit.com,203-863-2641
Dale,Newton,1618 Ersel Street,Dallas,TX,75247,Dale.L.Newton@mailinator.com,214-335-4269
Tiffany,Mullen,1500 Fieldcrest Road,New York,NY,10014,Tiffany.R.Mullen@pookmail.com,631-970-1781
Mitch,Jennings,3973 Circle Drive,Houston,TX,77099,Mitch.Y.Jennings@dodgit.com,832-576-0504
Linda,Kenney,86 Wiseman Street,WASHBURN,TN,37888,Linda.M.Kenney@dodgit.com,865-497-2603
Alex,Long,1316 Kooter Lane,LATTIMORE,NC,28089,Alex.A.Long@pookmail.com,704-434-2387
Sandy,Thompson,3788 Cantebury Drive,Garden City,NY,11530,Sandy.F.Thompson@dodgit.com,646-703-3129
Tanya,Foti,4461 Murry Street,Chesapeake,VA,23320,Tanya.M.Foti@dodgit.com,757-436-6794
Edward,Moody,3799 Smith Road,DULUTH,GA,30097,Edward.E.Moody@trashymail.com,770-880-2039
Christian,Clements,2908 Farland Avenue,Victoria,TX,77901,Christian.B.Clements@spambob.com,830-485-9208
Mercedes,Bridge,1580 Hanover Street,New York,NY,10007,Mercedes.J.Bridge@pookmail.com,917-655-8220
Stephen,Pitman,2818 Hillview Street,Columbia,SC,29210,Stephen.D.Pitman@pookmail.com,803-686-9460
Carl,Aleman,1280 Coal Road,Hanover Township,PA,18706,Carl.M.Aleman@trashymail.com,570-677-0202
Hazel,Elsea,2571 Masonic Hill Road,Little Rock,AR,72211,Hazel.J.Elsea@pookmail.com,501-442-2486
Margaret,Robinson,3792 Oakdale Avenue,Lakeland,FL,33801,Margaret.G.Robinson@pookmail.com,863-510-5858
Jeff,Garcia,1014 Hewes Avenue,Baltimore,MD,21201,Jeff.M.Garcia@mailinator.com,443-674-9063
Michelle,Rendon,1300 Maud Street,Philadelphia,DE,19103,Michelle.A.Rendon@dodgit.com,302-729-7388
Wilma,Moon,1602 Fittro Street,HUGHES,AR,72348,Wilma.L.Moon@dodgit.com,870-339-4001
Kara,Mchugh,4607 Five Points,CENTREVILLE,MD,21617,Kara.L.Mchugh@mailinator.com,443-262-1241
Rebecca,Pruden,4584 Orchard Street,BURNSVILLE,MN,55337,Rebecca.V.Pruden@pookmail.com,952-895-9017
Linda,Lampert,3100 Seth Street,San Angelo,TX,76903,Linda.A.Lampert@mailinator.com,325-659-2950
Crystal,Miller,4448 Dennison Street,Sonora,CA,95370,Crystal.J.Miller@dodgit.com,209-588-3490
John,Rheaume,578 Briarwood Road,ARMA,MO,66712,John.B.Rheaume@dodgit.com,417-769-7844
Tammy,Knapp,1663 Charter Street,Mission,KS,66202,Tammy.A.Knapp@dodgit.com,913-671-0124
Jorge,Charles,2389 Westfall Avenue,Albuquerque,NM,87102,Jorge.C.Charles@mailinator.com,505-944-7913
John,Gooch,4256 Oak Ridge Drive,ST ELIZABETH,MO,65559,John.M.Gooch@spambob.com,573-493-7197
Anabel,Thompson,2204 Adams Drive,Sugar Land,TX,77478,Anabel.D.Thompson@spambob.com,979-496-4229
Guadalupe,Brookins,1171 Roosevelt Street,Mill Valley,CA,94941,Guadalupe.S.Brookins@dodgit.com,415-388-6995
Mary,Wilson,4615 Abner Road,Superior,WI,54880,Mary.J.Wilson@dodgit.com,715-394-4897
George,Warner,4104 Saints Alley,Tampa,FL,33605,George.C.Warner@dodgit.com,813-706-5202
William,Ruiz,480 Kemper Lane,Orem,UT,84058,William.D.Ruiz@pookmail.com,801-862-2521
Donald,Jacobsen,1312 Parrish Avenue,San Antonio,TX,78205,Donald.E.Jacobsen@pookmail.com,830-845-4458
Lynn,Smythe,4182 Clair Street,Itasca,TX,76055,Lynn.T.Smythe@pookmail.com,254-687-8602
Douglas,Smith,3203 Dancing Dove Lane,New York,NY,10013,Douglas.E.Smith@spambob.com,347-424-3326
William,Mizer,2129 Reeves Street,JOHNSBURG,WI,53049,William.V.Mizer@trashymail.com,920-795-2570
James,Navarro,1959 Hidden Meadow Drive,CRYSTAL,ND,58222,James.S.Navarro@trashymail.com,701-657-5324
Vernell,Mahan,2266 Woodrow Way,Houston,TX,77006,Vernell.M.Mahan@pookmail.com,936-388-1074
Leah,Howard,1884 Harper Street,Paducah,KY,42001,Leah.B.Howard@pookmail.com,270-534-8872
Luz,Holland,1178 Elliot Avenue,Seattle,WA,98109,Luz.H.Holland@trashymail.com,206-494-4887
Leigh,Bumpers,1519 Gregory Lane,STAMPING GROUND,KY,40379,Leigh.M.Bumpers@mailinator.com,502-535-0934
Carroll,Santiago,662 Hart Street,NEW HAVEN,CT,06511,Carroll.L.Santiago@pookmail.com,860-304-0394
Elwood,Mcpherson,3356 Aaron Smith Drive,York,PA,17404,Elwood.L.Mcpherson@trashymail.com,717-764-6037
David,Hardee,4965 Round Table Drive,West Chester,OH,45069,David.A.Hardee@dodgit.com,513-777-2095
Manuel,Mcreynolds,3351 Cherry Ridge Drive,Rochester,NY,14608,Manuel.M.Mcreynolds@spambob.com,585-974-7068
Adam,Oneal,307 Locust Street,RICHLAND,GA,31825,Adam.C.Oneal@spambob.com,229-887-3636
Donnie,Redrick,943 Barfield Lane,CARMEL,IN,46032,Donnie.D.Redrick@mailinator.com,317-582-7073
Mollie,Phillips,1291 Todds Lane,San Antonio,TX,78204,Mollie.T.Phillips@dodgit.com,210-576-3867
Deborah,Carr,4600 Harvest Lane,NELSON,MO,65347,Deborah.J.Carr@pookmail.com,660-859-7170
Robert,Sneed,3995 West Fork Street,Helena,MT,59601,Robert.J.Sneed@trashymail.com,406-471-1048
Jimmie,Malik,1022 Oak Way,LINCOLN,NE,68504,Jimmie.B.Malik@spambob.com,402-465-0309
Jay,Held,1641 Robinson Lane,Worthington,OH,43085,Jay.K.Held@spambob.com,740-340-5574
Mike,Atkins,1487 Spinnaker Lane,Bloomington,IL,61701,Mike.A.Atkins@pookmail.com,815-702-7335
Melissa,Brooks,4417 West Street,Grand Rapids,MI,49503,Melissa.E.Brooks@spambob.com,616-635-3783
Bessie,Heflin,4349 Doe Meadow Drive,SILVER SPRING,MD,20901,Bessie.T.Heflin@pookmail.com,301-593-9143
Joan,Mclaughlin,2781 Pooh Bear Lane,BOILING SPRINGS,SC,29349,Joan.J.Mclaughlin@dodgit.com,864-814-1860
Justin,Flores,4259 Tipple Road,Philadelphia,PA,19111,Justin.M.Flores@dodgit.com,215-742-8078
Karla,Saucier,1465 Bond Street,NEWPORT,RI,02840,Karla.W.Saucier@mailinator.com,401-842-8415
Sarah,Utt,4712 James Martin Circle,Columbus,OH,43209,Sarah.M.Utt@trashymail.com,614-338-9136
Gary,Higgs,1396 Hilltop Haven Drive,PASSAIC,NJ,07055,Gary.M.Higgs@dodgit.com,973-773-6718
Mohammed,Whitworth,3975 Ben Street,Albany,NY,12210,Mohammed.A.Whitworth@mailinator.com,518-261-6666
Lisa,Martinez,3597 Thompson Street,Irvine,CA,92614,Lisa.D.Martinez@pookmail.com,562-572-4359
Nicole,Richardson,3923 Harley Vincent Drive,Warrensville Heights,OH,44128,Nicole.D.Richardson@mailinator.com,440-669-2232
Larry,Allen,1892 Chicago Avenue,Fresno,CA,93721,Larry.A.Allen@trashymail.com,559-524-8641
Mark,Noriega,2187 Green Street,SMITHVILLE,TN,37166,Mark.M.Noriega@spambob.com,615-536-4302
Mario,Fryer,4883 Wilkinson Street,TRIUNE,TN,37014,Mario.M.Fryer@dodgit.com,615-395-9448
Terry,Rogers,2397 Hall Place,Longview,TX,75601,Terry.S.Rogers@trashymail.com,903-788-0386
Pei,Wetzel,4720 Grove Street,New York,NY,10011,Pei.R.Wetzel@mailinator.com,631-813-5227
Xavier,Gray,2398 Heavner Court,Garden City,NY,11530,Xavier.C.Gray@mailinator.com,516-250-7184
Jasper,Brackett,119 Clay Lick Road,Centennial,CO,80111,Jasper.G.Brackett@spambob.com,720-528-5720
Christopher,Holmes,2293 Dark Hollow Road,BURLINGTON,NJ,08016,Christopher.E.Holmes@mailinator.com,609-239-9613
Betty,Parish,1457 Pineview Drive,BUTTERFIELD,MN,56120,Betty.R.Parish@trashymail.com,507-956-3951
Michael,Barnes,2923 Conference Center Way,SAYLORSBURG,PA,18353,Michael.J.Barnes@dodgit.com,570-992-6394
Bessie,Shepard,3939 Roosevelt Street,San Francisco,CA,94143,Bessie.M.Shepard@trashymail.com,415-369-1719
David,Beard,1305 Newton Street,Saint Cloud,MN,56301,David.E.Beard@mailinator.com,320-305-3878
Micheal,Durrett,1737 Adonais Way,Atlanta,GA,30303,Micheal.C.Durrett@spambob.com,678-497-3314
Vilma,Busby,196 Smithfield Avenue,AMARILLO,TX,79106,Vilma.R.Busby@spambob.com,806-664-1104
John,Eriksen,847 Jarvis Street,Buffalo,NY,14214,John.T.Eriksen@trashymail.com,716-837-2740
Bruce,Miner,1904 Pike Street,San Diego,CA,92109,Bruce.G.Miner@pookmail.com,858-490-3327
Katherine,Tyler,2242 Goldleaf Lane,JERSEY CITY,NJ,07306,Katherine.D.Tyler@mailinator.com,201-610-0768
Thomas,Hotaling,1884 Barrington Court,Little Rock,AR,72201,Thomas.J.Hotaling@spambob.com,870-568-9671
Jay,Cimino,106 Court Street,De Soto,MO,63020,Jay.T.Cimino@spambob.com,636-586-9137
Don,Harrington,3947 Glenview Drive,Corpus Christi,TX,78476,Don.A.Harrington@spambob.com,361-605-0518
Johnny,Darby,3438 Marion Street,Columbia,SC,29210,Johnny.H.Darby@trashymail.com,803-206-6115
Nancy,Moore,1525 Marie Street,Cockeysville,MD,21030,Nancy.L.Moore@trashymail.com,410-856-9342
Brian,Peng,773 Wood Duck Drive,WATERSMEET,MI,49969,Brian.N.Peng@mailinator.com,906-358-0523
Dorothy,Fullerton,187 Oakwood Avenue,New York,NY,10022,Dorothy.E.Fullerton@spambob.com,212-644-4547
Wendy,Lovell,3467 West Street,SARANAC,MI,48881,Wendy.A.Lovell@spambob.com,616-642-1389
Chana,Simeon,3964 Blue Spruce Lane,Hanover,MD,21076,Chana.S.Simeon@mailinator.com,410-292-0247
Gregory,Cardwell,2364 Havanna Street,Greensboro,NC,27401,Gregory.C.Cardwell@trashymail.com,336-412-6917
Madeline,Hepworth,729 Mutton Town Road,Seattle,WA,98109,Madeline.M.Hepworth@mailinator.com,360-633-7323
James,Walker,4164 Villa Drive,STAR CITY,IN,46985,James.A.Walker@pookmail.com,574-595-0001
Duane,Gregory,2347 Delaware Avenue,San Francisco,CA,94143,Duane.K.Gregory@spambob.com,415-305-1057
Robert,Page,993 Timbercrest Road,Juneau,AK,99801,Robert.A.Page@pookmail.com,907-723-3372
Sharon,Oconnor,4410 Jefferson Street,Norfolk,VA,23502,Sharon.V.Oconnor@pookmail.com,757-714-5992
William,Lowe,2877 Scheuvront Drive,Broomfield,CO,80020,William.L.Lowe@dodgit.com,303-439-4518
June,Fall,1261 American Drive,Tallahassee,FL,32312,June.F.Fall@dodgit.com,850-893-0779
Kimberly,Hovey,84 Twin House Lane,Nevada,MO,64772,Kimberly.R.Hovey@spambob.com,417-448-7443
Walter,Jones,3462 Orchard Street,MINNEAPOLIS,MN,55401,Walter.N.Jones@pookmail.com,952-564-1486
Harold,Edwards,3783 Everette Alley,FORT LAUDERDALE,FL,33308,Harold.T.Edwards@pookmail.com,954-777-1159
Despina,Poole,1142 Dogwood Lane,SACATON,AZ,85247,Despina.S.Poole@pookmail.com,520-562-5776
Billy,Frantz,2116 Rogers Street,Dayton,OH,45402,Billy.K.Frantz@dodgit.com,513-594-0032
Marisa,Jackson,868 Koontz Lane,Glendale,CA,91204,Marisa.R.Jackson@dodgit.com,818-863-9139
Audrey,Hastings,641 Hillhaven Drive,Irvine,CA,92614,Audrey.D.Hastings@dodgit.com,323-816-0995
Maurine,Bright,3492 Sussex Court,Dallas,TX,75235,Maurine.R.Bright@spambob.com,254-534-4442
Lydia,Aguilar,2164 Frank Avenue,Crafton,PA,15205,Lydia.B.Aguilar@spambob.com,412-956-7184
Troy,Mendieta,4731 Baker Avenue,Fort Worth,TX,76102,Troy.K.Mendieta@dodgit.com,817-878-1676
Cody,Poteat,1874 Monroe Street,Houston,TX,77040,Cody.M.Poteat@trashymail.com,713-460-7783
Margaret,Hicks,3049 Poplar Street,La Grange,IL,60525,Margaret.D.Hicks@trashymail.com,708-784-9572
Mary,Miller,2346 Mayo Street,Richmond,KY,40475,Mary.M.Miller@trashymail.com,859-622-1591
Theresa,Moore,1108 Locust Street,Grand Rapids,MI,49503,Theresa.M.Moore@mailinator.com,231-218-7638
John,Hanson,4139 Vine Street,Northbrook,IL,60062,John.L.Hanson@dodgit.com,847-651-0913
Leland,Blevins,205 Barrington Court,PAYNEWAY,AR,72472,Leland.B.Blevins@spambob.com,870-593-2328
Maryann,Richmond,4008 Kerry Way,Los Angeles,CA,90017,Maryann.P.Richmond@mailinator.com,562-737-0063
John,Stewart,2411 Havanna Street,GREENSBORO,NC,27409,John.F.Stewart@pookmail.com,336-417-5832
Rose,Johnson,2843 Arrowood Drive,JACKSONVILLE,FL,32216,Rose.S.Johnson@pookmail.com,904-430-8312
Roger,Cotton,734 Wescam Court,Reno,NV,89501,Roger.A.Cotton@pookmail.com,775-980-3084
Donald,Pinnix,2520 Walkers Ridge Way,Northbrook,IL,60062,Donald.S.Pinnix@mailinator.com,630-298-1939
Charles,Acosta,2890 Poe Road,GIBSON,SC,28343,Charles.C.Acosta@dodgit.com,843-265-3934
Luis,Hensley,1319 Michigan Avenue,Pittsburgh,PA,15212,Luis.C.Hensley@pookmail.com,724-634-4209
Stanley,Hodge,590 Airplane Avenue,ROCKVILLE,CT,06066,Stanley.T.Hodge@trashymail.com,860-896-8221
Deann,Jones,2152 Lyon Avenue,Mansfield,MA,02048,Deann.J.Jones@pookmail.com,508-962-6923
Anthony,Glover,2084 Pretty View Lane,Yountville,CA,94599,Anthony.M.Glover@dodgit.com,707-944-4023
Brett,Ryan,4152 Briarwood Road,Springfield,MO,65804,Brett.J.Ryan@mailinator.com,417-889-2277
Willie,Salem,199 Progress Way,Cedar Rapids,IA,52401,Willie.E.Salem@dodgit.com,319-896-3388
Don,Young,1584 Everette Alley,Miami,FL,33147,Don.D.Young@pookmail.com,954-744-1591
Katherine,Powell,4755 Austin Secret Lane,NEPHI,UT,84648,Katherine.B.Powell@mailinator.com,435-610-0341
Sara,Fernandez,2706 Glory Road,Nashville,TN,37201,Sara.P.Fernandez@dodgit.com,931-810-1601
Thomas,Manuel,4413 Irish Lane,BELMONT,WI,53510,Thomas.R.Manuel@mailinator.com,608-762-7899
Long,Schick,571 Laurel Lee,Maplewood,MN,55119,Long.M.Schick@trashymail.com,651-739-7407
Armand,Styron,1642 Meadowbrook Mall Road,Wilmington,CA,90744,Armand.R.Styron@spambob.com,310-835-5636
Robert,Jefferson,2252 Grey Fox Farm Road,Houston,TX,77006,Robert.S.Jefferson@dodgit.com,281-736-2383
Sarah,Mello,3922 Charmaine Lane,Brownfield,TX,79316,Sarah.F.Mello@dodgit.com,806-637-8964
Richard,Henderson,983 Smith Road,Douglasville,GA,30134,Richard.T.Henderson@spambob.com,770-947-8881
Leah,Foy,3318 Jarvis Street,Buffalo,NY,14211,Leah.V.Foy@mailinator.com,716-896-8093
Monty,Valenti,3004 Ersel Street,Dallas,TX,75216,Monty.J.Valenti@dodgit.com,214-374-9910
Donald,Huebner,3753 Haul Road,Mountain View,CA,94041,Donald.B.Huebner@trashymail.com,650-967-4081
Lucille,Enriquez,2079 Wilkinson Court,Fort Myers,FL,33912,Lucille.J.Enriquez@dodgit.com,239-588-5910
Goldie,Rodriguez,992 Henery Street,Wichita,KS,67226,Goldie.J.Rodriguez@trashymail.com,316-975-0930
John,Hernandez,1148 Romrog Way,DALTON,NE,69131,John.J.Hernandez@spambob.com,308-377-6319
Carole,Townsend,755 Pallet Street,Mount Vernon,NY,10550,Carole.J.Townsend@trashymail.com,914-410-2470
Brenda,Montoya,2850 Hall Place,ELKHART,TX,75839,Brenda.R.Montoya@mailinator.com,903-764-1949
Robert,Harner,4864 Camden Street,Reno,NV,89501,Robert.A.Harner@pookmail.com,775-323-9818
Adam,Mena,4594 Main Street,Bothell,WA,98011,Adam.S.Mena@trashymail.com,425-737-2532
Joseph,Collins,4817 Spadafore Drive,Warren,PA,16365,Joseph.L.Collins@mailinator.com,814-723-1250
Geri,Buch,4308 Wolf Pen Road,San Francisco,CA,94107,Geri.R.Buch@dodgit.com,650-380-6977
Danita,Spicer,810 Red Dog Road,Charlotte,NC,28202,Danita.H.Spicer@spambob.com,704-355-6942
Donald,Branch,3036 Tator Patch Road,Chicago,IL,60606,Donald.L.Branch@mailinator.com,312-912-6864
Alexander,Flores,3464 Broadway Avenue,Chattanooga,TN,37403,Alexander.E.Flores@trashymail.com,423-757-0085
Francesca,Macomber,3910 Murphy Court,Los Angeles,CA,90017,Francesca.R.Macomber@trashymail.com,951-790-7818
Lois,Putman,4881 Blane Street,MANCHESTER,MO,63011,Lois.D.Putman@spambob.com,314-604-4470
Leanne,Bissett,354 Providence Lane,La Puente,CA,91744,Leanne.W.Bissett@dodgit.com,626-933-8380
Ben,Bennett,4069 Bassel Street,Metairie,LA,70001,Ben.M.Bennett@pookmail.com,985-414-8305
William,Freeman,4631 Hampton Meadows,FITCHBURG,MA,01420,William.J.Freeman@trashymail.com,978-353-1307
Jose,Price,3243 Petunia Way,Birmingham,AL,35209,Jose.M.Price@spambob.com,205-819-8015
Steven,Brunson,1772 B Street,Eagan,MN,55121,Steven.D.Brunson@mailinator.com,651-675-8487
Edgar,Lindgren,1480 Findley Avenue,HAZELTON,ND,58544,Edgar.A.Lindgren@pookmail.com,701-782-9328
Robert,Wade,3436 Mapleview Drive,New Port Richey,FL,34652,Robert.J.Wade@trashymail.com,727-993-4782
Rose,Hall,2630 Calico Drive,BREWSTER,WA,98812,Rose.V.Hall@mailinator.com,509-689-5908
John,Foster,3650 University Street,Seattle,WA,98101,John.L.Foster@pookmail.com,206-467-1373
Clara,Salas,886 Arbutus Drive,MIAMI,FL,33012,Clara.R.Salas@mailinator.com,305-823-7369
George,Klaus,2206 Moonlight Drive,Princeton,NJ,08540,George.K.Klaus@trashymail.com,609-642-3874
Robert,Sharp,4645 College View,Collinsville,IL,62234,Robert.D.Sharp@pookmail.com,618-626-3874
Natalie,Hill,1150 Kooter Lane,Charlotte,NC,28202,Natalie.S.Hill@spambob.com,704-478-4600
Mary,Mundt,4762 Rockford Road,Taunton,MA,02780,Mary.R.Mundt@spambob.com,774-644-0711
Crystal,Phillips,3442 Jefferson Street,Norfolk,VA,23508,Crystal.J.Phillips@pookmail.com,757-683-0236
Stacy,Gonzales,3997 Bird Spring Lane,Houston,TX,77077,Stacy.L.Gonzales@trashymail.com,281-596-2168
Idella,White,2184 Trails End Road,FORT LAUDERDALE,FL,33301,Idella.R.White@trashymail.com,954-354-1452
Kristina,Sanborn,4814 Yorkie Lane,PEMBROKE,GA,31321,Kristina.B.Sanborn@dodgit.com,912-653-5401
Christopher,Lewis,4091 Isaacs Creek Road,Quincy,IL,62301,Christopher.R.Lewis@spambob.com,217-430-0615
Jan,Morris,4155 Giraffe Hill Drive,Irving,TX,75062,Jan.R.Morris@mailinator.com,972-252-2087
Virginia,Wells,626 Rainy Day Drive,WALTHAM,MA,02154,Virginia.M.Wells@dodgit.com,617-944-6081
Thomasena,Grant,4946 Mulberry Avenue,NIMROD,AR,72126,Thomasena.A.Grant@trashymail.com,501-432-9622
Natasha,Bartell,3013 Henry Ford Avenue,Tulsa,OK,74133,Natasha.C.Bartell@mailinator.com,918-250-8026
Theresa,Cedeno,2123 Richland Avenue,SUGAR LAND,TX,77487,Theresa.J.Cedeno@trashymail.com,281-276-5373
Denise,Baker,201 Pickens Way,Longview,TX,75601,Denise.L.Baker@spambob.com,903-374-0403
Carl,Middleton,213 Losh Lane,DORSEYVILLE,PA,15051,Carl.M.Middleton@dodgit.com,412-767-4867
Elizabeth,Mills,2871 Lamberts Branch Road,Miami,FL,33169,Elizabeth.M.Mills@dodgit.com,786-525-3979
Mark,Dillingham,2336 Drummond Street,PISCATAWAY,NJ,08854,Mark.S.Dillingham@pookmail.com,973-314-9527
Gary,Mitchell,3786 Hershell Hollow Road,JASPER,TN,37347,Gary.H.Mitchell@mailinator.com,423-942-1352
Michael,Baker,1261 Trouser Leg Road,SPRINGFIELD,MA,01103,Michael.B.Baker@pookmail.com,413-845-3219
Pamela,Bonnette,4312 Forest Drive,Alexandria,VA,22312,Pamela.K.Bonnette@dodgit.com,703-916-1526
Beatrice,Bernstein,2279 Taylor Street,WHITE PLAINS,NY,10641,Beatrice.F.Bernstein@dodgit.com,914-597-5491
Carl,Laboy,2236 Coburn Hollow Road,Peoria,IL,61602,Carl.A.Laboy@mailinator.com,309-410-6522
Patrick,Petterson,2022 Echo Lane,Kalamazoo,MI,49007,Patrick.J.Petterson@pookmail.com,269-903-6897
Howard,Webster,2504 Jessie Street,Danville,OH,43014,Howard.R.Webster@spambob.com,740-599-0727
Heather,Becker,3621 Patterson Road,New York,NY,10017,Heather.W.Becker@mailinator.com,718-839-3803
Eric,Jenkins,3915 Walnut Drive,MILNOR,ND,58060,Eric.B.Jenkins@trashymail.com,701-427-2435
Lisa,Bradbury,1008 Byers Lane,BLAIRSDEN,CA,96103,Lisa.H.Bradbury@trashymail.com,530-836-9146
Kenneth,Crossman,4876 Ventura Drive,Santa Cruz,CA,95062,Kenneth.T.Crossman@pookmail.com,831-464-9046
Jeffrey,Spears,4908 Raccoon Run,Seattle,WA,98133,Jeffrey.D.Spears@spambob.com,206-947-8190
Maxine,Wall,1387 River Road,SPRINGFIELD,CO,81073,Maxine.K.Wall@spambob.com,719-529-2585
Alan,Holcomb,2015 Grasselli Street,Manchester,NH,03109,Alan.B.Holcomb@trashymail.com,603-384-2913
Cindy,Jones,2940 Rivendell Drive,Warren,OH,44483,Cindy.D.Jones@mailinator.com,330-847-9527
Terry,Hall,318 Roane Avenue,Landover,MD,20785,Terry.C.Hall@dodgit.com,301-226-6443
Evelyn,Sims,4953 Moonlight Drive,Maple Shade,NJ,08052,Evelyn.J.Sims@pookmail.com,609-617-6314
Juan,Quinn,1224 Davisson Street,MORRISTOWN,IN,46161,Juan.V.Quinn@spambob.com,765-763-6106
Issac,Bilski,4374 Cantebury Drive,New York,NY,10036,Issac.S.Bilski@spambob.com,646-562-7312
Kenneth,Crews,3197 Brentwood Drive,Austin,TX,78749,Kenneth.L.Crews@dodgit.com,512-757-1605
John,Hogan,2725 Spirit Drive,WINTER PARK,FL,32789,John.A.Hogan@dodgit.com,386-804-8641
Jon,Ladner,1481 Sycamore Street,Gilroy,CA,95020,Jon.E.Ladner@spambob.com,408-848-2765
Harry,Atkins,2713 Millbrook Road,Elmhurst,IL,60126,Harry.L.Atkins@spambob.com,630-832-6963
Mary,Pizarro,1359 Bruce Street,Saint Louis,MO,63123,Mary.D.Pizarro@pookmail.com,314-256-7506
Patricia,Strohm,2519 Bell Street,San Antonio,TX,78213,Patricia.D.Strohm@dodgit.com,210-979-2355
Betty,Land,885 Pooh Bear Lane,PIEDMONT,SC,29673,Betty.B.Land@dodgit.com,864-608-1923
Noel,Osullivan,3515 Chatham Way,Silver Spring,MD,20910,Noel.G.Osullivan@trashymail.com,240-662-0675
Edward,Phillips,1166 Deer Haven Drive,Greenville,SC,29607,Edward.S.Phillips@trashymail.com,864-420-2080
Mark,Trimmer,3294 White Pine Lane,Front Royal,VA,22630,Mark.P.Trimmer@mailinator.com,540-635-6019
Willie,Jenkins,551 Elkview Drive,Riviera Beach,FL,33407,Willie.M.Jenkins@mailinator.com,772-233-3583
Rachel,Wilson,4973 Broadcast Drive,Charlotte,NC,28202,Rachel.M.Wilson@spambob.com,704-247-3217
Joseph,Odell,2101 Airplane Avenue,Stamford,CT,06902,Joseph.L.Odell@trashymail.com,860-866-0527
Kiara,Wilkinson,351 Fleming Street,Dothan,AL,36303,Kiara.A.Wilkinson@dodgit.com,334-369-0421
Melissa,Mccarthy,4981 Seth Street,KINGSLAND,TX,78639,Melissa.J.Mccarthy@mailinator.com,325-388-6727
Clifford,Noel,1322 Morgan Street,PENSACOLA,FL,32507,Clifford.A.Noel@spambob.com,850-455-2979
Penny,Smiley,3243 Berkshire Circle,Knoxville,TN,37917,Penny.J.Smiley@pookmail.com,865-813-2259
Catherine,Yamada,2265 McDonald Avenue,Orlando,FL,32803,Catherine.N.Yamada@dodgit.com,407-916-4538
Leah,Daniels,1574 Stuart Street,Pittsburgh,PA,15212,Leah.G.Daniels@trashymail.com,724-401-9847
Kenneth,Arnold,2064 Griffin Street,Phoenix,AZ,85034,Kenneth.M.Arnold@pookmail.com,602-295-3923
Cyrus,Martel,845 Marion Drive,WINTER HAVEN,FL,33830,Cyrus.L.Martel@mailinator.com,813-478-8609
Sterling,Delorenzo,1461 Berkley Street,Philadelphia,PA,19107,Sterling.D.Delorenzo@mailinator.com,484-947-8615
Olivia,Thomas,858 Shobe Lane,DURANGO,CO,81302,Olivia.L.Thomas@pookmail.com,970-398-5626
Bertha,Kruse,2616 Hall Valley Drive,Huntington,WV,25701,Bertha.J.Kruse@spambob.com,304-690-2970
Stephen,Walker,3887 Orchard Street,Minneapolis,MN,55410,Stephen.P.Walker@pookmail.com,952-922-1637
Johnathan,Bond,2903 Oakmound Drive,Chicago,IL,60607,Johnathan.V.Bond@mailinator.com,773-341-9670
Ashley,Wright,2424 Maryland Avenue,PINELLAS,FL,34624,Ashley.D.Wright@trashymail.com,727-532-6524
Richard,Brinson,4346 Sardis Sta,Arlington,TX,76010,Richard.P.Brinson@pookmail.com,817-676-2550
Angie,Diorio,3992 Adams Avenue,Savage,MD,20763,Angie.M.Diorio@mailinator.com,301-708-8330
Devon,Bernardo,3137 Sunrise Road,Las Vegas,NV,89101,Devon.J.Bernardo@pookmail.com,702-977-7379
Adrian,Heffner,959 Arbor Court,Casper,WY,82601,Adrian.I.Heffner@pookmail.com,307-247-9047
Erik,Newman,1580 Hillview Drive,Santa Rosa,CA,95407,Erik.G.Newman@trashymail.com,707-235-4357
William,Rico,4966 Snowbird Lane,ALLEN,NE,68710,William.D.Rico@pookmail.com,402-635-6410
Ralph,Buckley,2547 Jerry Dove Drive,MYRTLE BEACH,SC,29577,Ralph.I.Buckley@pookmail.com,843-427-8519
Jessica,Perl,3616 Stratford Court,GOLDSBORO,NC,27530,Jessica.P.Perl@pookmail.com,919-751-9421
Thomas,Braxton,4566 Hardesty Street,Albany,NY,12207,Thomas.D.Braxton@mailinator.com,518-402-2182
Horace,Luckett,2155 Angus Road,New York,NY,10022,Horace.C.Luckett@dodgit.com,212-409-2501
Moses,Manning,3460 Late Avenue,Mangum,OK,73554,Moses.S.Manning@spambob.com,580-782-4686
Peter,Thurlow,2279 Poling Farm Road,Omaha,NE,68137,Peter.A.Thurlow@trashymail.com,402-301-2714
Charles,Matias,4965 Highland Drive,Green Bay,WI,54301,Charles.S.Matias@trashymail.com,920-750-3447
William,Chandler,2494 Romines Mill Road,Dallas,TX,75204,William.C.Chandler@dodgit.com,214-676-5145
Richard,Kunkle,878 Fannie Street,Houston,TX,77036,Richard.S.Kunkle@trashymail.com,979-216-5435
Rose,Birch,2689 Late Avenue,Lawton,OK,73501,Rose.G.Birch@dodgit.com,580-756-7382
Jessie,Beard,2517 Brown Street,Walnut Creek,CA,94596,Jessie.R.Beard@mailinator.com,925-938-9497
Phillip,Troncoso,3894 Lightning Point Drive,Memphis,TN,38110,Phillip.A.Troncoso@dodgit.com,901-413-0053
Melissa,Mann,1077 Agriculture Lane,Miami,FL,33144,Melissa.B.Mann@mailinator.com,305-267-0245
Michael,Williamson,1391 Jadewood Drive,Hammond,IN,46323,Michael.M.Williamson@dodgit.com,219-989-4963
Shanika,Case,4891 McKinley Avenue,Englewood,CO,80112,Shanika.D.Case@mailinator.com,303-829-9655
Peggy,Hansen,1800 Long Street,CLERMONT,FL,32711,Peggy.B.Hansen@spambob.com,352-243-9560
Francine,Medina,3770 Bernardo Street,VINCENNES,IN,47591,Francine.D.Medina@trashymail.com,812-887-8348
Amy,Irving,1981 Dennison Street,Modesto,CA,95354,Amy.A.Irving@pookmail.com,209-574-6479
Conrad,Nix,1223 Wood Duck Drive,SAULT STE MARIE,MI,49783,Conrad.M.Nix@mailinator.com,906-440-8573
Edwin,Hess,1061 Little Acres Lane,Bloomington,IL,61704,Edwin.W.Hess@mailinator.com,217-878-8982
Milton,Everette,1547 Eagle Street,Harrisburg,IL,62946,Milton.J.Everette@dodgit.com,618-380-2700
Cherilyn,Kent,4382 Ashton Lane,Austin,TX,78759,Cherilyn.M.Kent@trashymail.com,512-502-3594
Nellie,Dawson,2438 Charter Street,KANSAS CITY,KS,66207,Nellie.J.Dawson@mailinator.com,913-652-2572
Jeffrey,Berryman,808 Cemetery Street,Salinas,CA,93901,Jeffrey.L.Berryman@trashymail.com,831-747-2219
Sherry,Sutton,1675 Mulberry Lane,BOCA RATON,FL,33434,Sherry.A.Sutton@mailinator.com,561-852-7791
Brad,Hutchinson,3296 Holly Street,Columbus,GA,31901,Brad.D.Hutchinson@dodgit.com,706-221-4472
Amy,Nourse,3993 Cabell Avenue,Arlington,VA,22205,Amy.A.Nourse@mailinator.com,703-536-9680
Mark,Wallace,3595 Elk Street,Rancho Santa Margarita,CA,92688,Mark.M.Wallace@trashymail.com,949-679-3036
Lorraine,Odum,4512 Cherry Camp Road,Burr Ridge,IL,60527,Lorraine.E.Odum@dodgit.com,773-461-9880
Damian,Bouldin,2536 Star Route,Bellwood,IL,60104,Damian.M.Bouldin@dodgit.com,708-544-1691
Elizabeth,Maglione,4610 Braxton Street,Chicago,IL,60607,Elizabeth.J.Maglione@dodgit.com,815-487-2430
Anna,Castillo,1950 Dovetail Estates,Clinton,OK,73601,Anna.G.Castillo@pookmail.com,580-904-6754
Sheri,Mcconnell,2542 Cliffside Drive,DAVENPORT,NY,13750,Sheri.J.Mcconnell@mailinator.com,607-287-8910
Normand,Cowell,2909 Moonlight Drive,Pleasantville,NJ,08232,Normand.B.Cowell@dodgit.com,609-573-9163
Stephanie,Chase,123 Walt Nuzum Farm Road,Canandaigua,NY,14424,Stephanie.E.Chase@mailinator.com,585-396-5397
William,Drewes,4949 Berry Street,Colorado Springs,CO,80907,William.B.Drewes@pookmail.com,719-671-2374
Misty,Varley,1750 Charles Street,Livonia,MI,48150,Misty.P.Varley@trashymail.com,734-458-0338
Paul,Riley,2444 Drummond Street,Lyndhurst,NJ,07071,Paul.D.Riley@dodgit.com,973-308-6245
Ethelene,Leach,1159 West Street,Grand Rapids,MI,49503,Ethelene.R.Leach@trashymail.com,616-770-3815
Dena,Connors,37 Hog Camp Road,Blue Island,IL,60406,Dena.H.Connors@mailinator.com,708-489-9303
Savannah,Hart,4743 Woodlawn Drive,New Berlin,WI,53151,Savannah.L.Hart@pookmail.com,414-712-8463
Jeff,Swanson,4403 Selah Way,South Burlington,VT,05403,Jeff.J.Swanson@trashymail.com,802-566-9086
Marco,Hernandez,1023 Counts Lane,SALVISA,KY,40372,Marco.S.Hernandez@trashymail.com,859-865-6767
Albert,Corey,1696 Norma Lane,Shreveport,LA,71109,Albert.J.Corey@pookmail.com,318-635-1216
John,Gregg,3842 Browning Lane,Madison,WI,53703,John.L.Gregg@spambob.com,608-213-5766
Carlos,Clay,1192 Mulberry Avenue,Little Rock,AR,72211,Carlos.P.Clay@spambob.com,501-366-8684
Gwen,Willis,3243 Stratford Drive,Waipahu,HI,96797,Gwen.K.Willis@pookmail.com,808-346-6395
James,Parker,3970 Crosswind Drive,Hopkinsville,KY,42240,James.A.Parker@dodgit.com,270-887-6772
William,Miller,677 Leisure Lane,San Luis Obispo,CA,93401,William.A.Miller@trashymail.com,805-591-7927
Charles,Pierce,2829 Lauren Drive,Madison,WI,53703,Charles.H.Pierce@trashymail.com,608-359-8141
Alena,Marion,533 Davis Lane,Denver,CO,80202,Alena.D.Marion@mailinator.com,720-359-7127
Martin,Turner,488 River Road,Salida,CO,81201,Martin.G.Turner@dodgit.com,719-539-6302
Margaret,Marsden,2915 Layman Court,ATLANTA,GA,30328,Margaret.J.Marsden@spambob.com,678-370-2445
Marc,Jacobsen,708 Layman Court,Roswell,GA,30075,Marc.A.Jacobsen@trashymail.com,678-338-3467
Alta,Mitchell,4844 Bassell Avenue,Little Rock,AR,72211,Alta.G.Mitchell@spambob.com,501-779-3105
Fred,Odell,2757 Davisson Street,Kokomo,IN,46901,Fred.M.Odell@trashymail.com,765-854-3298
Delma,Jones,4615 Clay Street,Indianapolis,IN,46219,Delma.M.Jones@spambob.com,317-375-5306
Billy,Mitchell,4090 Wetzel Lane,Traverse City,MI,49684,Billy.J.Mitchell@trashymail.com,231-340-8533
Bruce,Davis,3360 Glen Street,Columbia,KY,42728,Bruce.D.Davis@mailinator.com,270-385-8061
Margarito,Howes,59 Terry Lane,Orlando,FL,32801,Margarito.B.Howes@pookmail.com,321-226-4678
Maile,Trader,1364 Lena Lane,Hattiesburg,MS,39401,Maile.K.Trader@mailinator.com,601-543-9897
Melissa,Garcia,555 Mill Street,POLK CITY,FL,33868,Melissa.D.Garcia@dodgit.com,863-984-7462
Kristen,Breton,3086 Lewis Street,Naperville,IL,60540,Kristen.M.Breton@trashymail.com,630-961-1829
Donna,Rushton,1246 Eagle Lane,Brainerd,MN,56401,Donna.K.Rushton@dodgit.com,218-829-7884
Robert,Keane,4225 Bernardo Street,New Albany,IN,47150,Robert.C.Keane@mailinator.com,812-944-8374
Kevin,Shelton,778 Cecil Street,Chicago,IL,60606,Kevin.R.Shelton@pookmail.com,312-263-4592
Eric,Baker,4645 Ridge Road,COLONY,KS,66015,Eric.M.Baker@mailinator.com,620-852-1412
Diego,Evans,4421 Ritter Avenue,Southfield,MI,48075,Diego.L.Evans@dodgit.com,586-617-9605
Timothy,Berard,2118 Red Maple Drive,Los Angeles,CA,90017,Timothy.Y.Berard@dodgit.com,323-443-4687
Thomas,Malone,1286 Newton Street,Saint Cloud,MN,56301,Thomas.M.Malone@trashymail.com,320-287-8685
John,Estey,18 Despard Street,Atlanta,GA,30329,John.R.Estey@spambob.com,404-728-7538
Everett,Mccann,4594 Delaware Avenue,San Francisco,CA,94108,Everett.M.Mccann@mailinator.com,415-272-9063
Harry,Harris,4639 Central Avenue,JERSEY CITY,NJ,07304,Harry.C.Harris@mailinator.com,201-332-7244
Corey,Cook,2679 Dola Mine Road,DURHAM,NC,27707,Corey.J.Cook@spambob.com,919-403-2963
Cindy,Hartfield,161 Corbin Branch Road,MOSHEIM,TN,37818,Cindy.D.Hartfield@trashymail.com,423-422-4951
Jesse,Clark,2148 Oral Lake Road,Minneapolis,MN,55402,Jesse.J.Clark@spambob.com,952-373-7133
Jose,Redden,2115 Berkley Street,COLLEGEVILLE,PA,19426,Jose.A.Redden@pookmail.com,484-902-0278
Patricia,Lawrence,2786 Ferry Street,TOWN CREEK,AL,35672,Patricia.C.Lawrence@mailinator.com,256-685-1107
James,Moore,352 Beechwood Avenue,PISCATAWAY,NJ,08854,James.K.Moore@dodgit.com,908-881-7340
Kim,Coder,2968 Crestview Manor,Indianapolis,IN,46204,Kim.J.Coder@pookmail.com,317-237-1315
Daniel,Malloy,2904 Tail Ends Road,Milwaukee,WI,53202,Daniel.B.Malloy@trashymail.com,920-547-9588
Terese,Diamond,4135 Quincy Street,Philadelphia,PA,19107,Terese.S.Diamond@trashymail.com,267-544-4277
Dorothy,Schiffman,2374 George Avenue,Mobile,AL,36602,Dorothy.M.Schiffman@pookmail.com,251-417-8835
Donald,Byrd,1055 Michael Street,Houston,TX,77002,Donald.D.Byrd@spambob.com,713-758-4007
John,Borden,1562 Weekley Street,San Antonio,TX,78205,John.K.Borden@dodgit.com,210-302-2808
Bradley,Parks,3644 Hamilton Drive,Baltimore,MD,21202,Bradley.N.Parks@spambob.com,410-234-1947
Charles,Thomas,4965 Holt Street,Miami,FL,33128,Charles.M.Thomas@dodgit.com,561-342-3213
Marie,Sealey,972 Duck Creek Road,San Bruno,CA,94066,Marie.P.Sealey@pookmail.com,650-874-1449
James,Vasquez,1292 Rhode Island Avenue,Beltsville,DC,20705,James.V.Vasquez@pookmail.com,202-427-8660
Leticia,Jones,175 Franklin Street,Montgomery,AL,36104,Leticia.D.Jones@mailinator.com,334-686-9753
Phillip,Rutledge,4544 Lakewood Drive,Newark,NJ,07105,Phillip.G.Rutledge@dodgit.com,201-813-1761
Priscilla,Thayer,210 Barfield Lane,Indianapolis,IN,46204,Priscilla.A.Thayer@spambob.com,317-488-0953
Johnathon,Reed,1393 School Street,WASHINGTON,DC,20200,Johnathon.S.Reed@dodgit.com,202-957-2844
Burt,Kelley,1794 Dark Hollow Road,PRINCETON,NJ,08540,Burt.S.Kelley@trashymail.com,609-279-6094
James,Wilson,1753 Circle Drive,Houston,TX,77093,James.K.Wilson@spambob.com,832-590-6020
Susan,Kidd,6 Richison Drive,Libby,MT,59923,Susan.R.Kidd@pookmail.com,406-291-8023
Teresa,Thomas,2808 Oxford Court,GREENWOOD,MS,38903,Teresa.R.Thomas@mailinator.com,662-288-0886
Rebecca,Battle,2094 Traders Alley,Kansas City,MO,64105,Rebecca.K.Battle@dodgit.com,816-372-4160
Dorothy,Ruhl,29 Windy Ridge Road,POE,IN,46816,Dorothy.T.Ruhl@spambob.com,260-639-7429
Johna,Harris,3765 Badger Pond Lane,Tampa,FL,33637,Johna.L.Harris@dodgit.com,727-249-2222
Faith,Styron,1614 College View,Cape Girardeau,IL,63701,Faith.J.Styron@pookmail.com,618-661-2119
Jacob,Brooks,3688 Smithfield Avenue,Amarillo,TX,79101,Jacob.S.Brooks@mailinator.com,806-671-2308
Henry,Uribe,3042 Driftwood Road,Santa Clara,CA,95054,Henry.M.Uribe@dodgit.com,408-327-6990
James,Fisher,1841 Hamill Avenue,San Diego,CA,92111,James.L.Fisher@pookmail.com,858-430-4490
Cecile,Williams,2039 Stonecoal Road,Toledo,OH,43607,Cecile.W.Williams@mailinator.com,419-534-4923
Dave,Draper,3893 Fraggle Drive,Schaumburg,IL,60173,Dave.H.Draper@trashymail.com,630-329-5346
Josephine,Grace,4143 Post Avenue,Hickory Hills,IN,60457,Josephine.F.Grace@spambob.com,219-314-6225
Brittany,Dye,431 Hawks Nest Lane,Saint Louis,MO,63146,Brittany.G.Dye@pookmail.com,314-656-9952
Patricia,Sorrells,1729 Deans Lane,FAIRVIEW PARK,NY,10603,Patricia.R.Sorrells@dodgit.com,914-784-2702
Linda,Khang,3955 Summit Street,DELMAR,IA,52037,Linda.J.Khang@trashymail.com,563-574-0773
Mary,Padron,3986 Roosevelt Street,San Francisco,CA,94105,Mary.T.Padron@spambob.com,415-408-8190
Ben,Jenks,2249 Cinnamon Lane,San Antonio,TX,78212,Ben.C.Jenks@spambob.com,210-885-8513
Veronica,Cohen,4431 Spring Street,BROADLANDS,IL,61816,Veronica.L.Cohen@mailinator.com,217-834-9802
Stephanie,Gates,1328 Alexander Avenue,San Rafael,CA,94901,Stephanie.S.Gates@spambob.com,925-574-3271
Hazel,Houck,934 Briercliff Road,Brooklyn,NY,11235,Hazel.J.Houck@mailinator.com,718-646-4273
Teresa,Dillard,4224 Woodlawn Drive,Oak Creek,WI,53154,Teresa.J.Dillard@spambob.com,414-768-6121
Tina,Altom,4700 Rockford Road,Dayton,NV,89403,Tina.J.Altom@trashymail.com,775-241-8846
Drema,Edmonds,3079 Barnes Street,Orlando,FL,32808,Drema.F.Edmonds@mailinator.com,407-293-6420
Ramona,Bower,4791 Heliport Loop,PIGEON TOWNSHIP,IN,47523,Ramona.R.Bower@pookmail.com,812-686-7615
Mae,Mcqueen,510 Flanigan Oaks Drive,Bethesda,MD,20817,Mae.M.Mcqueen@dodgit.com,301-365-0314
Benjamin,Yother,3601 Sherwood Circle,Lake Charles,LA,70629,Benjamin.T.Yother@spambob.com,337-287-0570
Samuel,Applewhite,3831 Eagle Lane,Fergus Falls,MN,56537,Samuel.D.Applewhite@trashymail.com,218-770-8052
Delbert,Drewes,3168 Wolf Pen Road,Redwood City,CA,94063,Delbert.J.Drewes@mailinator.com,650-368-8879
Barbara,Gilden,3406 Jehovah Drive,Fredericksburg,VA,22408,Barbara.T.Gilden@trashymail.com,540-408-8056
Harold,Barnett,2256 Edwards Street,SOUTH MILLS,NC,27976,Harold.K.Barnett@pookmail.com,252-771-6471
Kelly,Ranck,3003 Water Street,Oakland,CA,94607,Kelly.C.Ranck@pookmail.com,925-351-7808
Marisa,Powell,2824 Tavern Place,Lakewood,CO,80227,Marisa.J.Powell@pookmail.com,303-986-9708
Claudia,Miller,4041 Oakway Lane,Riverside,CA,92507,Claudia.S.Miller@pookmail.com,818-336-2964
Jeffrey,Tillman,4832 Lady Bug Drive,Bronx,NY,10458,Jeffrey.C.Tillman@dodgit.com,718-933-0475
Demarcus,Peterson,4525 Neuport Lane,Marietta,GA,30064,Demarcus.C.Peterson@dodgit.com,770-429-5181
Mariela,Hale,1751 Robinson Lane,NEWARK,OH,43055,Mariela.H.Hale@mailinator.com,740-364-0342
Michael,Hawkins,3399 Holly Street,Charlotte,NC,28209,Michael.D.Hawkins@dodgit.com,704-980-4474
Marc,Canada,2682 Devils Hill Road,Jackson,MS,39211,Marc.L.Canada@dodgit.com,601-880-3061
Joseph,Reilly,4875 Romano Street,BRAINTREE,MA,02184,Joseph.L.Reilly@spambob.com,781-348-9853
Michael,Arsenault,4965 Emily Drive,Cayce,SC,29033,Michael.D.Arsenault@dodgit.com,803-926-7448
Margaret,Padgett,4522 West Fork Street,Helena,MT,59601,Margaret.R.Padgett@trashymail.com,406-442-6535
Curtis,Wheeler,2342 Henery Street,Wichita,KS,67204,Curtis.R.Wheeler@pookmail.com,316-832-8578
Loren,Austin,2630 Sunny Glen Lane,Cleveland,OH,44106,Loren.E.Austin@trashymail.com,216-721-4446
Aaron,Conyers,4931 Hornor Avenue,CLAREMORE,OK,74017,Aaron.D.Conyers@mailinator.com,918-343-9999
Mary,Erickson,3720 Saint Francis Way,NORRISTOWN,PA,19403,Mary.C.Erickson@pookmail.com,267-217-8176
Alice,Catlett,8 Roy Alley,Westminster,CO,80030,Alice.R.Catlett@dodgit.com,303-907-7449
Calvin,Crawford,2016 Coburn Hollow Road,Galesburg,IL,61401,Calvin.A.Crawford@pookmail.com,309-371-0487
Diana,Rivera,4816 Dawson Drive,Cabot,AR,72023,Diana.D.Rivera@spambob.com,501-843-0566
Sammy,Parker,3650 Bee Street,LE ROY,MI,49655,Sammy.J.Parker@dodgit.com,231-768-7142
Charlie,Davis,877 Romines Mill Road,Dallas,TX,75247,Charlie.J.Davis@trashymail.com,214-621-9410
Brenda,Madera,4883 Modoc Alley,POCATELLO,ID,83204,Brenda.J.Madera@mailinator.com,208-236-0149
Michele,Coulter,1229 Harley Brook Lane,Mount Union,PA,17066,Michele.P.Coulter@mailinator.com,814-543-5156
Debra,Eldredge,4541 Heavens Way,Sarasota,FL,34240,Debra.A.Eldredge@trashymail.com,941-879-2179
Rebecca,Murphy,1357 Kyle Street,Grand Island,NE,68801,Rebecca.J.Murphy@trashymail.com,308-382-6407
Barbara,Williams,2720 Broadcast Drive,Charlotte,NC,28202,Barbara.K.Williams@pookmail.com,704-253-1418
Shane,Stevens,3578 Willis Avenue,Jacksonville,FL,32216,Shane.J.Stevens@pookmail.com,386-530-8427
Patricia,Brown,2217 High Meadow Lane,Scranton,PA,18503,Patricia.T.Brown@pookmail.com,570-496-6997
Denise,Graham,3308 Stockert Hollow Road,Kirkland,WA,98033,Denise.M.Graham@mailinator.com,425-822-5598
Sherrie,Loos,3133 Woodridge Lane,Memphis,TN,38104,Sherrie.P.Loos@dodgit.com,901-278-5575
Kathy,Henson,1851 Paradise Lane,FULLERTON,CA,93632,Kathy.G.Henson@pookmail.com,909-641-9742
Earlene,Wetherby,3359 Bond Street,PROVIDENCE,RI,02905,Earlene.C.Wetherby@trashymail.com,401-781-9703
Tyrone,Stone,1161 Khale Street,FLORENCE,SC,29501,Tyrone.P.Stone@mailinator.com,843-595-7979
Gabrielle,Rodriguez,3811 Rodney Street,Valley Park,MO,63088,Gabrielle.M.Rodriguez@trashymail.com,636-431-0059
Annie,Anderson,1384 Thunder Road,San Jose,CA,95134,Annie.S.Anderson@dodgit.com,650-487-6057
William,Lane,3135 Woodside Circle,Tallahassee,FL,32301,William.D.Lane@pookmail.com,850-702-6754
Larry,Shaw,4790 College Street,Atlanta,GA,30303,Larry.B.Shaw@spambob.com,404-301-1483
Edward,Miller,1583 Pallet Street,White Plains,NY,10601,Edward.J.Miller@mailinator.com,914-418-0807
Debra,Cane,4709 Sardis Station,Minneapolis,MN,55415,Debra.C.Cane@spambob.com,612-392-3672
Lyle,Barto,670 Eagles Nest Drive,Sacramento,CA,95814,Lyle.B.Barto@pookmail.com,530-590-0878
Nancy,Price,1736 Carter Street,CHESTERFIELD,IL,62630,Nancy.J.Price@trashymail.com,618-753-6296
Catherine,Robinson,2827 Foley Street,Deerfield Beach,FL,33442,Catherine.H.Robinson@mailinator.com,954-662-4410
Joan,Horvath,210 Stonepot Road,WEEHAWKEN,NJ,07087,Joan.T.Horvath@spambob.com,908-388-9162
Elizabeth,Bowers,2551 Farland Street,WALPOLE,MA,02081,Elizabeth.C.Bowers@spambob.com,774-216-9625
Morris,Marshall,4687 Trymore Road,Owatonna,MN,55060,Morris.J.Marshall@mailinator.com,507-781-4817
Linda,Reed,699 Sumner Street,Los Angeles,CA,90045,Linda.G.Reed@mailinator.com,310-649-6024
Jesus,Jimenez,3136 Cecil Street,Chicago,IL,60605,Jesus.S.Jimenez@mailinator.com,312-291-4099
Brenda,Sumner,3440 Neville Street,Evansville,IN,47708,Brenda.J.Sumner@mailinator.com,812-627-4304
Donald,Pittenger,3228 Hurry Street,FORT LEWIS,VA,24153,Donald.C.Pittenger@trashymail.com,540-380-3281
Michele,Webb,2765 Richland Avenue,PINEHURST,TX,77362,Michele.D.Webb@mailinator.com,281-259-1332
Louis,Cross,1681 Circle Drive,Houston,TX,77063,Louis.B.Cross@trashymail.com,832-488-6174
Mary,Vitagliano,4860 Poplar Avenue,San Diego,CA,92101,Mary.J.Vitagliano@trashymail.com,619-578-1674
Paula,Lucas,1958 Summit Park Avenue,Pontiac,MI,48342,Paula.J.Lucas@mailinator.com,248-874-6870
Noe,Walker,1278 Oakridge Farm Lane,New Berlin,WI,53151,Noe.S.Walker@pookmail.com,262-345-9892
Rosaria,Labbe,2939 New Street,Portland,OR,97209,Rosaria.L.Labbe@mailinator.com,541-362-7435
Lorraine,France,2851 Renwick Drive,NEWARK,PA,19714,Lorraine.T.France@dodgit.com,484-306-3616
Jessie,Harrison,636 Heron Way,Portland,OR,97214,Jessie.L.Harrison@trashymail.com,503-813-3139
Sherry,Patterson,4895 Boone Street,Cuero,TX,77954,Sherry.C.Patterson@spambob.com,361-275-1258
Jeremy,Velazquez,1598 Heavens Way,Port Charlotte,FL,33954,Jeremy.M.Velazquez@trashymail.com,941-883-0475
Lettie,Otto,1043 Simons Hollow Road,THOMPSON,PA,18465,Lettie.J.Otto@pookmail.com,570-727-2974
Christopher,Harris,2717 Scenic Way,Mattoon,IL,61938,Christopher.J.Harris@mailinator.com,217-663-0724
Nia,Greiner,896 Freed Drive,Stockton,CA,95204,Nia.A.Greiner@trashymail.com,209-758-5890
Agnes,Hickey,3481 Sycamore Circle,Blue Mound,TX,76131,Agnes.D.Hickey@pookmail.com,682-286-7920
Edward,Simpson,2823 Pick Street,Centennial,CO,80112,Edward.A.Simpson@dodgit.com,970-621-0355
Sonya,Baltazar,2553 Goosetown Drive,ARDEN,NC,28704,Sonya.J.Baltazar@dodgit.com,828-651-7310
Charles,Moylan,3897 Sherman Street,Superior,KS,68978,Charles.M.Moylan@spambob.com,785-875-6398
Lola,Wood,1333 Andell Road,LAVERGNE,TN,37086,Lola.J.Wood@pookmail.com,615-213-2747
Jenny,Brinkman,3064 Caynor Circle,Belleville,NJ,07109,Jenny.W.Brinkman@spambob.com,908-592-1314
Benjamin,Woods,4993 Heron Way,Portland,OR,97206,Benjamin.C.Woods@mailinator.com,503-788-4421
Mary,Soltys,1171 Euclid Avenue,Guadalupe,CA,93434,Mary.W.Soltys@trashymail.com,805-343-8843
Paul,Martinez,3829 Angus Road,New York,NY,10281,Paul.M.Martinez@trashymail.com,212-444-0976
Patrick,Converse,761 Cambridge Court,Springdale,AR,72764,Patrick.D.Converse@pookmail.com,479-802-1178
Robert,Gonzalez,3407 College Street,DULUTH,GA,30097,Robert.L.Gonzalez@spambob.com,404-354-5929
Paul,Lopez,3928 Timber Oak Drive,Santa Barbara,CA,93101,Paul.M.Lopez@spambob.com,805-957-1686
Dan,Spruill,3232 Braxton Street,DAKOTA,IL,61018,Dan.L.Spruill@mailinator.com,815-449-6679
Timothy,Mitchell,3194 Spring Street,KIRKSVILLE,IL,61951,Timothy.A.Mitchell@pookmail.com,217-797-2766
Pamela,Rowell,4800 Jerome Avenue,Dallas,TX,75252,Pamela.B.Rowell@mailinator.com,956-367-5582
Kellie,Campbell,3133 Cody Ridge Road,Enid,OK,73701,Kellie.L.Campbell@dodgit.com,580-542-8986
Charles,Garza,28 Pike Street,San Diego,CA,92103,Charles.M.Garza@trashymail.com,858-610-3210
Carol,Anderson,4508 Upland Avenue,Lima,OH,45801,Carol.C.Anderson@trashymail.com,419-910-8416
Sharon,Hart,791 Woodland Terrace,Rancho Cordova,CA,95742,Sharon.D.Hart@mailinator.com,916-960-9202
Ricky,Burgos,3525 Haven Lane,Potterville,MI,48876,Ricky.R.Burgos@spambob.com,517-645-0342
Michael,Murray,1064 Horizon Circle,Tukwila,WA,98168,Michael.E.Murray@spambob.com,253-595-7892
Kathleen,Mizell,1616 Oak Street,HAMMOND,NY,13646,Kathleen.M.Mizell@trashymail.com,315-324-6591
Marcia,Bellis,1744 Kidd Avenue,GIRDWOOD,AK,99587,Marcia.M.Bellis@mailinator.com,907-783-3124
Robert,Radcliff,401 Dovetail Drive,Schaumburg,IL,60173,Robert.I.Radcliff@spambob.com,847-330-0448
Gwendolyn,Green,4778 Java Lane,North Augusta,SC,29841,Gwendolyn.A.Green@mailinator.com,803-640-6619
Valerie,Stephens,3506 Green Avenue,Oakland,CA,94607,Valerie.J.Stephens@mailinator.com,510-798-3582
Maxie,Moffett,4978 Hillcrest Drive,Seattle,WA,98101,Maxie.W.Moffett@spambob.com,253-269-2152
Andrea,Jones,2941 Saint Clair Street,Greenwood,MS,38930,Andrea.W.Jones@pookmail.com,662-607-2427
Heather,Smith,4857 Coulter Lane,RICHMOND,VA,23222,Heather.A.Smith@mailinator.com,804-314-2946
Lee,Teran,2062 Finwood Road,SPOTSWOOD,NJ,08884,Lee.F.Teran@trashymail.com,732-416-5524
Alta,Bass,1581 Sycamore Road,GILCHRIST,OR,97737,Alta.R.Bass@mailinator.com,541-433-2383
Dwayne,Irick,3032 Horseshoe Lane,Philadelphia,PA,19103,Dwayne.J.Irick@pookmail.com,484-454-4648
Jason,Pearson,813 Granville Lane,NEWARK,NJ,07104,Jason.R.Pearson@spambob.com,973-483-1214
Leslie,Rice,3586 Green Acres Road,Rocky Mount,NC,27801,Leslie.E.Rice@trashymail.com,252-373-3568
Elke,Roberts,4976 Pratt Avenue,Redmond,WA,98052,Elke.M.Roberts@mailinator.com,360-920-5959
Elsie,Cousins,2514 Lee Avenue,Princeton,NJ,08540,Elsie.S.Cousins@trashymail.com,856-393-1650
Karen,Ramirez,1257 White Lane,Macon,GA,31206,Karen.A.Ramirez@dodgit.com,478-785-9028
Donald,Borelli,4257 Florence Street,Fort Worth,TX,76104,Donald.F.Borelli@dodgit.com,903-449-1368
Leonardo,Brookover,886 Masonic Hill Road,Little Rock,AR,72209,Leonardo.B.Brookover@dodgit.com,501-570-6636
Bruce,Kirby,3779 Rardin Drive,Palo Alto,CA,94306,Bruce.A.Kirby@trashymail.com,650-724-1839
Bobby,Murphy,2166 Franklin Avenue,PALM COAST,FL,32152,Bobby.B.Murphy@spambob.com,386-206-4168
Elton,Fair,770 Stockert Hollow Road,EVERETT,WA,98208,Elton.R.Fair@mailinator.com,425-844-4202
Anna,Caswell,3932 Deer Ridge Drive,NEWTON,NJ,07860,Anna.J.Caswell@dodgit.com,973-579-0866
Mary,Klos,4376 Ferry Street,Huntsville,AL,35802,Mary.J.Klos@pookmail.com,256-707-7390
William,Walker,595 Benedum Drive,ORANGEBURG,NY,10962,William.K.Walker@dodgit.com,845-359-5907
Stanley,Race,2268 Poe Road,North Charleston,SC,29420,Stanley.A.Race@pookmail.com,843-226-1721
Kyle,Marshall,2969 Beechwood Avenue,FLEMINGTON,NJ,08822,Kyle.M.Marshall@spambob.com,908-806-9535
Dorothy,Hill,771 Heron Way,Portland,OR,97232,Dorothy.B.Hill@mailinator.com,503-818-7404
David,Cantor,4763 Stuart Street,Grove City,PA,16127,David.L.Cantor@mailinator.com,724-458-5104
Molly,Vanscyoc,8 Cardinal Lane,CHRISMAN,IL,61924,Molly.D.Vanscyoc@pookmail.com,217-269-7903
Nancy,Otten,4214 Cheshire Road,BRIDGEPORT,CT,06604,Nancy.J.Otten@pookmail.com,203-335-4449
Jean,Calahan,179 Willow Greene Drive,MONTGOMERY,AL,36014,Jean.A.Calahan@spambob.com,334-307-4540
Richard,Fowler,2088 James Street,Buffalo,NY,14202,Richard.D.Fowler@trashymail.com,585-543-3212
Robert,Lopez,746 Garfield Road,DAVENPORT,IL,52803,Robert.T.Lopez@dodgit.com,309-710-0499
Robert,Munson,3483 Hall Valley Drive,Culloden,WV,25510,Robert.H.Munson@dodgit.com,304-634-5873
Lana,Ralls,1964 Jewell Road,Minneapolis,MN,55415,Lana.T.Ralls@dodgit.com,612-600-8995
Harold,Ogan,885 Clark Street,Lindenhurst,NY,11757,Harold.D.Ogan@trashymail.com,631-226-1669
John,Williams,2173 Don Jackson Lane,Honolulu,HI,96826,John.K.Williams@dodgit.com,808-954-3213
Alfred,Jenkins,4838 Short Street,Austin,TX,78735,Alfred.J.Jenkins@mailinator.com,512-895-4900
April,Sturdivant,567 Columbia Mine Road,CHARLESTON,WV,25314,April.B.Sturdivant@mailinator.com,304-541-6207
Lula,Leath,4348 Lena Lane,Meridian,MS,39301,Lula.H.Leath@mailinator.com,601-484-2880
Tyler,Mayer,4437 Maple Lane,Birmingham,AL,35203,Tyler.N.Mayer@spambob.com,256-481-8844
Tatiana,Mendieta,4140 Lyon Avenue,NEW BEDFORD,MA,02740,Tatiana.P.Mendieta@trashymail.com,508-961-1552
Gloria,Maxwell,4084 Andy Street,IPSWICH,SD,57451,Gloria.M.Maxwell@dodgit.com,605-426-8059
Kathryn,Rogers,4545 Buckhannan Avenue,Syracuse,NY,13202,Kathryn.N.Rogers@spambob.com,315-508-2513
John,Palmer,4722 Old House Drive,Columbus,OH,43215,John.A.Palmer@trashymail.com,740-907-4581
Harrison,Rolland,2500 Old Dear Lane,Middletown,NY,10940,Harrison.M.Rolland@trashymail.com,845-775-0579
Jeffrey,Showers,4438 Jefferson Street,ACCOMACK,VA,23510,Jeffrey.L.Showers@mailinator.com,757-710-5887
Edith,Doyon,1247 Kerry Way,Gardena,CA,90247,Edith.T.Doyon@pookmail.com,562-718-2389
Freddie,Bennett,4147 Arbor Court,Worland,WY,82401,Freddie.A.Bennett@trashymail.com,307-347-5528
Donald,King,2941 Edgewood Road,Memphis,TN,38128,Donald.L.King@spambob.com,901-223-0330
Dorsey,Lupton,2496 Ross Street,CARBONDALE,IL,62901,Dorsey.S.Lupton@dodgit.com,618-309-5425
James,Youngblood,4765 Burnside Avenue,PARTOUN,UT,84083,James.C.Youngblood@dodgit.com,435-693-4450
James,Wicklund,464 Columbia Mine Road,Charleston,WV,25301,James.E.Wicklund@trashymail.com,304-561-2558
Margaret,Vargas,4494 Stadium Drive,Mansfield,MA,02048,Margaret.A.Vargas@pookmail.com,508-294-4644
Enrique,Harris,905 Trainer Avenue,Peoria,IL,61602,Enrique.T.Harris@trashymail.com,309-480-6108
Lawrence,Gale,4997 Rollins Road,Grand Island,NE,68801,Lawrence.O.Gale@spambob.com,308-651-5535
Isabelle,Miller,4015 Fleming Way,Richmond,VA,23224,Isabelle.A.Miller@dodgit.com,804-720-7131
Rosemarie,Weir,4677 Romano Street,QUINCY,MA,02169,Rosemarie.K.Weir@spambob.com,781-394-9382
Peter,Perez,4455 Nicholas Street,Salina,KS,67401,Peter.V.Perez@mailinator.com,785-314-1948
Sheila,Currier,1335 Stark Hollow Road,Cimarron,CO,81220,Sheila.W.Currier@mailinator.com,970-862-1794
Andrew,Hunter,4622 Public Works Drive,Knoxville,TN,37929,Andrew.R.Hunter@mailinator.com,423-352-9613
Bridgett,Emmanuel,1017 Conaway Street,EVANSVILLE,IN,47708,Bridgett.B.Emmanuel@mailinator.com,812-422-3178
Delores,Samuels,3393 Beechwood Drive,Pittsburgh,PA,15213,Delores.F.Samuels@mailinator.com,412-253-4743
Peter,Bowes,396 Berkley Street,Philadelphia,PA,19107,Peter.P.Bowes@trashymail.com,484-947-9904
Mary,Reese,4243 Harrison Street,San Francisco,CA,94112,Mary.J.Reese@spambob.com,415-582-5260
Andrew,Cole,1262 Woodstock Drive,El Monte,CA,91731,Andrew.J.Cole@spambob.com,626-448-2092
Rhonda,Briganti,1794 Brooklyn Street,Eugene,OR,97401,Rhonda.J.Briganti@mailinator.com,541-246-8013
Lorie,Martinez,4115 Lake Forest Drive,Yorktown Heights,NY,10598,Lorie.M.Martinez@mailinator.com,914-245-7669
Pat,Ward,1927 Pratt Avenue,CHEHALIS,WA,98596,Pat.T.Ward@mailinator.com,360-880-0504
Leslie,Coleman,732 Roy Alley,Denver,CO,80202,Leslie.W.Coleman@mailinator.com,303-854-3608
Lisa,Walters,1136 Ella Street,Brisbane,CA,94005,Lisa.D.Walters@dodgit.com,650-248-4687
Keith,Bailey,4547 Summit Park Avenue,Mobile,AL,36602,Keith.A.Bailey@mailinator.com,251-202-5844
Dawn,Seybert,3740 Williams Lane,Wichita,KS,67202,Dawn.R.Seybert@trashymail.com,316-462-3238
Bertha,Davis,1416 Gorby Lane,Jackson,MS,39201,Bertha.H.Davis@trashymail.com,601-308-9687
Jeanie,Worrell,847 Vernon Street,CALIFORNIA,CA,02110,Jeanie.W.Worrell@dodgit.com,760-650-3385
Lisa,Wong,266 Rosebud Avenue,LESLIE,AR,72645,Lisa.A.Wong@pookmail.com,870-447-3904
Ronald,Williams,510 Park Avenue,SACRAMENTO,CA,95814,Ronald.K.Williams@dodgit.com,916-420-3491
Thomas,Miranda,107 Cerullo Road,Louisville,KY,40202,Thomas.D.Miranda@spambob.com,502-400-7121
Jacque,Carrasco,4405 Willow Oaks Lane,Lafayette,LA,70506,Jacque.F.Carrasco@pookmail.com,337-350-9317
Gladys,Spring,2319 Tea Berry Lane,Wausau,WI,54403,Gladys.H.Spring@pookmail.com,715-846-2759
Donald,Gonzalez,4451 Norma Avenue,RICHARDS,TX,77873,Donald.K.Gonzalez@spambob.com,936-851-7879
Dan,Crotts,3748 Turkey Pen Lane,Dothan,AL,36301,Dan.H.Crotts@pookmail.com,334-506-7104
George,Todd,2438 Clay Street,Indianapolis,IN,46214,George.R.Todd@pookmail.com,317-440-8623
Jennifer,Thomas,518 Keyser Ridge Road,Thomasville,NC,27360,Jennifer.J.Thomas@mailinator.com,336-472-0232
Randy,Harris,760 Meadowview Drive,Fredericksburg,VA,22408,Randy.R.Harris@pookmail.com,540-846-2034
Karen,Berndt,2072 North Bend River Road,Prestonsburg,KY,41653,Karen.G.Berndt@pookmail.com,606-886-3390
Ann,Bemis,4362 Stewart Street,Indianapolis,IN,46204,Ann.J.Bemis@dodgit.com,317-631-6024
Daniel,Wilson,1058 Kessla Way,MYRTLE BEACH,SC,29577,Daniel.R.Wilson@spambob.com,843-385-7289
Michael,Charles,3988 Laurel Lee,BLAINE,MN,55414,Michael.A.Charles@dodgit.com,651-717-5816
Willie,Hightower,482 Cedar Street,ROSSTON,AR,71858,Willie.E.Hightower@trashymail.com,870-871-1742
John,Roberts,4056 John Avenue,East Lansing,MI,48823,John.P.Roberts@dodgit.com,517-909-6913
Michael,Cleary,1309 Winding Way,PROVIDENCE,RI,02908,Michael.A.Cleary@mailinator.com,401-622-4860
Sarai,Sanchez,53 Brownton Road,TUPELO,MS,38801,Sarai.R.Sanchez@mailinator.com,662-377-8884
Josephine,Carmona,751 Jehovah Drive,Winchester,VA,22603,Josephine.E.Carmona@mailinator.com,540-504-1907
Robert,Ness,3074 Coburn Hollow Road,Yates City,IL,61572,Robert.K.Ness@mailinator.com,309-358-4167
Isaac,Reyes,1847 Driftwood Road,Oakland,CA,94612,Isaac.J.Reyes@dodgit.com,408-305-1456
Jewell,Bailey,1767 Mahlon Street,Red Bank,NJ,07701,Jewell.P.Bailey@trashymail.com,732-997-7226
Robert,Aldridge,3062 Locust View Drive,San Francisco,CA,94107,Robert.N.Aldridge@pookmail.com,415-997-7918
Doris,Smith,3966 Capitol Avenue,Indianapolis,IN,46225,Doris.A.Smith@trashymail.com,765-510-4588
Amelia,Doran,483 Mercer Street,Eau Claire,WI,54701,Amelia.J.Doran@dodgit.com,715-609-4680
Sara,Cross,3680 Perry Street,Burton,MI,48519,Sara.R.Cross@trashymail.com,810-743-5641
Steve,Lowe,4998 Howard Street,Grand Rapids,MI,49507,Steve.J.Lowe@dodgit.com,616-475-0646
Allison,Hayes,2366 Adams Drive,Bryan,TX,77803,Allison.D.Hayes@mailinator.com,979-505-3027
Pearl,Miller,3926 Margaret Street,Sugar Land,TX,77478,Pearl.R.Miller@trashymail.com,713-905-1237
Frank,Blevins,4711 Sumner Street,Los Angeles,CA,90017,Frank.L.Blevins@mailinator.com,310-620-1796
Paula,Colson,4796 Berry Street,Del Norte,CO,81132,Paula.D.Colson@pookmail.com,719-657-4960
Donald,King,291 Dennison Street,Modesto,CA,95354,Donald.R.King@trashymail.com,209-572-5642
Isreal,Boyd,1696 Sampson Street,DENVER,CO,80202,Isreal.K.Boyd@pookmail.com,303-557-0793
Barbara,Deen,4596 Ella Street,San Francisco,CA,94107,Barbara.J.Deen@mailinator.com,650-279-2973
Jack,Reser,4657 Swick Hill Street,Charlotte,NC,28202,Jack.C.Reser@trashymail.com,980-203-2204
Ben,Colunga,2716 Pallet Street,Elmsford,NY,10523,Ben.C.Colunga@dodgit.com,914-384-3465
Jeff,Lockard,575 Winding Way,PROVIDENCE,RI,02905,Jeff.R.Lockard@mailinator.com,401-588-1018
Susan,James,3270 Chicago Avenue,Fresno,CA,93706,Susan.S.James@mailinator.com,559-647-9904
Brenda,Jenkins,221 Archwood Avenue,MOUNTAIN VIEW,WY,82939,Brenda.M.Jenkins@mailinator.com,307-747-4468
Joanne,Christie,3893 Boone Street,Corpus Christi,TX,78476,Joanne.F.Christie@spambob.com,361-209-7119
Robert,Rascon,1343 Lighthouse Drive,Springfield,MO,65804,Robert.V.Rascon@mailinator.com,417-241-7163
Eugene,Carver,2211 Marigold Lane,Fort Lauderdale,FL,33311,Eugene.M.Carver@spambob.com,305-401-5506
Sonia,Harman,520 Canis Heights Drive,Los Angeles,CA,90071,Sonia.H.Harman@trashymail.com,213-702-5900
Olivia,Sanderson,4418 Jessie Street,QUAKER CITY,OH,43773,Olivia.D.Sanderson@dodgit.com,740-679-2443
Anissa,Long,484 Corbin Branch Road,Knoxville,TN,37909,Anissa.P.Long@dodgit.com,423-465-8260
Lauren,Sacco,698 Randolph Street,WHITMAN,MA,02382,Lauren.J.Sacco@pookmail.com,508-690-2625
Marie,Adams,802 White Oak Drive,Holden,MO,64040,Marie.S.Adams@trashymail.com,816-732-0751
Robert,Diaz,534 Marie Street,Baltimore,MD,21229,Robert.K.Diaz@pookmail.com,410-906-8013
Craig,Rodriguez,3766 Simpson Avenue,Carlisle,PA,17013,Craig.A.Rodriguez@trashymail.com,717-960-0505
Teri,Lara,4188 Ripple Street,Saginaw,MI,48601,Teri.J.Lara@spambob.com,989-769-0513
Janet,Pollard,3398 Masonic Hill Road,GREENBRIER,AR,72058,Janet.B.Pollard@dodgit.com,501-581-1231
Angelica,Haase,4837 Southside Lane,Los Angeles,CA,90017,Angelica.K.Haase@dodgit.com,323-767-5942
Eric,Baxter,4006 Maryland Avenue,BAYOU,FL,34665,Eric.C.Baxter@trashymail.com,727-548-1953
Martha,Mejia,341 Sunburst Drive,Fort Myers,FL,33912,Martha.J.Mejia@pookmail.com,239-294-3860
Tina,Gustafson,2923 Francis Mine,Sacramento,CA,95814,Tina.E.Gustafson@pookmail.com,530-309-4128
Alvin,Hansen,3556 Fantages Way,PEMBROKE,ME,04666,Alvin.M.Hansen@spambob.com,207-726-3464
Janice,Bradley,957 Big Elm,Saint Joseph,MO,64501,Janice.J.Bradley@dodgit.com,816-901-7414
Barbara,Kropf,3076 Drummond Street,MORRISTOWN,NJ,07960,Barbara.D.Kropf@trashymail.com,973-254-7927
Beverly,Sanchez,4475 Tree Frog Lane,Kansas City,MO,64119,Beverly.G.Sanchez@trashymail.com,816-455-9451
Paul,Mejia,4552 Ridge Road,Greensburg,KS,67054,Paul.J.Mejia@pookmail.com,620-723-4850
Billie,Blakes,356 Hilltop Drive,Amarillo,TX,79109,Billie.D.Blakes@mailinator.com,806-358-8641
Robert,Perez,1377 Fieldcrest Road,CALVERTON,NY,11933,Robert.S.Perez@trashymail.com,631-953-5976
Randall,Coe,2159 Snider Street,Denver,CO,80205,Randall.I.Coe@spambob.com,720-213-1436
Gerald,Johnson,4783 Andell Road,Worthington,OH,43085,Gerald.N.Johnson@dodgit.com,614-975-1545
Carla,Craig,4527 Gladwell Street,Longview,TX,75601,Carla.G.Craig@mailinator.com,903-245-3830
Christie,Hartley,3946 Doctors Drive,Los Angeles,CA,90066,Christie.B.Hartley@pookmail.com,310-398-1108
Charles,Carder,527 Crim Lane,Englewood,OH,45322,Charles.V.Carder@mailinator.com,937-836-8526
Rachelle,Heisler,2090 Pleasant Hill Road,Los Angeles,CA,90017,Rachelle.H.Heisler@pookmail.com,562-226-9674
Lynn,Cummings,3604 Rocky Road,Philadelphia,PA,19108,Lynn.B.Cummings@mailinator.com,215-606-1984
Jeremiah,Thornton,2993 Stanley Avenue,New York,NY,10013,Jeremiah.P.Thornton@pookmail.com,516-558-5008
Charlene,Washington,3472 Ethels Lane,BABSON PARK,FL,33827,Charlene.R.Washington@dodgit.com,863-638-5528
Lena,Perez,2916 Brownton Road,ABERDEEN,MS,39730,Lena.J.Perez@mailinator.com,662-369-5028
Lori,Dale,2515 Modoc Alley,POCATELLO,ID,83204,Lori.E.Dale@mailinator.com,208-234-4367
Anthony,Sandberg,85 Davis Court,West Frankfort,IL,62896,Anthony.G.Sandberg@pookmail.com,618-923-7599
Ricky,Strickland,2118 Whaley Lane,Milwaukee,WI,53202,Ricky.E.Strickland@spambob.com,262-438-5750
Joseph,Rogers,3830 Kerry Way,Irvine,CA,92614,Joseph.L.Rogers@trashymail.com,562-704-3332
Daniel,Smith,3376 Zimmerman Lane,Los Angeles,CA,90071,Daniel.S.Smith@mailinator.com,213-499-1533
Ann,Alvarez,4208 Sugar Camp Road,Rushmore,MN,56168,Ann.J.Alvarez@spambob.com,507-478-9522
Virgil,England,4544 Rosemont Avenue,Orlando,FL,32810,Virgil.D.England@dodgit.com,321-960-2876
Ebony,King,4741 Goldcliff Circle,Washington,DC,20024,Ebony.J.King@dodgit.com,202-542-9342
Heather,Hernandez,3656 Briarwood Drive,Camden,NJ,08102,Heather.M.Hernandez@mailinator.com,856-520-9048
Eric,Bell,1880 Emma Street,HAPPY UNION,TX,79408,Eric.R.Bell@dodgit.com,806-895-2104
Hank,Hamlin,1840 Franklee Lane,Philadelphia,PA,19108,Hank.J.Hamlin@trashymail.com,484-588-2383
Brenda,Lauer,1197 East Avenue,Phoenix,AZ,85003,Brenda.J.Lauer@spambob.com,480-312-5081
Patricia,Pearsall,3559 Austin Avenue,POOLER,GA,31303,Patricia.M.Pearsall@dodgit.com,912-330-8534
Clinton,Kim,2573 Perry Street,Fenton,MI,48430,Clinton.J.Kim@dodgit.com,810-629-2557
Brandon,Parnell,1467 Gandy Street,Syracuse,NY,13224,Brandon.W.Parnell@mailinator.com,315-225-5277
Daniel,Schuetz,1764 Bee Street,Grand Rapids,MI,49503,Daniel.J.Schuetz@spambob.com,231-758-7985
James,Henry,498 Chipmunk Lane,PRINCETON,ME,04668,James.E.Henry@spambob.com,207-796-5460
Harris,Dunne,2691 Charack Road,Bloomington,IN,47408,Harris.A.Dunne@pookmail.com,812-272-0160
David,Scott,1146 Dogwood Road,Phoenix,AZ,85040,David.Z.Scott@dodgit.com,602-723-8795
Erin,Vaughn,2786 Metz Lane,San Diego,CA,92121,Erin.F.Vaughn@trashymail.com,858-200-6748
Michael,Dunham,2372 Orphan Road,RIPLEY,NY,14775,Michael.G.Dunham@mailinator.com,716-252-4147
Katherine,Mitchell,313 Lake Forest Drive,White Plains,NY,10601,Katherine.N.Mitchell@pookmail.com,914-288-1391
Jeffrey,Elmore,3336 Butternut Lane,Centralia,IL,62801,Jeffrey.T.Elmore@pookmail.com,618-436-1981
Marisol,Marshall,2998 Maloy Court,JUNCTION CITY,KS,66441,Marisol.L.Marshall@pookmail.com,785-375-2941
Gwendolyn,Brown,1416 Green Avenue,San Jose,CA,95134,Gwendolyn.R.Brown@spambob.com,510-809-3073
Bradley,Powell,737 Oak Street,Syracuse,NY,13202,Bradley.K.Powell@pookmail.com,315-327-8957
Lowell,Mcmartin,238 Wright Court,Birmingham,AL,35209,Lowell.H.Mcmartin@dodgit.com,205-945-8801
Allison,White,4990 Eastland Avenue,PORT GIBSON,MS,39150,Allison.M.White@trashymail.com,601-437-3795
Nancy,Driskell,3140 Copperhead Road,GLASTONBURY,CT,06033,Nancy.J.Driskell@dodgit.com,860-682-5704
Angela,Stitt,1611 Heavner Court,Adel,IA,50003,Angela.J.Stitt@mailinator.com,515-993-3551
Juan,Gaspar,4208 Lawman Avenue,RESTON,VA,22070,Juan.L.Gaspar@dodgit.com,703-262-6262
Erick,Housman,3193 Forest Drive,Falls Church,VA,22042,Erick.D.Housman@mailinator.com,703-876-7493
Danny,Duran,1987 Carolina Avenue,Mcallen,TX,78501,Danny.D.Duran@mailinator.com,956-971-6921
Shana,Akers,2776 Pride Avenue,Bronx,NY,10461,Shana.W.Akers@pookmail.com,718-379-6903
Pablo,Lucero,4591 Pride Avenue,Brooklyn,NY,11223,Pablo.S.Lucero@spambob.com,718-375-8254
Glenn,Morris,4048 Grant View Drive,Milwaukee,WI,53233,Glenn.D.Morris@spambob.com,414-459-8907
William,Fields,1050 Lightning Point Drive,Memphis,TN,38110,William.M.Fields@trashymail.com,901-486-6840
Minnie,Galbraith,4896 Hamill Avenue,San Diego,CA,92121,Minnie.R.Galbraith@spambob.com,858-444-1653
Joe,Brand,4588 Shobe Lane,Denver,CO,80221,Joe.M.Brand@mailinator.com,970-515-2289
Thomas,Ford,1538 Warner Street,Doral,FL,33178,Thomas.C.Ford@dodgit.com,305-994-9543
Robert,Silva,3861 Gateway Road,Portland,OR,97217,Robert.J.Silva@mailinator.com,503-285-1357
Elmer,Austin,4362 Wayback Lane,New York,NY,10001,Elmer.C.Austin@trashymail.com,631-328-4378
Tammie,Bopp,3677 Lords Way,Parsons,TN,38363,Tammie.R.Bopp@trashymail.com,731-845-5245
Angela,Broyles,1262 Ross Street,Granite City,IL,62040,Angela.G.Broyles@dodgit.com,618-225-0666
Harriet,Hunsicker,4346 Canis Heights Drive,LOS ANGELES,CA,90017,Harriet.G.Hunsicker@spambob.com,213-666-6431
Wayne,Phan,1043 Davis Lane,Denver,CO,80202,Wayne.N.Phan@pookmail.com,720-379-1898
Manuel,Dixon,4921 Worley Avenue,Waynesboro,VA,22980,Manuel.M.Dixon@spambob.com,434-305-0712
Clarice,Kitchens,3535 Walnut Street,Jackson,MS,39201,Clarice.W.Kitchens@mailinator.com,601-571-6193
Dave,Longoria,2008 Post Avenue,Merrillville,IN,46410,Dave.M.Longoria@pookmail.com,219-222-1809
Susan,Stevens,4573 Chandler Hollow Road,Pittsburgh,PA,15215,Susan.H.Stevens@mailinator.com,412-449-6433
Sylvia,Poitras,4738 Fincham Road,Ontario,CA,91761,Sylvia.G.Poitras@spambob.com,760-508-9336
Donald,Bynum,3660 Gorby Lane,Jackson,MS,39201,Donald.R.Bynum@mailinator.com,601-301-6097
Brenda,Lopez,76 Stone Lane,King Of Prussia,PA,19406,Brenda.K.Lopez@pookmail.com,610-354-1534
Kevin,Wright,1230 Jones Avenue,Greensboro,NC,27406,Kevin.A.Wright@dodgit.com,336-791-7134
Doretha,Stark,745 Sycamore Street,Oakland,CA,94612,Doretha.R.Stark@mailinator.com,408-909-1615
Juanita,Jenkins,4898 Parrish Avenue,San Francisco,CA,94108,Juanita.R.Jenkins@dodgit.com,831-239-0215
Phyllis,Carnes,3695 Waterview Lane,Alamogordo,NM,88310,Phyllis.C.Carnes@trashymail.com,505-446-9361
Pauline,Howell,2104 Hardesty Street,Albany,NY,12207,Pauline.J.Howell@mailinator.com,518-421-5330
Alexis,Davis,3328 Arbor Court,BIG PINEY,WY,83113,Alexis.G.Davis@mailinator.com,307-276-0679
David,Hampton,1743 Burnside Avenue,Salt Lake City,UT,84104,David.C.Hampton@trashymail.com,435-731-6349
Bambi,Massengale,1 Wilkinson Street,Nashville,TN,37209,Bambi.B.Massengale@mailinator.com,615-406-9560
Erika,Mcneil,4942 Hillhaven Drive,Los Angeles,CA,90011,Erika.R.Mcneil@trashymail.com,323-898-4887
Crystal,Patterson,1568 Single Street,LEXINGTON,MA,02421,Crystal.P.Patterson@mailinator.com,781-597-7065
Tiffany,Irvin,3959 Gorby Lane,Jackson,MS,39211,Tiffany.P.Irvin@dodgit.com,601-255-6427
Donna,Emerson,2831 Pin Oak Drive,Clinton,IA,52732,Donna.S.Emerson@dodgit.com,563-321-3881
Mona,Miles,3473 Progress Way,Saint Cloud,MN,56303,Mona.F.Miles@pookmail.com,320-255-4059
Martha,Warren,1200 Doe Meadow Drive,Silver Spring,MD,20906,Martha.W.Warren@pookmail.com,301-598-7597
Jodee,Kelso,679 Pickens Way,MILLER GROVE,TX,75420,Jodee.M.Kelso@dodgit.com,903-382-0528
Patrick,Vasquez,1121 Cottrill Lane,Saint Louis,MO,63146,Patrick.N.Vasquez@dodgit.com,314-486-9873
Adelia,Vasquez,1347 Holden Street,San Diego,CA,92102,Adelia.R.Vasquez@trashymail.com,619-263-0330
Mary,Audette,2856 Chenoweth Drive,Nashville,TN,37201,Mary.J.Audette@dodgit.com,931-555-4200
Mark,Lerma,1907 Blair Court,CONCORDIA,MO,64020,Mark.D.Lerma@mailinator.com,660-621-4589
Diana,Smith,1254 Rosemont Avenue,ANAHEIM,CA,92801,Diana.J.Smith@mailinator.com,323-205-7526
Mark,Burchell,823 Hill Haven Drive,Federal Way,WA,98003,Mark.B.Burchell@spambob.com,253-941-6143
Linda,Geary,198 Dye Street,Tempe,AZ,85281,Linda.J.Geary@pookmail.com,480-727-9403
James,Simon,1963 Worley Avenue,Charlottesville,VA,22903,James.E.Simon@mailinator.com,434-409-3341
Karen,Green,1659 Marshville Road,WHITE PLAINS,NY,10641,Karen.T.Green@trashymail.com,845-618-4956
David,Evans,1504 Hill Croft Farm Road,Chico,CA,95926,David.U.Evans@trashymail.com,530-480-7551
Robert,Shaw,133 Haul Road,OAKLAND,CA,94607,Robert.M.Shaw@trashymail.com,650-921-5809
Melissa,Frank,2271 Cinnamon Lane,San Antonio,TX,78209,Melissa.G.Frank@pookmail.com,210-821-3970
Victoria,Bolanos,3280 Pinnickinnick Street,PISCATAWAY,NJ,08854,Victoria.A.Bolanos@mailinator.com,732-885-7422
Sylvester,Chavez,4421 Cerullo Road,LOUISVILLE,KY,40244,Sylvester.A.Chavez@pookmail.com,502-361-7339
Jeffrey,Taylor,127 American Drive,CRAWFORDVILLE,FL,32327,Jeffrey.E.Taylor@trashymail.com,850-962-9076
Dwayne,Oquendo,2091 Henery Street,Indianapolis,IN,46225,Dwayne.E.Oquendo@spambob.com,317-225-9336
Ruth,Steele,2680 Stroop Hill Road,ATLANTA,GA,30303,Ruth.P.Steele@mailinator.com,404-810-7227
Davis,Garcia,3958 Turkey Pen Lane,Columbus,AL,31901,Davis.C.Garcia@mailinator.com,334-606-0544
Florine,Osborne,4174 Overlook Drive,Richmond,IN,47374,Florine.R.Osborne@pookmail.com,765-308-9796
Thomas,Rollins,3202 Liberty Street,Dallas,TX,75209,Thomas.H.Rollins@spambob.com,214-904-3130
Jennifer,Montgomery,4397 Hickory Ridge Drive,LAS VEGAS,NV,89030,Jennifer.T.Montgomery@dodgit.com,702-642-2326
Olivia,Markel,4079 Willis Avenue,Daytona Beach,FL,32114,Olivia.W.Markel@dodgit.com,386-481-3079
Janice,Meinhardt,3782 Joes Road,PALENVILLE,NY,12463,Janice.R.Meinhardt@dodgit.com,518-678-2161
Judy,Morales,1162 Camden Place,Middletown,NY,10940,Judy.S.Morales@dodgit.com,845-239-4024
Ralph,Andrews,1737 Gregory Lane,Louisville,KY,40202,Ralph.D.Andrews@dodgit.com,502-527-7285
Lucille,Cook,2190 Garrett Street,THREE RIVERS,MI,49093,Lucille.W.Cook@trashymail.com,269-206-3350
Andreas,Sanchez,1939 Metz Lane,WEST ROXBURY,MA,02132,Andreas.S.Sanchez@pookmail.com,857-203-5040
Robert,Arno,1738 Sycamore Road,HEREFORD,OR,97837,Robert.C.Arno@mailinator.com,541-446-1876
Jody,Tant,4622 Hillcrest Lane,Riverside,CA,92501,Jody.M.Tant@mailinator.com,951-276-0197
Robert,Martinez,2201 Harrison Street,San Francisco,CA,94103,Robert.C.Martinez@mailinator.com,415-552-4353
Daniel,Darr,4823 Science Center Drive,Coeur D Alene,ID,83814,Daniel.K.Darr@pookmail.com,208-651-6540
Andrea,Houston,198 Callison Lane,Wilmington,DE,19801,Andrea.P.Houston@pookmail.com,302-434-2135
Mario,Pierre,3722 Collins Street,Altoona,PA,16601,Mario.J.Pierre@trashymail.com,814-206-4833
Anne,Gentry,3178 Scenicview Drive,Midland,TX,79701,Anne.J.Gentry@pookmail.com,432-230-2710
June,Booth,563 Nutters Barn Lane,Des Moines,IA,50309,June.M.Booth@mailinator.com,515-725-4816
Martin,Wiltshire,3869 Webster Street,JERSEY CITY,NJ,07305,Martin.K.Wiltshire@mailinator.com,732-631-1754
Charles,Williams,1982 Walnut Street,Hattiesburg,MS,39401,Charles.C.Williams@dodgit.com,601-583-3303
Stanley,Blevins,1727 Pin Oak Drive,Long Beach,CA,90805,Stanley.C.Blevins@pookmail.com,562-984-8824
Alicia,Kilgore,578 Pearlman Avenue,Foxboro,MA,02035,Alicia.J.Kilgore@pookmail.com,978-304-0414
Helen,James,1219 Emily Drive,SANTEE,SC,29142,Helen.D.James@trashymail.com,803-854-7989
Donald,Tull,3296 Elsie Drive,FORT PIERRE,SD,57532,Donald.S.Tull@pookmail.com,605-280-4358
Wayne,Erickson,4121 Brentwood Drive,AUSTIN,TX,78729,Wayne.K.Erickson@dodgit.com,512-782-2542
Raymond,Smith,1118 Pick Street,CARBONDALE,CO,81623,Raymond.M.Smith@pookmail.com,970-704-7108
Adam,Shannon,2113 Jehovah Drive,Roanoke,VA,24011,Adam.J.Shannon@spambob.com,540-467-5255
Melanie,Johnson,1314 Chandler Hollow Road,Pittsburgh,PA,15219,Melanie.E.Johnson@spambob.com,412-497-9938
Gregory,Williams,744 Traders Alley,Kansas City,MO,64105,Gregory.M.Williams@spambob.com,816-368-4170
Johnny,Thompson,2394 Pickens Way,TYLER,TX,75757,Johnny.J.Thompson@spambob.com,903-324-4222
Joyce,Garcia,4798 Findley Avenue,Fargo,ND,58102,Joyce.P.Garcia@pookmail.com,701-793-5529
Lorenza,Malley,3941 Weekley Street,San Antonio,TX,78213,Lorenza.L.Malley@trashymail.com,210-349-4444
Mary,Nixon,4410 Hilltop Street,NORTHADAMS,MA,01247,Mary.G.Nixon@mailinator.com,413-662-6982
Alison,Copeland,3203 Melody Lane,MCKENNEY,VA,23872,Alison.D.Copeland@mailinator.com,804-478-3516
Denise,Ackley,4870 Heavner Avenue,Atlanta,GA,30329,Denise.R.Ackley@trashymail.com,770-817-9600
Jo,Lloyd,3922 Scenic Way,SEYMOUR,IL,61875,Jo.A.Lloyd@spambob.com,217-687-1052
Dolly,Burkhart,2915 Rose Street,Dublin,CA,94568,Dolly.R.Burkhart@spambob.com,707-974-7785
Jason,Blansett,1128 Brannon Avenue,Jacksonville,FL,32211,Jason.W.Blansett@mailinator.com,904-726-7941
Daryl,Valenti,2067 Libby Street,Gardena,CA,90248,Daryl.S.Valenti@pookmail.com,310-283-8936
Felicia,Edwards,3562 Fort Street,Tacoma,WA,98402,Felicia.G.Edwards@spambob.com,253-230-6399
Joanne,Bramblett,4219 Dye Street,Phoenix,AZ,85034,Joanne.M.Bramblett@spambob.com,480-694-7325
Regina,Spriggs,3429 Watson Street,BURLINGTON,NJ,08016,Regina.J.Spriggs@dodgit.com,609-747-3847
Debra,Snyder,1052 Walton Street,Provo,UT,84606,Debra.P.Snyder@trashymail.com,801-374-5384
Gloria,Thomas,2569 Benson Street,MARENGO,WI,54855,Gloria.W.Thomas@dodgit.com,715-278-9780
Anna,Jones,3947 Walnut Street,Jackson,MS,39201,Anna.W.Jones@spambob.com,601-602-6978
James,Miller,387 Grasselli Street,MADISON,NH,03849,James.A.Miller@spambob.com,603-367-2844
Simon,Smith,1605 Ralph Drive,Lorain,OH,44052,Simon.K.Smith@trashymail.com,440-204-2690
Juan,Lutes,2881 Radford Street,Louisville,KY,40202,Juan.K.Lutes@spambob.com,502-341-7606
Madeline,Middlebrooks,1918 Cambridge Place,Baltimore,MD,21231,Madeline.G.Middlebrooks@dodgit.com,410-614-0641
Joe,Allen,612 Benson Street,ELCHO,WI,54428,Joe.C.Allen@pookmail.com,715-275-3185
Fiona,Meade,3940 Argonne Street,Newark,DE,19711,Fiona.J.Meade@trashymail.com,302-265-1554
Margaret,Weber,1615 Tipple Road,Philadelphia,PA,19124,Margaret.C.Weber@mailinator.com,215-744-6646
Angela,Nuno,3756 Forest Drive,Arlington,VA,22201,Angela.L.Nuno@trashymail.com,703-936-7278
Margaret,Whitman,4606 Walnut Street,Brandon,MS,39042,Margaret.R.Whitman@spambob.com,601-591-8528
James,Gillett,2045 Brooke Street,Houston,TX,77092,James.H.Gillett@spambob.com,713-685-3729
Marian,Simmons,4939 Weekley Street,San Antonio,TX,78212,Marian.J.Simmons@pookmail.com,210-313-8326
Maurice,Custard,608 Gateway Avenue,Bakersfield,CA,93301,Maurice.C.Custard@dodgit.com,661-999-0177
Kathleen,Hall,4599 Jett Lane,Los Angeles,CA,90017,Kathleen.L.Hall@mailinator.com,310-750-7458
Charles,Zimmerman,2610 Oxford Court,Jackson,MS,39211,Charles.R.Zimmerman@pookmail.com,662-268-3885
Kay,Hicks,4513 Snowbird Lane,PRAGUE,NE,68050,Kay.C.Hicks@pookmail.com,402-663-8441
Cristina,Smith,392 Rosewood Court,Rochester,MN,55902,Cristina.T.Smith@dodgit.com,507-281-4224
Travis,Padilla,1907 Jehovah Drive,Winchester,VA,22601,Travis.E.Padilla@dodgit.com,540-536-6262
Jeffrey,Parrish,4999 John Daniel Drive,JEFFERSON CITY,MO,65101,Jeffrey.T.Parrish@spambob.com,573-690-0452
George,Clark,3247 Lady Bug Drive,QUEENS,NY,11103,George.M.Clark@spambob.com,718-956-6567
Nancy,Stabler,2968 Traders Alley,Kansas City,MO,64106,Nancy.R.Stabler@mailinator.com,816-448-5902
Lee,Snider,1564 Rebecca Street,Northbrook,IL,60062,Lee.B.Snider@spambob.com,847-772-1561
James,Greig,728 Marshall Street,Essex,MD,21221,James.S.Greig@dodgit.com,410-687-7313
Suzanne,Baker,3220 Leverton Cove Road,SPRINGFIELD,MA,01109,Suzanne.J.Baker@dodgit.com,413-318-6012
Michael,Powell,4667 Kincheloe Road,STAYTON,OR,97383,Michael.L.Powell@spambob.com,503-448-4553
Vera,Burkholder,1981 Shadowmar Drive,Metairie,LA,70001,Vera.W.Burkholder@mailinator.com,504-846-4940
Rose,Terrell,896 West Virginia Avenue,BALLSTON,NY,12302,Rose.J.Terrell@trashymail.com,518-885-3239
Joseph,Hayes,3422 Turnpike Drive,WEDOWEE,AL,36278,Joseph.M.Hayes@mailinator.com,256-357-6910
Johnny,Scroggs,4114 Gerald L. Bates Drive,Franklin,MA,02038,Johnny.M.Scroggs@dodgit.com,617-853-7282
Imogene,Penrod,1832 Blair Court,NOVINGER,MO,63559,Imogene.M.Penrod@pookmail.com,660-488-8110
Thomas,Kerr,1848 Stockert Hollow Road,Kirkland,WA,98033,Thomas.M.Kerr@dodgit.com,425-822-1517
Charlie,Winborne,1786 Clay Street,Indianapolis,IN,46254,Charlie.R.Winborne@mailinator.com,317-432-0839
Duane,Falzone,1616 Modoc Alley,BRUNEAU,ID,83604,Duane.L.Falzone@mailinator.com,208-845-2350
Edward,Murphy,3244 Little Street,Carrollton,OH,44615,Edward.D.Murphy@pookmail.com,330-627-2425
Gene,Torres,892 Village View Drive,Fort Myers,FL,33912,Gene.C.Torres@dodgit.com,239-860-3343
Yvonne,Ellingson,2501 Aaron Smith Drive,HARRISBURG,PA,17116,Yvonne.S.Ellingson@pookmail.com,717-784-2644
Timothy,Myers,4443 Thorn Street,MOUNTAIN VIEW,WY,82939,Timothy.C.Myers@mailinator.com,307-549-5568
Russell,Adams,4415 Cameron Road,Westfield,NY,14787,Russell.N.Adams@pookmail.com,716-326-3246
Gabriel,Atchison,2772 Rardin Drive,Oakland,CA,94612,Gabriel.H.Atchison@pookmail.com,650-590-0120
Joe,Highsmith,760 Post Avenue,Staples,MN,56479,Joe.V.Highsmith@pookmail.com,218-894-4870
Jessica,Gough,465 Pine Tree Lane,Beltsville,MD,20705,Jessica.J.Gough@dodgit.com,240-476-2595
Brent,Mcnabb,883 Alexander Drive,Arlington,TX,76011,Brent.J.Mcnabb@dodgit.com,940-445-4336
David,Huff,3750 Wayside Lane,SAN FRANCISCO,CA,94107,David.T.Huff@dodgit.com,510-283-7961
Wendy,Valdez,2147 University Hill Road,Sadorus,IL,61872,Wendy.W.Valdez@mailinator.com,217-598-0456
Mark,Bond,4189 Jehovah Drive,SPOTSYLVANIA,VA,22553,Mark.H.Bond@pookmail.com,540-507-9769
Vickey,Utter,3551 Courtright Street,Fargo,ND,58102,Vickey.J.Utter@mailinator.com,701-552-6922
Katie,Lewis,4455 Abner Road,Appleton,WI,54913,Katie.T.Lewis@trashymail.com,715-401-2683
John,Martinez,3685 Hazelwood Avenue,WINTERSET,IA,50273,John.A.Martinez@trashymail.com,515-468-7752
Stacy,Asay,836 Walnut Hill Drive,Cincinnati,OH,45230,Stacy.M.Asay@pookmail.com,513-233-2240
Kristen,Gillham,3882 Stoney Lane,Kaufman,TX,75142,Kristen.A.Gillham@trashymail.com,972-962-2367
Heidi,Tupper,372 Mapleview Drive,Polk City,FL,33868,Heidi.M.Tupper@trashymail.com,727-871-7943
Angela,Wine,1431 Ash Avenue,Saint Louis,MO,63104,Angela.R.Wine@spambob.com,314-865-9277
James,Smith,272 Medical Center Drive,Sarasota,FL,34236,James.M.Smith@pookmail.com,941-363-5965
Graciela,Vincent,618 Broadcast Drive,Matthews,NC,28105,Graciela.W.Vincent@spambob.com,704-221-6077
Paula,Terrell,232 Cerullo Road,Winchester,KY,40391,Paula.J.Terrell@mailinator.com,502-370-7670
Ryan,Miranda,1299 Shinn Street,New York,NY,10036,Ryan.J.Miranda@trashymail.com,212-768-9849
Yetta,Michaud,2739 Single Street,LYNN,MA,01901,Yetta.J.Michaud@mailinator.com,781-592-5723
Bill,Garcia,709 Asylum Avenue,DERBY,CT,06418,Bill.E.Garcia@pookmail.com,203-736-6459
Steven,Wright,863 Lochmere Lane,SOUTHINGTON,CT,06489,Steven.E.Wright@pookmail.com,860-378-0398
Amanda,Perry,1353 Village View Drive,Fort Myers,FL,33901,Amanda.H.Perry@mailinator.com,239-936-0050
Joseph,Metcalfe,4522 Heather Sees Way,BIG CABIN,OK,74332,Joseph.J.Metcalfe@spambob.com,918-783-1685
Carmel,Burge,1112 Fowler Avenue,NORCROSS,GA,30091,Carmel.E.Burge@mailinator.com,770-241-1133
Joshua,King,4984 Khale Street,Beaufort,SC,29902,Joshua.R.King@trashymail.com,843-645-2642
Vern,Hallman,1241 Woodlawn Drive,New Berlin,WI,53151,Vern.P.Hallman@spambob.com,414-688-8742
Isabelle,Winters,4542 Burnside Court,Phoenix,AZ,85018,Isabelle.P.Winters@pookmail.com,602-355-1807
Mable,Clark,4434 White Pine Lane,MEADOWS OF DAN,VA,24120,Mable.J.Clark@pookmail.com,540-593-7520
Michael,Scott,256 Orphan Road,ELK LAKE,WI,54739,Michael.M.Scott@dodgit.com,715-876-5861
Jean,White,875 Fleming Way,GLOUCESTER,VA,23061,Jean.J.White@mailinator.com,804-694-0484
Sandra,Suggs,3499 Blair Court,Kansas City,MO,64106,Sandra.L.Suggs@mailinator.com,660-431-2937
Rochelle,Hidalgo,4195 Alfred Drive,Brooklyn,NY,11201,Rochelle.R.Hidalgo@spambob.com,718-242-0536
Victoria,Wiley,3457 Hog Camp Road,Hillside,IL,60162,Victoria.R.Wiley@dodgit.com,708-449-9653
Colleen,Whitfield,233 Lochmere Lane,GROTON,CT,06340,Colleen.B.Whitfield@dodgit.com,860-433-4343
Margarita,Zuniga,3477 Sycamore Road,Grants Pass,OR,97526,Margarita.J.Zuniga@trashymail.com,541-471-5223
Julia,Ferrante,1020 Railroad Street,Jacksonville,FL,32256,Julia.R.Ferrante@spambob.com,904-994-5802
Faith,Waterfield,144 Norma Lane,Shreveport,LA,71101,Faith.S.Waterfield@trashymail.com,318-542-7214
Jerry,Whitten,2858 Station Street,Oakland,CA,94612,Jerry.B.Whitten@spambob.com,510-972-4560
James,Rivas,1049 Cabell Avenue,ALEXANDRIA,VA,22370,James.A.Rivas@mailinator.com,703-619-7759
Tobias,Crockett,4605 Victoria Court,ANDOVER,ME,04216,Tobias.W.Crockett@mailinator.com,207-392-7095
Heather,Light,833 Wolf Pen Road,San Francisco,CA,94107,Heather.J.Light@dodgit.com,650-393-4956
Damian,Harrington,3789 Black Stallion Road,Cincinnati,KY,45202,Damian.H.Harrington@mailinator.com,859-512-3970
Norman,Turner,4962 Longview Avenue,New York,NY,10004,Norman.A.Turner@spambob.com,718-568-0952
Barbara,Mccord,1282 Brown Avenue,PICKENS,SC,29671,Barbara.L.Mccord@pookmail.com,864-898-2080
William,Sanchez,1515 Hinkle Lake Road,Worcester,MA,01610,William.E.Sanchez@dodgit.com,617-544-4549
Leroy,Bunn,1322 Counts Lane,FLORENCE,KY,29501,Leroy.D.Bunn@spambob.com,859-968-3227
David,Alford,3690 Hewes Avenue,Columbia,MD,21046,David.C.Alford@dodgit.com,443-649-8665
Arnulfo,Meador,921 Blane Street,Saint Louis,MO,63141,Arnulfo.A.Meador@trashymail.com,314-587-5611
Michael,Richmond,205 Jennifer Lane,Pittsboro,NC,27312,Michael.N.Richmond@pookmail.com,919-545-7219
Naomi,Barnes,3713 Romano Street,BOSTON,MA,02110,Naomi.J.Barnes@dodgit.com,781-343-2379
Samuel,Finley,4499 Berry Street,Colorado Springs,CO,80920,Samuel.B.Finley@pookmail.com,719-567-2755
Elizabeth,Long,1179 Walt Nuzum Farm Road,BRIGHTON,NY,14623,Elizabeth.M.Long@pookmail.com,585-475-1425
Victor,Lima,1187 Lodgeville Road,Minneapolis,MN,55415,Victor.M.Lima@dodgit.com,612-275-2273
Robert,Molinaro,2696 Jenna Lane,Ames,IA,50010,Robert.C.Molinaro@dodgit.com,515-239-2958
Adolfo,Macon,3810 Johnny Lane,WAUKESHA,WI,53188,Adolfo.M.Macon@spambob.com,414-334-6644
Ben,Martinez,1886 O Conner Street,THOMASVILLE,GA,31729,Ben.A.Martinez@mailinator.com,229-225-3228
Dorothy,Hanson,719 Sycamore Circle,Atlanta,GA,30305,Dorothy.J.Hanson@mailinator.com,678-994-9000
Veronica,Sisson,4040 White Avenue,Corpus Christi,TX,78401,Veronica.D.Sisson@pookmail.com,361-772-1221
Jasmin,Sallee,4442 Cemetery Street,Houston,TX,77002,Jasmin.E.Sallee@mailinator.com,832-235-3176
Henry,Cooper,520 Simpson Street,KIRKWOOD,IL,61447,Henry.B.Cooper@mailinator.com,309-768-1299
Kim,Alexander,4301 Glenwood Avenue,Maple Heights,OH,44137,Kim.L.Alexander@pookmail.com,216-332-7253
Katie,Libby,2835 Stuart Street,Pittsburgh,PA,15206,Katie.B.Libby@mailinator.com,724-466-5119
James,Vanwyk,4373 Despard Street,Atlanta,GA,30303,James.C.Vanwyk@mailinator.com,404-707-7797
Brandon,Burns,20 Horizon Circle,Kent,WA,98042,Brandon.R.Burns@trashymail.com,253-639-6253
Margarita,Linney,1983 Oak Drive,BOLTON LANDING,NY,12814,Margarita.M.Linney@trashymail.com,518-644-7427
Jessica,Frank,2516 Black Oak Hollow Road,Santa Clara,CA,95054,Jessica.A.Frank@spambob.com,408-829-0142
Charity,Tincher,1738 Christie Way,Cambridge,MA,02141,Charity.J.Tincher@trashymail.com,978-824-9128
Joe,Vinson,1645 Pennsylvania Avenue,LAKEHURST,NJ,08733,Joe.T.Vinson@dodgit.com,732-323-1859
Douglas,Bewley,2058 Milford Street,Manchester,NH,03101,Douglas.K.Bewley@dodgit.com,603-663-7669
Mary,Smith,2604 Caynor Circle,Elizabeth,NJ,07201,Mary.B.Smith@spambob.com,908-558-4373
Bryan,Smith,234 Hickory Street,Salt Lake City,UT,84104,Bryan.M.Smith@spambob.com,801-780-9560
Joe,Hampton,2045 Capitol Avenue,Indianapolis,IN,46225,Joe.W.Hampton@pookmail.com,765-588-4372
Mary,Davis,576 Mount Tabor,Elmsford,NY,10523,Mary.M.Davis@trashymail.com,914-494-1810
Josephine,Banks,3634 Union Street,Seattle,WA,98108,Josephine.P.Banks@mailinator.com,206-764-2364
Jean,Pineda,1161 Andy Street,LONG VALLEY,SD,57547,Jean.M.Pineda@pookmail.com,605-462-0227
Mary,Pica,2382 Farnum Road,New York,NY,10004,Mary.J.Pica@mailinator.com,212-331-2733
Paul,Jerry,2112 Pursglove Court,MOUNT VICTORY,OH,43340,Paul.K.Jerry@dodgit.com,937-354-5722
Eva,Shultz,3091 Rainy Day Drive,Cambridge,MA,02142,Eva.P.Shultz@spambob.com,617-938-6565
Valarie,Mucha,4182 Bingamon Branch Road,Elk Grove Village,IL,60007,Valarie.F.Mucha@dodgit.com,847-262-4852
Patrick,Nall,1806 Ethels Lane,Lakeland,FL,33801,Patrick.M.Nall@trashymail.com,863-668-3975
Melvin,Hayes,2002 Meadowbrook Mall Road,PLAYA DEL REY,CA,90291,Melvin.F.Hayes@mailinator.com,310-821-9605
Tamra,Chun,4630 Petunia Way,Birmingham,AL,35209,Tamra.G.Chun@mailinator.com,205-870-8681
Debra,Roberts,3256 Jody Road,RIDLEY PARK,PA,19078,Debra.M.Roberts@pookmail.com,610-591-5354
Dorothy,Costanza,1721 School Street,Beltsville,DC,20705,Dorothy.B.Costanza@dodgit.com,202-907-0879
Christopher,Worm,4861 Braxton Street,GRANT PARK,IL,60940,Christopher.K.Worm@dodgit.com,815-465-0438
Dorothy,Tripp,1579 Bridge Street,Tulsa,OK,74120,Dorothy.S.Tripp@dodgit.com,918-818-5502
Lester,Chou,3158 Junkins Avenue,Valdosta,GA,31601,Lester.J.Chou@dodgit.com,229-497-8675
Michael,Allen,4321 Spruce Drive,Waynesburg,PA,15370,Michael.L.Allen@pookmail.com,724-852-5810
Meredith,Walker,1821 Public Works Drive,Chattanooga,TN,37421,Meredith.B.Walker@dodgit.com,423-364-3301
Rick,Sanchez,1137 Brown Avenue,Greenville,SC,29601,Rick.L.Sanchez@mailinator.com,864-908-9547
William,Molnar,1414 Rebecca Street,Des Plaines,IL,60016,William.J.Molnar@dodgit.com,847-768-4118
Heather,Mccoy,2064 Monroe Avenue,Fort Myers,FL,33901,Heather.R.Mccoy@dodgit.com,941-815-2672
Hubert,Hernandez,222 Todds Lane,SAN ANTONIO,TX,78231,Hubert.H.Hernandez@pookmail.com,210-493-6014
Corey,Pena,4965 Fairmont Avenue,ROTHVILLE,MO,64676,Corey.B.Pena@spambob.com,660-256-0663
Nestor,Williams,53 College Avenue,HIGGINSPORT,OH,45121,Nestor.M.Williams@pookmail.com,937-375-5184
Thelma,Rogers,4383 Poe Road,North Charleston,SC,29405,Thelma.D.Rogers@trashymail.com,843-242-0564
Casey,Davis,4394 Tenmile Road,NEEDHAM,MA,02192,Casey.R.Davis@trashymail.com,781-686-3350
Robin,Trigg,1383 Swick Hill Street,Charlotte,NC,28209,Robin.H.Trigg@spambob.com,980-776-4539
Joan,Lee,3165 Highland Drive,Green Bay,WI,54303,Joan.G.Lee@trashymail.com,920-714-4978
Patricia,Jones,3911 Olive Street,Toledo,OH,43602,Patricia.E.Jones@dodgit.com,419-344-6841
Pamela,Wells,3973 Andy Street,HUMBOLDT,SD,57035,Pamela.B.Wells@pookmail.com,605-363-4345
Zulma,Frei,743 Waterview Lane,SPRINGER,NM,87747,Zulma.H.Frei@pookmail.com,505-483-0366
Grace,Lemon,2738 Adams Drive,Houston,TX,77060,Grace.B.Lemon@dodgit.com,979-488-6104
Maria,Holcomb,527 James Martin Circle,Columbus,OH,43201,Maria.S.Holcomb@dodgit.com,614-421-5925
Bruce,Dalton,4366 Glen Falls Road,Lansdale,PA,19446,Bruce.M.Dalton@trashymail.com,215-855-7925
Robert,Kelly,2486 McVaney Road,Asheville,NC,28801,Robert.L.Kelly@mailinator.com,828-258-1055
Jessie,Jackson,81 Linda Street,Eagleville,PA,19403,Jessie.L.Jackson@mailinator.com,267-808-7922
Justin,Ortiz,4564 Twin Willow Lane,Rockingham,NC,28379,Justin.D.Ortiz@mailinator.com,910-417-9138
Edna,Klein,1916 Braxton Street,MANHATTAN,IL,60442,Edna.C.Klein@pookmail.com,815-478-6714
Tony,Christman,266 Woodridge Lane,Memphis,TN,38104,Tony.B.Christman@dodgit.com,901-276-8948
Dana,Francis,1636 Clay Lick Road,Aurora,CO,80010,Dana.A.Francis@mailinator.com,720-847-0548
Tonia,Lopez,1293 Ottis Street,Clinton,OK,73601,Tonia.B.Lopez@spambob.com,405-267-9404
Dolores,Bourquin,3419 Caldwell Road,Rochester,NY,14608,Dolores.S.Bourquin@mailinator.com,585-319-3603
Ronald,Kearns,3050 Lawman Avenue,Annapolis Junction,VA,20701,Ronald.D.Kearns@spambob.com,703-300-6276
Donald,Gilmore,1308 Bates Brothers Road,Columbus,OH,43215,Donald.E.Gilmore@mailinator.com,614-305-2137
Jean,Gumm,4821 Whaley Lane,Milwaukee,WI,53202,Jean.F.Gumm@spambob.com,262-533-9555
Nina,Doe,2218 Boundary Street,Jacksonville,FL,32202,Nina.H.Doe@trashymail.com,904-618-2135
Phyllis,Gates,1472 Stiles Street,Pittsburgh,PA,15213,Phyllis.D.Gates@trashymail.com,412-624-2249
Dennis,Craig,1662 Spring Street,GIBSON CITY,IL,60936,Dennis.N.Craig@pookmail.com,217-781-0252
Elaine,Cook,111 Jody Road,Plymouth Meeting,PA,19462,Elaine.A.Cook@mailinator.com,610-613-1891
Myra,Padgett,4124 Hickory Ridge Drive,Las Vegas,NV,89119,Myra.F.Padgett@spambob.com,702-740-3791
Avelina,Pass,1485 Kildeer Drive,Portsmouth,VA,23707,Avelina.P.Pass@trashymail.com,757-275-7165
Tami,Chapman,1334 Honeysuckle Lane,Seattle,WA,98101,Tami.D.Chapman@trashymail.com,360-557-5555
Mark,Mancuso,3101 Bird Street,Las Cruces,NM,88001,Mark.M.Mancuso@dodgit.com,505-640-6389
Robert,Curry,4856 Stiles Street,Pittsburgh,PA,15205,Robert.C.Curry@spambob.com,412-597-4894
Kelly,Blue,2746 Boundary Street,Jacksonville,FL,32202,Kelly.B.Blue@trashymail.com,904-630-9028
Brandon,Long,1025 Kyle Street,Grand Island,NE,68801,Brandon.S.Long@mailinator.com,308-395-7848
Thomas,Braun,3698 Carriage Lane,Toledo,OH,43609,Thomas.G.Braun@trashymail.com,567-998-3653
Wendy,Conklin,3304 Maxwell Farm Road,CULPEPER,VA,22701,Wendy.C.Conklin@spambob.com,540-262-0751
David,Koonce,4589 Huntz Lane,Cambridge,MA,02142,David.K.Koonce@mailinator.com,978-608-1135
Kimberly,Ruiz,545 Water Street,San Ramon,CA,94583,Kimberly.D.Ruiz@pookmail.com,925-275-9387
Carla,Knight,1524 Chandler Hollow Road,Pittsburgh,PA,15219,Carla.B.Knight@trashymail.com,412-485-5160
Sabrina,Roberts,3231 Front Street,SOUTHFIELD,MI,48075,Sabrina.D.Roberts@pookmail.com,810-374-0689
Martha,Howington,4525 Zimmerman Lane,Los Angeles,CA,90014,Martha.C.Howington@spambob.com,213-404-3394
Jay,Graff,4954 Cambridge Court,Phoenix,AZ,85034,Jay.R.Graff@pookmail.com,480-202-2251
Carolyn,Smith,2904 Keyser Ridge Road,Greensboro,NC,27406,Carolyn.W.Smith@pookmail.com,336-504-8108
Leena,Murphy,4937 Jerome Avenue,Mcallen,TX,78501,Leena.J.Murphy@mailinator.com,956-260-5127
Elizabeth,Cross,3539 Ashcraft Court,LA MESA,CA,92041,Elizabeth.C.Cross@dodgit.com,619-460-5095
Kenneth,Asencio,4465 Leo Street,Denver,CO,80218,Kenneth.S.Asencio@dodgit.com,720-917-8024
Audrey,Minix,210 Ross Street,MAKANDA,IL,62958,Audrey.D.Minix@mailinator.com,618-221-5519
Bryan,Haines,3176 Jadewood Drive,PORTAGE,IN,46383,Bryan.D.Haines@spambob.com,219-940-7878
Mary,Gentry,1568 Anmoore Road,Bronx,NY,10453,Mary.O.Gentry@spambob.com,718-716-7160
Grace,Johnson,1721 Badger Pond Lane,WINTER HAVEN,FL,33830,Grace.E.Johnson@dodgit.com,727-235-1302
Jeffrey,Hutchings,3311 Simpson Street,Bloomington,IL,61701,Jeffrey.M.Hutchings@dodgit.com,309-820-1044
Amanda,George,3695 Turnpike Drive,Huntsville,AL,35802,Amanda.V.George@spambob.com,256-394-7338
Eric,Smith,693 New York Avenue,Euless,TX,76039,Eric.C.Smith@trashymail.com,817-988-9658
Daisy,Shepherd,1035 Lake Forest Drive,Kansas City,KS,64105,Daisy.L.Shepherd@spambob.com,913-904-1027
Louis,Hodges,3836 West Virginia Avenue,Albany,NY,12204,Louis.R.Hodges@mailinator.com,518-866-2291
Charles,Umberger,3056 Cameron Road,Cheektowaga,NY,14227,Charles.M.Umberger@spambob.com,716-310-7880
Dannielle,Sandoval,197 Gambler Lane,Houston,TX,77060,Dannielle.T.Sandoval@pookmail.com,281-871-6858
Vicki,Hicks,766 North Street,Charlottesville,VA,22903,Vicki.E.Hicks@spambob.com,434-961-0387
Mary,Haworth,2516 Bloomfield Way,CORNISH,ME,04020,Mary.T.Haworth@dodgit.com,207-625-1273
Vincent,Trombetta,3533 Turkey Pen Lane,MONTGOMERY,AL,36117,Vincent.E.Trombetta@dodgit.com,334-449-8116
Bob,Rasch,1147 Byers Lane,Corning,CA,96021,Bob.A.Rasch@trashymail.com,530-824-3003
Pam,Bryant,44 Progress Way,TRIPOLI,IA,50676,Pam.G.Bryant@dodgit.com,319-882-2077
Mary,Cuomo,4338 Shinn Avenue,Latrobe,PA,15650,Mary.C.Cuomo@mailinator.com,724-537-7418
Lisa,Mcclure,519 Sugarfoot Lane,Kokomo,IN,46901,Lisa.R.Mcclure@trashymail.com,765-419-8332
Anna,Hunter,962 Wood Duck Drive,CEDARVILLE,MI,49719,Anna.R.Hunter@spambob.com,906-484-0179
Lewis,Tyler,3837 Ash Avenue,STLOUIS,MO,63101,Lewis.C.Tyler@mailinator.com,314-913-2927
Tonya,Smith,2323 Dogwood Lane,Tucson,AZ,85711,Tonya.J.Smith@trashymail.com,520-571-9548
Robert,Strother,3912 Rockwell Lane,HALIFAX,NC,27839,Robert.M.Strother@pookmail.com,252-583-2940
Lynette,Gokey,4735 Honeysuckle Lane,Tukwila,WA,98168,Lynette.J.Gokey@dodgit.com,360-587-9754
Robert,Pike,4272 Brentwood Drive,AUSTIN,TX,78746,Robert.P.Pike@dodgit.com,512-742-7029
Brandi,Blain,1520 C Street,FRAMINGHAM,MA,01701,Brandi.L.Blain@dodgit.com,508-346-0615
Cathy,Parr,3448 Deer Haven Drive,Greenville,SC,29607,Cathy.L.Parr@spambob.com,864-415-0712
Michael,Curtis,3923 Drainer Avenue,Panama City,FL,32401,Michael.V.Curtis@pookmail.com,850-633-4891
Martin,Miller,3651 Pike Street,SAN DIEGO,CA,92123,Martin.D.Miller@spambob.com,858-554-8978
Blanche,Brown,3111 Adams Avenue,Washington,MD,20004,Blanche.S.Brown@mailinator.com,301-692-7696
Robert,Russ,2574 Midway Road,GREENWOOD,AR,72936,Robert.A.Russ@mailinator.com,479-546-1670
Delmer,Phillips,2376 Wyatt Street,Pompano Beach,FL,33069,Delmer.M.Phillips@spambob.com,561-536-9517
Lorene,Miller,3835 Goff Avenue,KALAMAZOO,MI,49007,Lorene.N.Miller@dodgit.com,269-569-2299
Leola,Payne,1537 Rardin Drive,San Francisco,CA,94143,Leola.C.Payne@dodgit.com,650-682-7972
Craig,Emery,3687 Capitol Avenue,Rockville,IN,47872,Craig.C.Emery@spambob.com,765-569-4913
James,Suttles,1974 Leo Street,Pittsburgh,PA,15203,James.B.Suttles@dodgit.com,724-216-1537
Ricky,Saenz,1340 Leverton Cove Road,WARREN,MA,01083,Ricky.M.Saenz@mailinator.com,413-436-1927
Anthony,Sanchez,981 John Calvin Drive,Harvey,IL,60426,Anthony.O.Sanchez@dodgit.com,708-915-3668
Greta,Dyer,4721 Eagle Drive,Plymouth,MI,48170,Greta.P.Dyer@mailinator.com,734-838-1148
Victor,Krauss,3032 Lynn Avenue,MATTOON,WI,54450,Victor.W.Krauss@trashymail.com,715-489-9500
Richard,Wallace,1190 Hilltop Drive,DAWN,TX,79025,Richard.N.Wallace@pookmail.com,806-258-3096
Earnest,Gardner,1583 Charla Lane,Dallas,TX,75240,Earnest.J.Gardner@mailinator.com,972-663-2139
David,Kidd,1639 Columbia Mine Road,Clarksburg,WV,26301,David.M.Kidd@spambob.com,304-555-3869
Julius,Epps,4595 Bottom Lane,Buffalo,NY,14202,Julius.E.Epps@mailinator.com,716-818-6844
Lara,Ward,302 Ash Street,Richardson,TX,75081,Lara.G.Ward@trashymail.com,972-883-7562
Denise,Harrow,1024 Center Avenue,Fresno,CA,93721,Denise.J.Harrow@trashymail.com,559-334-2326
Ralph,Goings,4596 Lang Avenue,ALMO,UT,83312,Ralph.V.Goings@pookmail.com,435-827-6670
William,Thomas,2275 Neuport Lane,ALPHARETTA,GA,30201,William.D.Thomas@mailinator.com,770-410-7886
James,Hickman,1492 Chardonnay Drive,INVERNESS,FL,32650,James.M.Hickman@dodgit.com,352-860-2251
Derrick,Barron,4222 Steele Street,Wheaton,IL,60187,Derrick.E.Barron@trashymail.com,630-665-4241
Hayden,Wagner,1701 White Oak Drive,Kearney,MO,64060,Hayden.B.Wagner@dodgit.com,816-635-7285
James,Moon,768 Langtown Road,Postville,IA,52162,James.H.Moon@dodgit.com,563-864-5627
Charles,Barclay,4506 Brannon Avenue,Jacksonville,FL,32256,Charles.B.Barclay@spambob.com,904-859-2641
Anthony,Garcia,319 West Drive,Chicago,IL,60606,Anthony.J.Garcia@spambob.com,312-456-0067
Jerry,Lawrence,3292 Pointe Lane,Hollywood,FL,33020,Jerry.W.Lawrence@dodgit.com,954-927-3222
Tricia,Barksdale,2828 Keyser Ridge Road,Greensboro,NC,27406,Tricia.R.Barksdale@pookmail.com,336-444-0184
Darla,Ramirez,2364 Maple Avenue,Stockton,CA,95204,Darla.G.Ramirez@pookmail.com,209-281-9972
Shane,Hershman,2438 Perry Street,SOUTHFIELD,MI,48235,Shane.K.Hershman@spambob.com,810-626-0759
Robert,Lowery,4065 Coburn Hollow Road,BLOOMINGTON,IL,61701,Robert.S.Lowery@spambob.com,309-452-3472
Evelyn,Bustamante,4283 Roy Alley,Denver,CO,80219,Evelyn.J.Bustamante@mailinator.com,303-936-3235
Mark,Pines,4883 Wilson Avenue,LEWISVILLE,TX,75067,Mark.E.Pines@pookmail.com,972-539-6893
Charles,Taylor,384 Dogwood Road,Phoenix,AZ,85003,Charles.L.Taylor@mailinator.com,602-719-8590
Keith,Conway,4366 Mount Street,Saginaw,MI,48607,Keith.W.Conway@dodgit.com,989-604-6643
Jason,Anderson,4703 Elkview Drive,Miami,FL,33131,Jason.N.Anderson@mailinator.com,772-365-9435
Charles,Blanton,4635 Cabell Avenue,Arlington,VA,22201,Charles.G.Blanton@spambob.com,703-527-1630
Steve,Wallace,4436 Gregory Lane,Louisville,KY,40299,Steve.V.Wallace@dodgit.com,502-510-6095
Michael,Belisle,2307 Khale Street,CHARLESTON,SC,29405,Michael.S.Belisle@trashymail.com,843-572-8436
Rita,Kelley,4026 Settlers Lane,New York,NY,10016,Rita.J.Kelley@spambob.com,917-829-6759
Arthur,Jones,684 West Fork Street,Helena,MT,59601,Arthur.M.Jones@mailinator.com,406-390-8589
Mary,Durden,2654 Whispering Pines Circle,Plano,TX,75074,Mary.R.Durden@spambob.com,972-423-5274
Donna,Garcia,1067 Hillview Street,Columbia,SC,29201,Donna.R.Garcia@trashymail.com,803-705-6326
William,Wyatt,1090 Leroy Lane,SIOUX FALLS,SD,57102,William.M.Wyatt@trashymail.com,605-941-6862
Alvin,Grubbs,2076 Deer Ridge Drive,Newark,NJ,07102,Alvin.M.Grubbs@spambob.com,973-547-7529
Coleen,Pando,1090 Hillhaven Drive,Santa Ana,CA,92705,Coleen.P.Pando@trashymail.com,323-903-7359
Joseph,Platt,266 Stout Street,York,PA,17403,Joseph.K.Platt@pookmail.com,717-309-0192
Marie,Loeb,3163 Red Hawk Road,Minneapolis,MN,55401,Marie.G.Loeb@spambob.com,320-923-1666
Christopher,Russell,1145 Adams Avenue,Gaithersburg,MD,20877,Christopher.C.Russell@pookmail.com,301-640-9488
Douglas,Barton,3647 College Street,Atlanta,GA,30331,Douglas.L.Barton@dodgit.com,404-344-1437
Robert,Thompson,1166 Buena Vista Avenue,ROSEBURG,OR,97470,Robert.K.Thompson@spambob.com,541-733-6919
James,Ettinger,4763 Eden Drive,PROVIDENCE FORGE,VA,23140,James.M.Ettinger@pookmail.com,804-824-2043
Joseph,Upchurch,3450 Lynch Street,Fond Du Lac,WI,54935,Joseph.M.Upchurch@dodgit.com,920-923-5968
Merrill,Schrom,3950 Davis Lane,Centennial,CO,80112,Merrill.C.Schrom@spambob.com,720-373-5978
Gary,Meeker,2918 Southside Lane,Los Angeles,CA,90029,Gary.H.Meeker@pookmail.com,323-666-6492
Paula,Kelley,2032 Hampton Meadows,SUDBURY,MA,01776,Paula.D.Kelley@dodgit.com,978-366-2794
Burton,Laborde,4716 Stroop Hill Road,ATLANTA,GA,30309,Burton.J.Laborde@spambob.com,404-885-1166
Bernice,Brock,2291 Edgewood Road,PRIM,AR,72130,Bernice.C.Brock@spambob.com,870-948-5814
Gregory,Haynes,4166 Owen Lane,Grand Rapids,MI,49503,Gregory.B.Haynes@dodgit.com,231-926-3900
John,Mata,1971 Horizon Circle,Tacoma,WA,98499,John.C.Mata@dodgit.com,253-584-7461
Donna,Williams,242 Laurel Lee,GOODHUE COUNTY MN,MN,55066,Donna.J.Williams@pookmail.com,651-764-0454
Catherine,Cushing,2683 Daffodil Lane,Herndon,VA,20170,Catherine.K.Cushing@trashymail.com,703-437-5205
Estela,Victoria,4434 Chatham Way,Washington,MD,20005,Estela.G.Victoria@pookmail.com,240-731-3457
Tiffany,Loyd,223 Spring Street,Springfield,IL,62704,Tiffany.A.Loyd@pookmail.com,217-862-7201
Maureen,Booker,4123 Marion Drive,Tampa,FL,33607,Maureen.T.Booker@pookmail.com,813-358-9889
Jesse,Bergman,1869 Grim Avenue,San Diego,CA,92103,Jesse.E.Bergman@dodgit.com,619-808-4398
Roy,Kelly,897 Ridenour Street,Miami,FL,33131,Roy.M.Kelly@spambob.com,786-226-1058
Richard,Monroe,700 Victoria Court,BATH,ME,04530,Richard.K.Monroe@mailinator.com,207-443-1119
James,Findley,2167 Collins Avenue,Dublin,OH,43017,James.E.Findley@mailinator.com,614-793-0590
Leticia,Jones,3589 Prudence Street,Westland,MI,48185,Leticia.J.Jones@dodgit.com,313-293-6821
Boyd,Bliss,4651 Progress Way,STARBUCK,MN,56381,Boyd.H.Bliss@spambob.com,320-239-6867
Louis,Kramer,2887 Bernardo Street,New Albany,IN,47150,Louis.N.Kramer@trashymail.com,812-981-7293
Jacob,Jacobson,239 Young Road,Boise,ID,83704,Jacob.M.Jacobson@spambob.com,208-475-0597
Bob,Adams,3208 Franklee Lane,Eagleville,PA,19403,Bob.H.Adams@pookmail.com,484-571-2681
Christian,Stickler,428 West Street,Grand Rapids,MI,49546,Christian.J.Stickler@trashymail.com,616-570-8690
Alice,Rich,2942 Maple Lane,RAINSVILLE,AL,35986,Alice.R.Rich@spambob.com,256-484-5712
Mercedes,Guerrero,1072 Mandan Road,Columbia,MO,65202,Mercedes.P.Guerrero@spambob.com,573-825-5485
John,Allmon,3276 Clay Lick Road,Englewood,CO,80112,John.B.Allmon@trashymail.com,720-852-0377
Donald,Burnley,4258 Sardis Station,Golden Valley,MN,55427,Donald.C.Burnley@trashymail.com,612-581-2714
Bertha,White,1789 Hummingbird Way,READING,MA,01867,Bertha.C.White@pookmail.com,781-942-8441
Jerry,Lucia,2191 Barrington Court,North Little Rock,AR,72114,Jerry.S.Lucia@dodgit.com,870-495-8892
James,Barns,3892 Science Center Drive,BOISE RIVERS,ID,83647,James.D.Barns@dodgit.com,208-653-4691
Martha,Lambert,888 Lost Creek Road,Philadelphia,PA,19108,Martha.W.Lambert@mailinator.com,610-980-4465
Erin,Ray,1594 Charmaine Lane,REDMON,TX,79088,Erin.M.Ray@dodgit.com,806-627-1525
Marvin,Kozak,3388 Hillcrest Lane,IRVINE,CA,92718,Marvin.R.Kozak@dodgit.com,949-923-7547
Michael,Willett,3374 Norma Avenue,Dayton,OH,45402,Michael.J.Willett@pookmail.com,937-222-0299
Roger,Jewett,2206 Ford Street,Sunnyvale,CA,94086,Roger.J.Jewett@dodgit.com,408-530-6693
Gary,Olson,3232 Caldwell Road,Buffalo,NY,14202,Gary.R.Olson@trashymail.com,585-219-0647
Josephine,Grady,1814 Cerullo Road,Louisville,KY,40299,Josephine.T.Grady@dodgit.com,502-382-3185
John,Malloy,4677 Mulberry Avenue,Little Rock,AR,72201,John.L.Malloy@trashymail.com,501-438-6329
Michael,Salgado,499 Bell Street,San Antonio,TX,78258,Michael.B.Salgado@dodgit.com,210-957-2920
Jackie,Williams,967 Armory Road,CASTLE HAYNE,NC,28429,Jackie.E.Williams@dodgit.com,910-675-1386
Charity,Winston,3790 Whiteman Street,Camden,NJ,08102,Charity.J.Winston@mailinator.com,609-917-7063
Ted,Barden,4086 Settlers Lane,New York,NY,10007,Ted.J.Barden@trashymail.com,917-825-6571
Delma,Whiteside,517 Randolph Street,PLYMOUTH,MA,02360,Delma.W.Whiteside@trashymail.com,508-732-5909
Estelle,Lowe,3336 Providence Lane,LOS ANGELES,CA,90017,Estelle.R.Lowe@pookmail.com,626-775-4995
Devon,Stone,3061 John Daniel Drive,MANCHESTER,MO,63011,Devon.B.Stone@pookmail.com,573-604-7419
Deborah,Khan,2185 Centennial Farm Road,Hawarden,IA,51023,Deborah.R.Khan@pookmail.com,712-552-2801
Hattie,Spivey,2734 Chandler Hollow Road,Pittsburgh,PA,15219,Hattie.D.Spivey@spambob.com,412-456-4593
Emory,Neidig,4359 Hewes Avenue,Baltimore,MD,21201,Emory.D.Neidig@spambob.com,443-671-5225
John,Arrant,2216 Coventry Court,Pass Christian,MS,39571,John.H.Arrant@dodgit.com,228-245-1680
Joseph,Key,3386 Harley Brook Lane,Erie,PA,16510,Joseph.B.Key@pookmail.com,814-622-3118
Alan,Garza,4957 Marshall Street,EASTON,MD,21601,Alan.E.Garza@trashymail.com,410-714-4994
Sylvia,Dean,769 Beechwood Avenue,LONG VALLEY,NJ,07853,Sylvia.C.Dean@mailinator.com,908-876-1364
Marilyn,Lamantia,1165 Woodland Terrace,SACRAMENTO,CA,95814,Marilyn.D.Lamantia@dodgit.com,916-878-5305
Douglas,Cross,3475 Eastland Avenue,HATTIESBURG,MS,39402,Douglas.J.Cross@mailinator.com,601-413-4743
Susan,Chen,10 Kennedy Court,Westborough,MA,01581,Susan.E.Chen@pookmail.com,774-364-7214
William,Bernard,1454 Leroy Lane,CLEAR LAKE,SD,57226,William.D.Bernard@pookmail.com,605-874-6415
Brett,Foreman,1680 Tavern Place,Denver,CO,80202,Brett.E.Foreman@spambob.com,303-963-6925
Andrew,Bussey,1699 Cottonwood Lane,Grand Rapids,MI,49503,Andrew.T.Bussey@trashymail.com,616-289-6415
Kit,Martucci,4509 Goosetown Drive,CAROLEEN,NC,28019,Kit.M.Martucci@pookmail.com,828-657-3456
Tamara,Page,1439 Kembery Drive,Schaumburg,IL,60173,Tamara.J.Page@pookmail.com,630-624-0272
William,Douglas,4233 Chicago Avenue,Fresno,CA,93704,William.A.Douglas@dodgit.com,559-579-2143
Jacob,Brady,4412 Farnum Road,New York,NY,10007,Jacob.L.Brady@pookmail.com,212-346-9291
Leslie,Gabriel,4999 Harron Drive,BALTIMORE,MD,21201,Leslie.J.Gabriel@mailinator.com,443-505-9470
Mark,Mckillip,4134 Thrash Trail,CELESTE,TX,75423,Mark.M.Mckillip@dodgit.com,903-568-0413
Lottie,Gallagher,1588 Coplin Avenue,PHOENIX,AZ,85023,Lottie.L.Gallagher@mailinator.com,602-547-2288
Leon,Hannah,1688 Fairmont Avenue,BRASHEAR,MO,63533,Leon.W.Hannah@mailinator.com,660-323-5210
Guadalupe,Delacruz,3997 Circle Drive,Houston,TX,77032,Guadalupe.M.Delacruz@trashymail.com,832-594-5693
James,Newman,1458 Simons Hollow Road,Hazleton,PA,18201,James.M.Newman@dodgit.com,570-751-1330
Sergio,Anderson,4805 Hart Street,Hartford,CT,06103,Sergio.P.Anderson@dodgit.com,860-249-2210
Erwin,Burrow,3554 Hanover Street,New York,NY,10016,Erwin.T.Burrow@dodgit.com,917-706-0581
Mary,Shoup,2165 Duck Creek Road,Oakland,CA,94612,Mary.G.Shoup@trashymail.com,650-870-5726
Mary,Guerra,3984 Roosevelt Wilson Lane,Fontana,CA,92335,Mary.J.Guerra@pookmail.com,909-829-9248
Carmen,Childs,687 Rosemont Avenue,Melbourne,FL,32901,Carmen.K.Childs@trashymail.com,321-722-2924
Joseph,Billings,706 Modoc Alley,Pocatello,ID,83204,Joseph.C.Billings@spambob.com,208-223-1306
Mark,Mccullough,253 Wilmar Farm Road,Reston,MD,20191,Mark.M.Mccullough@spambob.com,240-352-0361
Bradley,Ayers,376 Woodrow Way,Conroe,TX,77301,Bradley.P.Ayers@mailinator.com,936-444-5995
Jose,Berry,2679 Longview Avenue,Bronx,NY,10458,Jose.E.Berry@mailinator.com,718-584-2187
Susan,Hawkins,417 Breezewood Court,Moundridge,KS,67107,Susan.C.Hawkins@spambob.com,620-381-9473
Sarah,Stiles,2803 Wildrose Lane,Detroit,MI,48221,Sarah.M.Stiles@dodgit.com,313-864-2797
Anna,Sullivan,1879 Clousson Road,MOVILLE,IA,51039,Anna.M.Sullivan@spambob.com,712-873-1502
Luis,Smart,3829 Bryan Avenue,Roseville,MN,55113,Luis.K.Smart@mailinator.com,651-342-2304
Eric,Buske,4580 Hudson Street,MADISON,NJ,07940,Eric.D.Buske@dodgit.com,973-966-4370
Pedro,Clayton,938 Willow Greene Drive,Montgomery,AL,36116,Pedro.S.Clayton@spambob.com,334-286-4286
Marvin,Carrillo,2499 Hummingbird Way,Topeka,KS,66607,Marvin.I.Carrillo@trashymail.com,785-217-7506
Charles,Couch,315 Grove Avenue,Stillwater,OK,74074,Charles.J.Couch@pookmail.com,580-387-8597
Beulah,Bellinger,1619 Irving Place,MANCHESTER,MO,63011,Beulah.J.Bellinger@mailinator.com,636-207-6222
Judy,Winn,4718 Brooke Street,Houston,TX,77002,Judy.P.Winn@trashymail.com,713-650-3403
Joann,Barrios,941 Sherwood Circle,Lafayette,LA,70501,Joann.M.Barrios@spambob.com,337-235-2436
Jeffrey,Holloway,2679 Duck Creek Road,Menlo Park,CA,94025,Jeffrey.J.Holloway@trashymail.com,650-854-5461
Andrea,Hylton,1953 Jail Drive,Peoria,IL,61602,Andrea.M.Hylton@dodgit.com,309-977-6509
Rhonda,Eckley,2631 Gordon Street,Los Angeles,CA,90017,Rhonda.R.Eckley@spambob.com,909-587-3033
Margaret,Sikes,3027 Tenmile,Newport News,VA,23608,Margaret.L.Sikes@pookmail.com,757-872-7305
Kelly,Vann,3623 Dogwood Road,PHOENIX,AZ,85034,Kelly.F.Vann@spambob.com,602-620-5807
Joanna,Campbell,4821 Walnut Hill Drive,Cincinnati,OH,45236,Joanna.D.Campbell@spambob.com,513-228-1056
Ramon,Lam,3338 Newton Street,ST JOSEPH,MN,56374,Ramon.B.Lam@dodgit.com,320-363-8749
Margaret,Jackson,4328 Ingram Road,Asheboro,NC,27203,Margaret.R.Jackson@spambob.com,336-629-7787
Joan,Murphy,2120 Stockert Hollow Road,Redmond,WA,98052,Joan.G.Murphy@pookmail.com,425-891-7524
Edward,Johnson,4229 Orchard Street,Minneapolis,MN,55401,Edward.D.Johnson@mailinator.com,952-653-9330
Allen,Sullivan,1820 Charla Lane,Dallas,TX,75240,Allen.E.Sullivan@mailinator.com,972-715-1201
Liane,Calhoun,4220 Drummond Street,BLOOMFIELD,NJ,07003,Liane.A.Calhoun@trashymail.com,973-259-8382
Denese,Osullivan,2146 Wyatt Street,Delray Beach,FL,33484,Denese.R.Osullivan@dodgit.com,561-499-1025
Gene,Neace,3264 Oakmound Drive,Chicago,IL,60644,Gene.B.Neace@spambob.com,773-378-7342
Richard,Cobb,1500 Primrose Lane,Madison,WI,53718,Richard.J.Cobb@mailinator.com,608-547-7385
Jessica,Gilmore,2191 Fantages Way,Clark Fork,ID,83811,Jessica.G.Gilmore@trashymail.com,208-266-7591
Doris,Driscoll,2314 Neuport Lane,Marietta,GA,30064,Doris.J.Driscoll@spambob.com,770-423-7195
Micheal,Robinson,176 Wilkinson Court,Cape Coral,FL,33990,Micheal.M.Robinson@spambob.com,239-573-2084
Salvatore,Sawyer,81 Franklin Street,TUSKEGEE,AL,36083,Salvatore.R.Sawyer@mailinator.com,334-724-9361
Grace,Thompson,4578 Park Street,SAN FRANCISCO,CA,94107,Grace.J.Thompson@mailinator.com,925-374-1734
Nicole,Ball,530 Beeghley Street,ZABCIKVILLE,TX,12345,Nicole.W.Ball@spambob.com,254-985-7578
Albert,Gunther,2134 Kembery Drive,Lombard,IL,60148,Albert.E.Gunther@spambob.com,630-627-7632
Annie,Griffith,121 Joy Lane,Sherman Oaks,CA,91403,Annie.S.Griffith@mailinator.com,818-589-8493
Patricia,Williamson,2297 Monroe Street,Houston,TX,77030,Patricia.P.Williamson@trashymail.com,713-441-2895
Patricia,Davis,4946 Biddie Lane,Richmond,VA,23219,Patricia.J.Davis@trashymail.com,804-496-0506
Winifred,Robinson,4398 Roosevelt Street,San Francisco,CA,94118,Winifred.P.Robinson@mailinator.com,415-387-1385
Justin,Collard,4983 Russell Street,BEVERLY,MA,01915,Justin.B.Collard@trashymail.com,978-927-8615
Harold,Shah,258 New York Avenue,Dallas,TX,75207,Harold.V.Shah@pookmail.com,817-993-3251
Elvia,Brown,1838 Par Drive,San Luis Obispo,CA,93401,Elvia.T.Brown@mailinator.com,805-810-6017
John,Lewis,1639 Tail Ends Road,Green Bay,WI,54301,John.I.Lewis@spambob.com,920-593-5538
Walter,Finney,2646 Hott Street,Oklahoma City,OK,73119,Walter.A.Finney@trashymail.com,405-684-9528
Ernestine,Armstrong,3735 Sharon Lane,Michigan City,IN,46360,Ernestine.T.Armstrong@pookmail.com,574-204-1548
Archie,Prentice,3954 Lynn Ogden Lane,Beaumont,TX,77701,Archie.N.Prentice@mailinator.com,409-853-3237
Robert,Hunter,1159 Clay Street,Indianapolis,IN,46214,Robert.L.Hunter@trashymail.com,317-437-9823
Carol,Smith,182 Walton Street,Salt Lake City,UT,84111,Carol.S.Smith@dodgit.com,801-353-5179
Julius,Chase,4709 College Street,Decatur,GA,30030,Julius.H.Chase@spambob.com,404-405-6506
Raymond,Reagan,827 Bel Meadow Drive,Highland,CA,92346,Raymond.E.Reagan@pookmail.com,909-425-4793
Carl,Smith,120 Ritter Avenue,MOUNT CLEMENS,MI,48045,Carl.M.Smith@trashymail.com,586-598-8690
Terrence,Legros,2793 Murphy Court,Prior Lake,MN,55372,Terrence.S.Legros@pookmail.com,952-224-6720
Jc,Fleming,3309 Conifer Drive,Bothell,WA,98021,Jc.H.Fleming@trashymail.com,425-424-9185
Paula,Mull,2007 Davis Court,MARINE,IL,62061,Paula.D.Mull@pookmail.com,618-887-9755
Steven,Cooke,745 Hall Street,Las Vegas,NV,89101,Steven.S.Cooke@trashymail.com,702-585-4370
Joseph,Buckley,654 Thomas Street,Chicago,IL,60601,Joseph.A.Buckley@spambob.com,847-515-0415
Linda,Bennett,1281 Driftwood Road,Oakland,CA,94612,Linda.W.Bennett@spambob.com,408-303-2453
Bettye,Bulger,981 Feathers Hooves Drive,Selden,NY,11784,Bettye.D.Bulger@dodgit.com,631-732-8871
Adam,Mcdole,1353 Romrog Way,RUSHVILLE,NE,69360,Adam.J.Mcdole@dodgit.com,308-327-3078
Raymond,Keene,1349 Woodland Terrace,Fair Oaks,CA,95628,Raymond.K.Keene@trashymail.com,916-942-3560
Eugenia,Rockwell,1595 Aviation Way,LOS ANGELES,CA,90017,Eugenia.M.Rockwell@spambob.com,213-835-5810
Victor,Stewart,2286 Simons Hollow Road,LOCK HAVEN,PA,17745,Victor.J.Stewart@mailinator.com,570-787-3413
Corey,Coyle,314 Benson Park Drive,Oklahoma City,OK,73102,Corey.L.Coyle@pookmail.com,405-506-5211
Eric,Matherly,1437 Star Trek Drive,PENSACOLA,FL,32507,Eric.Y.Matherly@pookmail.com,850-312-3693
Jody,Davis,3286 Collins Street,Erie,PA,16510,Jody.J.Davis@dodgit.com,814-209-7567
Thelma,Evans,4604 Breezewood Court,SYRACUSE,KS,67878,Thelma.J.Evans@mailinator.com,620-384-7743
Marie,Peck,2495 Boone Crockett Lane,Tukwila,WA,98168,Marie.G.Peck@pookmail.com,360-483-1512
Kathleen,Ozment,372 Henery Street,Derby,KS,67037,Kathleen.W.Ozment@mailinator.com,316-788-0070
Larry,Evans,4951 Beech Street,Oakland,CA,94612,Larry.M.Evans@mailinator.com,925-733-8545
James,Eyre,3202 Coplin Avenue,Phoenix,AZ,85003,James.E.Eyre@dodgit.com,602-462-7654
Carson,Miller,612 Old Dear Lane,TIVOLI,NY,12583,Carson.V.Miller@dodgit.com,845-757-9885
Marianne,Wilson,3267 Chandler Hollow Road,Pittsburgh,PA,15206,Marianne.A.Wilson@spambob.com,412-519-6395
Mary,Smith,3909 Sycamore Fork Road,HOPKINS,MN,55343,Mary.F.Smith@mailinator.com,952-936-3498
Jan,Ross,1751 Westfall Avenue,Marshall,MN,56258,Jan.M.Ross@dodgit.com,507-212-9513
Christopher,Harp,992 Young Road,Boise,ID,83716,Christopher.N.Harp@pookmail.com,208-410-6002
Horace,Boston,3497 Front Street,Westland,MI,48185,Horace.A.Boston@spambob.com,810-531-9398
Charles,Rash,1739 Oakridge Farm Lane,Milwaukee,WI,53202,Charles.A.Rash@dodgit.com,262-397-8093
Donald,Wise,1259 Moore Avenue,Waco,TX,76701,Donald.A.Wise@pookmail.com,817-752-6449
Marlen,Davis,2147 Jenna Lane,Des Moines,IA,50309,Marlen.R.Davis@pookmail.com,515-203-6015
Andrea,Blanton,4917 Eva Pearl Street,DENHAM SPRINGS,LA,70726,Andrea.C.Blanton@pookmail.com,225-667-4818
Renee,Huddleston,3637 Briarwood Drive,CEDARVILLE,NJ,08311,Renee.H.Huddleston@mailinator.com,856-447-9639
Brandie,Kohl,65 Margaret Street,Sugar Land,TX,77478,Brandie.R.Kohl@pookmail.com,713-902-8402
Masako,Deslauriers,4933 Lilac Lane,Savannah,GA,31401,Masako.V.Deslauriers@dodgit.com,912-385-0368
Mark,Garza,393 Providence Lane,Sherman Oaks,CA,91403,Mark.L.Garza@dodgit.com,626-853-3219
Debra,White,4790 Redbud Drive,New York,NY,10013,Debra.J.White@pookmail.com,347-866-8675
Phillip,Haywood,675 Hood Avenue,San Diego,CA,92117,Phillip.B.Haywood@mailinator.com,858-837-3402
Elizabeth,Stotler,533 Mount Olive Road,Norcross,GA,30092,Elizabeth.B.Stotler@dodgit.com,678-978-9680
Earline,Broadhurst,2143 Winding Way,Providence,RI,02903,Earline.W.Broadhurst@dodgit.com,401-599-2382
Theresa,Davis,3732 Eagle Drive,Plymouth,MI,48170,Theresa.W.Davis@dodgit.com,734-757-5172
Teresa,Yager,3349 Charack Road,Cincinnati,IN,45202,Teresa.L.Yager@dodgit.com,812-221-4882
Tonya,Sullins,1434 Whispering Pines Circle,Mc Kinney,TX,75069,Tonya.P.Sullins@dodgit.com,972-369-6657
Jason,Sanders,2447 Heavner Court,Huntington,NY,11743,Jason.A.Sanders@mailinator.com,516-286-7130
Joshua,Blackmon,969 Daffodil Lane,Savage,VA,20763,Joshua.D.Blackmon@mailinator.com,703-513-7049
Jacqueline,Schmidt,3154 Weekley Street,San Antonio,TX,78258,Jacqueline.R.Schmidt@mailinator.com,210-315-2756
Lester,Heilig,3247 Parkway Drive,WHITLOW,AZ,85219,Lester.D.Heilig@pookmail.com,520-463-9113
Gary,Briggs,4809 Braxton Street,Elmhurst,IL,60126,Gary.C.Briggs@mailinator.com,815-530-0867
Scott,Hawkins,667 Mutton Town Road,Vancouver,WA,98663,Scott.E.Hawkins@mailinator.com,360-690-4817
James,Peck,1932 Coolidge Street,Somers,MT,59932,James.M.Peck@dodgit.com,406-857-3811
Richard,Cruz,2939 Red Hawk Road,BIG BEND CITY,MN,56262,Richard.B.Cruz@dodgit.com,320-793-9344
Margaret,Archer,1719 Moore Avenue,Fort Worth,TX,76107,Margaret.E.Archer@mailinator.com,817-782-9982
Anthony,Canto,2083 Calvin Street,Hanover,MD,21076,Anthony.V.Canto@spambob.com,443-325-9190
Cortney,Marvin,4647 Lighthouse Drive,Branson,MO,65616,Cortney.D.Marvin@pookmail.com,417-336-4301
Victor,Calles,934 Chapmans Lane,TOADLENA,NM,87324,Victor.E.Calles@pookmail.com,505-789-2373
Melinda,Albaugh,4073 Parker Drive,Cleveland,OH,44115,Melinda.S.Albaugh@trashymail.com,216-583-4435
Linda,Rector,3128 Sugar Camp Road,GARDEN CITY,MN,56034,Linda.M.Rector@dodgit.com,507-546-5512
Joanne,Yi,1601 Hewes Avenue,Linthicum Heights,MD,21090,Joanne.C.Yi@pookmail.com,443-687-5243
William,Maust,37 Aaron Smith Drive,Waynesboro,PA,17268,William.E.Maust@trashymail.com,717-765-3097
Cecil,Sanchez,3102 Gnatty Creek Road,Huntington,NY,11743,Cecil.B.Sanchez@dodgit.com,516-359-3641
Martin,Allen,1861 Ruckman Road,Oklahoma City,OK,73102,Martin.K.Allen@mailinator.com,405-850-1437
Noel,Bond,2659 Ersel Street,Plano,TX,75074,Noel.J.Bond@dodgit.com,214-379-0326
John,Anderson,4163 Bryan Street,MILTON,NC,27305,John.A.Anderson@spambob.com,336-234-7203
Vickie,Sanchez,3325 Oak Avenue,Northbrook,IL,60062,Vickie.J.Sanchez@trashymail.com,847-951-5199
Rebecca,Burgess,2246 Gambler Lane,Houston,TX,77006,Rebecca.R.Burgess@spambob.com,281-938-5071
Vincent,Leon,2846 Luke Lane,ARDMORE,OK,73401,Vincent.K.Leon@dodgit.com,580-263-3161
Rocky,Pierce,18 Station Street,Oakland,CA,94612,Rocky.C.Pierce@dodgit.com,510-869-6564
Julia,Turner,1264 Fleming Street,Enterprise,AL,36330,Julia.T.Turner@dodgit.com,334-378-6798
Ronald,Martin,1829 Ridge Road,Wichita,KS,67202,Ronald.M.Martin@pookmail.com,620-860-5378
William,House,1890 Rosemont Avenue,Altamonte Springs,FL,32714,William.C.House@mailinator.com,321-881-1441
Jay,Paige,1178 Cottonwood Lane,Nashville,TN,37203,Jay.E.Paige@pookmail.com,615-963-2058
Jessica,Brooks,4177 Hillcrest Drive,Tacoma,WA,98402,Jessica.G.Brooks@spambob.com,253-267-2476
Shawn,Wilton,4707 Martha Street,Flagstaff,AZ,86004,Shawn.J.Wilton@trashymail.com,928-714-6046
Michael,Clark,391 Zimmerman Lane,Los Angeles,CA,90017,Michael.C.Clark@spambob.com,213-457-2662
Tommy,Ried,3098 Joes Road,GLOVERSVILLE,NY,12078,Tommy.M.Ried@trashymail.com,518-774-5493
Anne,Alexander,4323 Burnside Court,Phoenix,AZ,85034,Anne.C.Alexander@mailinator.com,602-399-5367
Dewey,Chapman,1272 Glen Street,MADISONVILLE,KY,42431,Dewey.N.Chapman@mailinator.com,270-309-0811
Sandra,Chupp,3977 Williams Lane,Wichita,KS,67202,Sandra.E.Chupp@pookmail.com,316-530-2458
Gilbert,Taylor,1392 Bluff Street,Cumberland,MD,21502,Gilbert.B.Taylor@dodgit.com,301-784-3556
John,Scanlon,1975 Benson Street,EAGLE RIVER,WI,54521,John.H.Scanlon@trashymail.com,715-337-8479
Mary,Kondo,2004 South Street,Midland,TX,79701,Mary.O.Kondo@pookmail.com,432-638-0520
Robert,Knight,3095 Ferguson Street,BOSTON,MA,02110,Robert.A.Knight@dodgit.com,508-453-8388
Laura,Harrison,4754 South Street,Midland,TX,79701,Laura.J.Harrison@trashymail.com,432-848-2243
Debbie,Simmons,2924 Hickory Lane,Washington,DC,20017,Debbie.N.Simmons@trashymail.com,202-526-1475
Sean,Cox,1513 Red Bud Lane,WHIPPANY,NJ,07981,Sean.C.Cox@pookmail.com,862-778-3546
Kimberly,Luna,4933 Sigley Road,Beloit,KS,67420,Kimberly.J.Luna@spambob.com,785-569-6576
Natalie,King,4355 Hartland Avenue,LOMIRA (DODGE),WI,53006,Natalie.B.King@mailinator.com,920-269-8313
Diana,Funk,852 Philli Lane,Dewey,OK,74029,Diana.J.Funk@spambob.com,918-534-3055
Joseph,Hill,1925 Joes Road,Gloversville,NY,12078,Joseph.C.Hill@spambob.com,518-773-6714
Karen,Mcmillian,4361 Felosa Drive,Long Beach,CA,90802,Karen.J.Mcmillian@spambob.com,323-948-1280
Dianna,Hayes,3863 Hamilton Drive,Annapolis,MD,21401,Dianna.G.Hayes@pookmail.com,410-260-1273
Gerardo,Lewis,4375 Wood Street,Houma,LA,70360,Gerardo.S.Lewis@pookmail.com,985-917-7030
Wayne,Yancey,3449 Bartlett Avenue,SOUTHFIELD,MI,48235,Wayne.S.Yancey@pookmail.com,248-565-6552
Alton,Bishop,4742 Stratford Court,GOLDSBORO,NC,27530,Alton.N.Bishop@pookmail.com,919-736-8850
Kenneth,Kissell,3056 Andell Road,Nashville,TN,37209,Kenneth.D.Kissell@spambob.com,615-210-9829
Mabel,Guerin,3694 Winding Way,PROVIDENCE,RI,02908,Mabel.J.Guerin@trashymail.com,401-652-9397
Lori,Rice,3300 Essex Court,STRATTON,VT,05155,Lori.N.Rice@trashymail.com,802-297-6543
Salvador,Hodge,664 Commerce Boulevard,OMAHA,NE,68114,Salvador.C.Hodge@spambob.com,402-524-7968
Angela,Thomas,3643 Camel Back Road,Tulsa,OK,74119,Angela.T.Thomas@spambob.com,918-556-9595
Randy,Bucher,3812 Myra Street,PROVIDENCE,RI,02908,Randy.D.Bucher@dodgit.com,401-512-9358
James,Whitley,1453 Bluff Street,Hagerstown,MD,21740,James.C.Whitley@trashymail.com,301-797-9129
Mellie,Mccullough,1493 Passaic Street,Washington,DC,20024,Mellie.J.Mccullough@trashymail.com,202-314-4660
Peter,Tookes,4958 Dovetail Drive,Northbrook,IL,60062,Peter.V.Tookes@dodgit.com,847-291-1703
Raymond,Doctor,3134 Hannah Street,Asheville,NC,28801,Raymond.M.Doctor@spambob.com,828-309-5514
Mike,Myres,1410 Hillview Street,Columbia,SC,29210,Mike.L.Myres@pookmail.com,803-671-1187
Ryan,Williams,1936 Medical Center Drive,Tampa,FL,33602,Ryan.C.Williams@dodgit.com,941-406-9652
Anne,Baynes,299 Sampson Street,Westminster,CO,80030,Anne.M.Baynes@mailinator.com,303-550-1030
Jose,Hertzler,71 University Drive,La Grange,IL,60525,Jose.A.Hertzler@spambob.com,312-691-7659
Joseph,Jett,3999 Columbia Road,Centennial,CO,80112,Joseph.C.Jett@pookmail.com,303-212-2068
John,Adkins,878 State Street,Dearborn,MI,48126,John.D.Adkins@dodgit.com,313-943-1277
Joshua,Higgins,3920 Pretty View Lane,Garberville,CA,95542,Joshua.L.Higgins@mailinator.com,707-923-0393
Kenneth,Hunt,2539 Nutter Street,Kansas City,MO,64106,Kenneth.G.Hunt@spambob.com,816-216-5992
Courtney,Stein,2592 Ferguson Street,FALMOUTH,MA,02540,Courtney.T.Stein@trashymail.com,508-495-0279
Jeff,Isbell,4900 Parrill Court,Rolling Prairie,IN,46371,Jeff.L.Isbell@spambob.com,219-544-0277
Andrew,Smith,1285 Briarwood Drive,MERCHANTVILLE,NJ,08109,Andrew.T.Smith@trashymail.com,856-488-3564
Frances,Pierce,97 Paul Wayne Haggerty Road,Metairie,LA,70001,Frances.G.Pierce@trashymail.com,504-427-1337
Rosa,Groves,2429 Stark Hollow Road,STEAMBOAT SPRINGS,CO,80487,Rosa.J.Groves@trashymail.com,970-875-9932
Dylan,Vance,4244 Boundary Street,Jacksonville,FL,32257,Dylan.M.Vance@pookmail.com,904-617-6515
Roxanne,Allen,3720 Small Street,New York,NY,10029,Roxanne.S.Allen@dodgit.com,212-831-4829
Robert,Taylor,845 Chandler Hollow Road,Pittsburgh,PA,15206,Robert.A.Taylor@trashymail.com,412-519-6773
Eric,Fields,533 Kimberly Way,Grand Rapids,MI,49503,Eric.L.Fields@trashymail.com,616-836-4351
Bret,Barton,3933 Poe Road,Beaufort,SC,29902,Bret.J.Barton@mailinator.com,843-252-6473
Warren,Swanson,1918 Mapleview Drive,St Petersburg,FL,33712,Warren.D.Swanson@trashymail.com,727-867-7385
Gerald,Boyce,4931 Rainbow Drive,Akron,OH,44311,Gerald.M.Boyce@dodgit.com,330-475-0226
Rod,Dupont,1221 North Avenue,BUTTE,NE,68722,Rod.M.Dupont@mailinator.com,402-775-8567
Roger,Gosnell,2080 Forest Drive,Fairfax,VA,22030,Roger.A.Gosnell@mailinator.com,703-877-3386
Jacqueline,Rogers,4435 Charla Lane,Irving,TX,75038,Jacqueline.S.Rogers@dodgit.com,972-751-1689
Mike,Pruett,1511 Sardis Station,Minneapolis,MN,55402,Mike.H.Pruett@dodgit.com,612-397-1391
Susan,Bowen,3894 Harrison Street,SAN FRANCISCO,CA,94122,Susan.M.Bowen@mailinator.com,415-502-3841
Vickie,Lofgren,3193 Kelly Drive,SHEPHERDSTOWN,WV,25443,Vickie.D.Lofgren@trashymail.com,304-876-9576
Elyse,Martinez,2511 Mutton Town Road,Redmond,WA,98052,Elyse.R.Martinez@pookmail.com,360-682-9406
Vance,Herman,943 Butternut Lane,MILLSTADT,IL,62260,Vance.A.Herman@spambob.com,618-538-7994
Erica,Haugland,919 Boring Lane,Concord,CA,94520,Erica.G.Haugland@dodgit.com,415-690-2314
Richard,Cooper,3843 Traction Street,Abbeville,SC,29620,Richard.K.Cooper@spambob.com,864-462-3562
Carl,Kelley,4975 Meadow Drive,Oklahoma City,OK,73131,Carl.G.Kelley@dodgit.com,405-971-8283
Frank,Wilcox,3352 Richards Avenue,Tracy,CA,95376,Frank.N.Wilcox@spambob.com,209-833-3284
Elena,Armstrong,1037 Amethyst Drive,MASON,MI,48854,Elena.E.Armstrong@pookmail.com,517-244-7914
Robert,Donovan,4480 Raver Croft Drive,NEWPORT,TN,37821,Robert.N.Donovan@trashymail.com,423-625-0838
Mark,Stroud,2280 Bartlett Avenue,BIRMINGHAM,MI,48011,Mark.A.Stroud@trashymail.com,248-594-5969
Viola,Young,2201 Christie Way,Cambridge,MA,02142,Viola.C.Young@spambob.com,978-843-7595
Michelle,Strong,2131 Hornor Avenue,Mcalester,OK,74501,Michelle.A.Strong@pookmail.com,918-420-2763
Maria,Craig,1989 Poco Mas Drive,Irving,TX,75039,Maria.F.Craig@mailinator.com,214-492-2386
James,Hale,331 Dark Hollow Road,RIDGEWAY,WI,53582,James.P.Hale@pookmail.com,608-924-1677
Jeannette,Johnson,4976 Isaacs Creek Road,Charleston,IL,61920,Jeannette.W.Johnson@trashymail.com,217-508-3731
Wayne,Muniz,1953 Hampton Meadows,CONCORD,MA,01742,Wayne.P.Muniz@dodgit.com,978-369-2248
Edward,Reyes,1266 Clement Street,Atlanta,GA,30342,Edward.L.Reyes@trashymail.com,404-497-0619
John,Bartee,1688 Wescam Court,BOSTON,MA,02110,John.M.Bartee@pookmail.com,781-234-9176
James,James,3257 Progress Way,Springville,IA,52336,James.M.James@spambob.com,319-854-0994
Beckie,Delatorre,3829 New Street,Eugene,OR,97401,Beckie.K.Delatorre@pookmail.com,541-346-1759
Edgar,Faucher,4849 Buena Vista Avenue,COOS BAY,OR,97420,Edgar.K.Faucher@dodgit.com,541-707-6734
Laura,Austin,4745 Hinkle Lake Road,BOSTON,MA,02115,Laura.M.Austin@spambob.com,617-534-0337
Patti,Muniz,1009 Rhapsody Street,Gainesville,FL,32601,Patti.A.Muniz@pookmail.com,352-380-4298
Lissette,Washington,3826 Briercliff Road,Bronx,NY,10452,Lissette.C.Washington@dodgit.com,718-681-0729
Charles,Moss,3111 Hillside Street,SCOTTSDALE,AZ,85259,Charles.C.Moss@dodgit.com,480-551-7548
Cecilia,Page,232 Veltri Drive,Ketchikan,AK,99901,Cecilia.J.Page@spambob.com,907-225-0466
Carl,Sewell,2374 Green Street,Nashville,TN,37211,Carl.J.Sewell@dodgit.com,615-500-0993
Ruth,Alvarado,2714 Railroad Street,Escanaba,MI,49829,Ruth.S.Alvarado@spambob.com,906-233-0941
David,Wetzel,4870 Clarence Court,Wilmington,NC,28405,David.M.Wetzel@trashymail.com,910-231-2200
Rowena,Castellanos,630 Spruce Drive,GIBSONIA,PA,15044,Rowena.B.Castellanos@spambob.com,724-881-2329
Mary,Gonzales,2603 Lodgeville Road,Minneapolis,MN,55402,Mary.J.Gonzales@mailinator.com,612-246-7410
George,Braxton,2482 Evergreen Lane,Irvine,CA,92618,George.M.Braxton@mailinator.com,323-635-4426
Manuel,Hafner,616 Kemper Lane,Salt Lake City,UT,84104,Manuel.D.Hafner@dodgit.com,801-852-7488
Edward,Seda,2189 Stroop Hill Road,Decatur,GA,30030,Edward.A.Seda@mailinator.com,404-824-9256
Sidney,Roberts,4332 Ralph Drive,GARFIELD HEIGHTS,OH,44125,Sidney.D.Roberts@mailinator.com,440-241-4093
Abigail,Holman,711 Taylor Street,New York,NY,10007,Abigail.E.Holman@dodgit.com,914-659-7735
Maryanne,Mclane,1166 Bee Street,Muskegon,MI,49440,Maryanne.L.Mclane@trashymail.com,231-760-7424
Audrey,Jenkins,4850 Coplin Avenue,Phoenix,AZ,85018,Audrey.J.Jenkins@dodgit.com,602-521-0298
Glenn,Trainor,1654 Joseph Street,Bristol,WI,53104,Glenn.M.Trainor@mailinator.com,262-857-5971
Daniel,Cunningham,4828 Rockwell Lane,Rocky Mount,NC,27801,Daniel.C.Cunningham@pookmail.com,252-602-6333
Theodore,Williams,1814 Hill Croft Farm Road,Sacramento,CA,95814,Theodore.D.Williams@spambob.com,530-512-8336
Andrew,Miller,61 Kimberly Way,Dutton,MI,49316,Andrew.C.Miller@spambob.com,616-827-0298
Natasha,Jones,4619 Strother Street,Birmingham,AL,35203,Natasha.D.Jones@trashymail.com,205-677-5881
Nikki,Green,4116 Grasselli Street,JACKSON,NH,03846,Nikki.D.Green@dodgit.com,603-383-4262
Kyle,Carlson,923 Gordon Street,Rialto,CA,92376,Kyle.M.Carlson@mailinator.com,909-450-1315
Callie,Curtis,1702 Clement Street,Atlanta,GA,30303,Callie.M.Curtis@mailinator.com,404-431-6118
Clay,Patterson,3248 Wood Duck Drive,Ishpeming,MI,49849,Clay.D.Patterson@pookmail.com,906-486-5987
Suzanne,Heidenreich,1906 Anmoore Road,New York,NY,10011,Suzanne.R.Heidenreich@dodgit.com,718-799-1365
Maxine,Cook,3851 Green Avenue,Oakland,CA,94609,Maxine.D.Cook@mailinator.com,510-818-3964
Paula,Bailey,500 Ridge Road,Great Bend,KS,67530,Paula.J.Bailey@dodgit.com,620-792-6254
Charles,Ellis,2062 Dark Hollow Road,EGG HARBOR,NJ,08232,Charles.D.Ellis@spambob.com,609-226-7050
Casey,Locke,2488 Briarwood Road,PITTSBURG,MO,65724,Casey.J.Locke@trashymail.com,417-852-6394
Gloria,Shirley,2762 Graystone Lakes,Macon,GA,31206,Gloria.T.Shirley@mailinator.com,478-335-4817
Jose,Simard,424 Bridge Street,Hominy,OK,74035,Jose.H.Simard@dodgit.com,918-885-9945
Ida,Romero,2530 Fittro Street,ODEN,AR,71961,Ida.E.Romero@trashymail.com,870-326-9246
John,Hill,2270 Wakefield Street,PHILADELPHIA,PA,19108,John.D.Hill@spambob.com,215-391-8095
Essie,Parsons,1895 Seth Street,EOLA,TX,76937,Essie.D.Parsons@pookmail.com,325-469-2187
Candace,Boyd,810 Stadium Drive,TAUNTON,MA,02780,Candace.J.Boyd@pookmail.com,508-301-0915
Randall,Kemp,116 Reynolds Alley,La Habra,CA,90631,Randall.M.Kemp@mailinator.com,562-266-0169
Larry,Johnson,4494 Hanifan Lane,Norcross,GA,30071,Larry.M.Johnson@dodgit.com,678-531-9077
Dorothy,Smith,3659 Palmer Road,Worthington,OH,43085,Dorothy.R.Smith@mailinator.com,614-642-6441
Randy,Fulbright,2292 Midway Road,Springdale,AR,72764,Randy.J.Fulbright@dodgit.com,479-521-4349
Thomas,Williams,616 Irving Place,De Soto,MO,63020,Thomas.R.Williams@trashymail.com,636-337-3411
Rose,Salisbury,378 Benedum Drive,White Plains,NY,10601,Rose.S.Salisbury@spambob.com,845-284-1597
Eileen,Fowler,4085 Stanton Hollow Road,Cambridge,MA,02141,Eileen.H.Fowler@pookmail.com,781-537-7179
Rene,Gomez,3591 Millbrook Road,Wheeling,IL,60090,Rene.G.Gomez@trashymail.com,630-824-0379
Michael,Thompson,1398 Simons Hollow Road,PLYMOUTH,PA,18651,Michael.J.Thompson@dodgit.com,570-779-6662
Curtis,Sharp,2866 Sherman Street,Everest,KS,66424,Curtis.C.Sharp@mailinator.com,785-847-4256
Joan,Lockett,3503 Ridenour Street,Miami,FL,33176,Joan.J.Lockett@mailinator.com,786-205-8977
Sandra,Mason,3143 Lady Bug Drive,Flushing,NY,11365,Sandra.J.Mason@spambob.com,718-969-5017
Ricardo,Miner,1070 Scenic Way,LINCOLN,IL,62656,Ricardo.T.Miner@mailinator.com,217-671-5888
Jan,Davis,4828 Williams Lane,Wichita,KS,67202,Jan.H.Davis@pookmail.com,316-671-9037
Marilyn,Marshall,3266 Lilac Lane,OMEGA,GA,31775,Marilyn.Z.Marshall@spambob.com,912-470-2662
Julie,Babb,4136 Ethels Lane,Fort Myers,FL,33901,Julie.J.Babb@spambob.com,863-722-8735
Bryan,Browner,4782 Shingleton Road,KALAMAZOO,MI,49007,Bryan.B.Browner@mailinator.com,269-370-7644
Rose,Longnecker,740 Sarah Drive,LAFAYETTE,LA,70506,Rose.S.Longnecker@pookmail.com,337-522-1633
Kristin,Story,561 Mulberry Lane,West Palm Beach,FL,33401,Kristin.F.Story@trashymail.com,561-837-7314
Desiree,Wood,4228 Willow Oaks Lane,Lafayette,LA,70506,Desiree.W.Wood@pookmail.com,337-321-8597
Ronald,Brooks,2513 Parker Drive,Beachwood,OH,44122,Ronald.T.Brooks@trashymail.com,216-545-8179
Micheal,Ames,3512 Counts Lane,Lexington,KY,40505,Micheal.D.Ames@dodgit.com,859-943-2649
Dahlia,Bissette,3176 Cherry Tree Drive,Jacksonville,FL,32256,Dahlia.S.Bissette@spambob.com,904-333-9415
Linda,Chiu,2295 Beech Street,Danville,CA,94526,Linda.J.Chiu@mailinator.com,925-838-1968
Sharon,Newcomb,2640 Mutton Town Road,NEAH BAY,WA,98357,Sharon.A.Newcomb@pookmail.com,360-645-7577
Jennifer,Herrera,2070 Aviation Way,LOS ANGELES,CA,90017,Jennifer.J.Herrera@mailinator.com,213-873-4577
John,Lansberry,3939 Sarah Drive,Lafayette,LA,70501,John.M.Lansberry@spambob.com,337-482-1075
Ernest,Stevenson,2859 Red Maple Drive,Alhambra,CA,91801,Ernest.J.Stevenson@spambob.com,323-369-4688
Charles,Lyons,3099 Rivendell Drive,Akron,OH,44312,Charles.C.Lyons@mailinator.com,330-798-0228
Brandy,Abarca,1765 Hiney Road,LAS VEGAS,NV,89102,Brandy.T.Abarca@trashymail.com,702-248-3608
Charlene,Fogle,4569 Wetzel Lane,Grand Rapids,MI,49503,Charlene.M.Fogle@trashymail.com,231-307-6603
Abraham,Timms,4592 Chardonnay Drive,Orchards,WA,98662,Abraham.R.Timms@trashymail.com,360-212-4760
Kathryn,Masterson,1791 Lighthouse Drive,Monett,MO,65708,Kathryn.D.Masterson@pookmail.com,417-236-5566
Catherine,Mcgovern,1271 Mcwhorter Road,OKOLONA,MS,38860,Catherine.J.Mcgovern@dodgit.com,662-447-3468
Marcie,Guzman,3196 Seltice Way,Boise,ID,83704,Marcie.J.Guzman@pookmail.com,208-685-1752
Michael,Irwin,2142 Cameron Road,Buffalo,NY,14216,Michael.A.Irwin@dodgit.com,716-341-5449
Ann,Dedrick,2006 Shinn Street,New York,NY,10007,Ann.G.Dedrick@dodgit.com,212-748-9664
Thomas,Boyd,3835 Stiles Street,Crafton,PA,15205,Thomas.G.Boyd@trashymail.com,412-596-8453
Heath,Everett,954 Wilkinson Street,Nashville,TN,37214,Heath.N.Everett@trashymail.com,615-407-2665
Craig,Johnson,1451 Owagner Lane,Seattle,WA,98101,Craig.A.Johnson@dodgit.com,206-262-9898
Tracy,Reed,4718 Raintree Boulevard,Indianapolis,IN,46240,Tracy.D.Reed@pookmail.com,765-261-8325
Andrea,Banda,4407 West Side Avenue,KEARNY,NJ,07032,Andrea.C.Banda@pookmail.com,201-246-5826
Gwendolyn,Garcia,4444 Beechwood Drive,Pittsburgh,PA,15219,Gwendolyn.A.Garcia@dodgit.com,412-202-8742
Eugene,Rodgers,817 Cedar Lane,NEWTON,MA,02160,Eugene.M.Rodgers@mailinator.com,617-630-9166
Agnes,Jones,4325 Lost Creek Road,Pottstown,PA,19464,Agnes.W.Jones@dodgit.com,610-970-0312
Lurline,Adams,595 Poe Lane,Kansas City,KS,66102,Lurline.F.Adams@pookmail.com,913-409-1721
Gerald,Wille,1831 Central Avenue,UNION CITY,NJ,07087,Gerald.A.Wille@spambob.com,201-422-2460
Letitia,Sample,1836 Monroe Street,Houston,TX,77002,Letitia.I.Sample@mailinator.com,713-488-7292
Desiree,Smith,1539 Davis Street,RANGER,GA,30139,Desiree.D.Smith@spambob.com,706-334-0361
Henry,Myrick,1843 Southside Lane,Los Angeles,CA,90022,Henry.L.Myrick@pookmail.com,323-723-3607
Arthur,Ashworth,586 Moore Avenue,Dallas,TX,75207,Arthur.J.Ashworth@mailinator.com,817-704-7294
James,Morrison,329 White Pine Lane,Fredericksburg,VA,22401,James.J.Morrison@mailinator.com,540-654-1352
Kathleen,Rodriguez,2767 Harvest Lane,Bakersfield,CA,93304,Kathleen.T.Rodriguez@spambob.com,661-205-1771
John,Peabody,4607 Harron Drive,North East,MD,21901,John.L.Peabody@spambob.com,443-553-9603
Elwood,Hernandez,2619 Westwood Avenue,Huntington,NY,11743,Elwood.M.Hernandez@dodgit.com,516-816-3977
Thomas,Edwards,3377 Lynn Avenue,Eau Claire,WI,54701,Thomas.J.Edwards@dodgit.com,715-563-8542
Jeanette,Salgado,3088 Woodland Avenue,Metairie,LA,70001,Jeanette.J.Salgado@spambob.com,985-718-6014
Jessie,Cote,2021 Cameron Road,Buffalo,NY,14202,Jessie.J.Cote@pookmail.com,716-276-8532
Daniel,Suh,1553 Edsel Road,Granada Hills,CA,91344,Daniel.M.Suh@trashymail.com,818-363-9042
Paula,Leclair,2202 Locust Court,Los Angeles,CA,90017,Paula.V.Leclair@mailinator.com,562-450-8386
Christine,Bieber,1050 Woodbridge Lane,SOUTHFIELD,MI,48235,Christine.J.Bieber@pookmail.com,313-544-6702
Richard,Holmes,1176 Harter Street,WEST MANCHESTER,OH,45382,Richard.D.Holmes@mailinator.com,937-678-3226
Patricia,Cade,4790 Red Bud Lane,Hartford,CT,06103,Patricia.D.Cade@spambob.com,860-951-3749
Donna,Ohara,549 White River Way,Salt Lake City,UT,84111,Donna.J.Ohara@dodgit.com,801-531-5354
Mary,Allison,787 Maxwell Street,Hartford,CT,06103,Mary.A.Allison@dodgit.com,860-752-4805
Juan,Cabana,2784 Pearcy Avenue,CROMWELL,IN,46732,Juan.E.Cabana@pookmail.com,260-856-8288
Mary,Fletcher,1322 Tenmile Road,BEDFORD,MA,01730,Mary.M.Fletcher@trashymail.com,781-687-7348
Edwin,Turley,4315 Boone Crockett Lane,Tukwila,WA,98168,Edwin.R.Turley@mailinator.com,360-485-0396
Virginia,Brinkman,2091 Conference Center Way,Washington,VA,20005,Virginia.C.Brinkman@trashymail.com,571-217-0754
Valerie,Thomas,1629 Davis Avenue,Fremont,CA,94539,Valerie.R.Thomas@pookmail.com,707-736-4621
George,Daigle,4144 Glenview Drive,Corpus Christi,TX,78476,George.J.Daigle@mailinator.com,361-522-0015
Denise,Bailey,3694 Small Street,New York,NY,10011,Denise.G.Bailey@pookmail.com,212-886-4804
Verona,Holleman,2190 Romrog Way,NEW CASTLE,WY,82701,Verona.S.Holleman@pookmail.com,307-949-1723
Ronald,Flores,1268 Parkview Drive,Anaheim,CA,92801,Ronald.A.Flores@trashymail.com,714-267-3139
Zelma,Litton,3952 Adamsville Road,Laredo,TX,78040,Zelma.M.Litton@spambob.com,956-729-3002
Sheri,Johnson,1736 North Bend River Road,EVARTS,KY,40828,Sheri.C.Johnson@pookmail.com,606-837-6393
Donna,Smith,4588 Bryan Avenue,Minneapolis,MN,55401,Donna.D.Smith@mailinator.com,651-389-4101
Evelyn,Potter,2180 Steele Street,BURR RIDGE,IL,61257,Evelyn.D.Potter@trashymail.com,630-680-5576
Bernard,Lucas,4323 Sand Fork Road,Plymouth,IN,46563,Bernard.M.Lucas@mailinator.com,574-952-1420
Mildred,Burnett,4903 Big Elm,Kansas City,MO,64106,Mildred.P.Burnett@mailinator.com,816-864-6769
Dana,Deloera,2267 Half and Half Drive,O NEALS,CA,93645,Dana.E.Deloera@pookmail.com,559-868-4783
John,Hubert,759 Stone Lane,Phoenixville,PA,19460,John.B.Hubert@spambob.com,610-415-7911
Christopher,Summerville,111 Poplar Street,Chicago,IL,60601,Christopher.B.Summerville@spambob.com,708-810-5750
Teresa,Wilson,2271 Broad Street,Birmingham,AL,35203,Teresa.T.Wilson@dodgit.com,205-484-0890
Lionel,Thompson,3000 Bird Street,Farmington,NM,87401,Lionel.L.Thompson@dodgit.com,505-564-8825
Vilma,Hagood,1271 Morningview Lane,CONRAD,IA,50621,Vilma.H.Hagood@dodgit.com,641-922-5107
Kathleen,Montano,2539 Oakridge Farm Lane,New Berlin,WI,53151,Kathleen.L.Montano@dodgit.com,262-353-4779
Robert,Neeley,4412 Camden Place,EDISTO BEACH,SC,29438,Robert.J.Neeley@mailinator.com,843-869-6881
Edward,Cassella,2683 Woodland Terrace,Fair Oaks,CA,95628,Edward.B.Cassella@trashymail.com,916-853-7999
Julia,Kane,122 Patton Lane,Raleigh,NC,27601,Julia.G.Kane@spambob.com,919-278-8408
Merle,Carrington,3652 Paul Wayne Haggerty Road,New Orleans,LA,70131,Merle.J.Carrington@trashymail.com,504-398-2812
Candice,Munoz,1728 Harvest Lane,Palmdale,CA,93550,Candice.J.Munoz@spambob.com,661-225-7642
John,Stevenson,597 Hall Street,Las Vegas,NV,89110,John.J.Stevenson@dodgit.com,702-437-7449
Barbara,Murray,4374 Cunningham Court,Troy,MI,48098,Barbara.C.Murray@mailinator.com,248-641-0385
Robert,Lewis,3664 Clay Street,Indianapolis,IN,46278,Robert.G.Lewis@spambob.com,317-414-5691
Robert,Bernhard,368 White River Way,Salt Lake City,UT,84104,Robert.L.Bernhard@trashymail.com,801-457-5045
Brett,Bradford,2737 Fidler Drive,SAN ANTONIO,TX,78238,Brett.S.Bradford@trashymail.com,210-688-7658
Richard,Wolters,1835 Payne Street,WOOLWINE,VA,24185,Richard.F.Wolters@pookmail.com,276-930-8808
Elizabeth,Stringer,2049 Green Avenue,SAN FRANCISCO,CA,94107,Elizabeth.R.Stringer@pookmail.com,510-857-5155
Gloria,Mcgraw,3927 Park Street,Livermore,CA,94550,Gloria.M.Mcgraw@trashymail.com,925-449-2503
Michael,Beaudoin,2587 Cimmaron Road,ORANGE,CA,92632,Michael.L.Beaudoin@spambob.com,714-538-7232
Daisy,Cohen,2324 Scenicview Drive,Tukwila,WA,98168,Daisy.M.Cohen@pookmail.com,425-955-8587
Johnnie,Campbell,2038 Sharon Lane,Elkhart,IN,46516,Johnnie.P.Campbell@pookmail.com,574-238-6095
Eugene,Banks,3715 Golden Street,Miami Springs,FL,33166,Eugene.J.Banks@dodgit.com,305-641-7116
Charles,Kowalewski,1570 Westfall Avenue,Roswell,NM,88201,Charles.L.Kowalewski@trashymail.com,505-937-3675
Brenda,Childers,2579 Bastin Drive,Philadelphia,PA,19108,Brenda.B.Childers@mailinator.com,484-685-4255
Ryan,Barahona,1531 Ventura Drive,Oakland,CA,94612,Ryan.M.Barahona@mailinator.com,831-344-9006
Bobby,Votaw,3429 Spruce Drive,WESTFORD,PA,16134,Bobby.C.Votaw@mailinator.com,724-927-1286
Shirley,Kahl,1373 Florence Street,EMORY,TX,75440,Shirley.G.Kahl@pookmail.com,903-473-1249
Mary,Black,3849 Poplar Lane,Miami,FL,33169,Mary.J.Black@dodgit.com,305-497-7888
Caroline,Luna,2678 Pallet Street,New York,NY,10013,Caroline.L.Luna@pookmail.com,914-426-7660
Mirna,Murdock,3473 Willow Greene Drive,MONTGOMERY,AL,36117,Mirna.R.Murdock@dodgit.com,334-313-6457
Darryl,Troia,1851 Rinehart Road,Miami,FL,33179,Darryl.U.Troia@spambob.com,786-367-7670
Gary,Simon,2177 Primrose Lane,Madison,WI,53703,Gary.V.Simon@dodgit.com,608-555-0116
Emmanuel,Howard,1444 Woodbridge Lane,Royal Oak,MI,48067,Emmanuel.D.Howard@trashymail.com,313-564-6525
Marie,Mayo,3673 Parrill Court,Laporte,IN,46350,Marie.J.Mayo@mailinator.com,219-325-5189
Louis,Garr,900 Orphan Road,ELK LAKE,WI,54739,Louis.R.Garr@mailinator.com,715-872-6901
Matthew,Koch,3275 McVaney Road,Forest City,NC,28043,Matthew.P.Koch@dodgit.com,828-248-3344
Archie,Davis,3006 Wood Street,Saginaw,MI,48607,Archie.K.Davis@dodgit.com,989-231-1158
Patricia,Sims,1801 Columbia Mine Road,Huntington,WV,25701,Patricia.S.Sims@trashymail.com,304-523-4492
Marilyn,Milliken,91 Fairmont Avenue,Kansas City,MO,64106,Marilyn.K.Milliken@trashymail.com,660-225-1293
Charlie,Doyle,1351 Saints Alley,PINECREST,FL,33567,Charlie.G.Doyle@mailinator.com,813-737-0817
Armando,Adams,2745 Kelly Street,Statesville,NC,28677,Armando.M.Adams@dodgit.com,704-871-0055
Gwendolyn,Grigsby,4629 John Avenue,Lansing,MI,48933,Gwendolyn.R.Grigsby@dodgit.com,517-917-0520
Kelly,Nichols,4381 Friendship Lane,Santa Clara,CA,95050,Kelly.D.Nichols@spambob.com,408-594-4808
Wilford,Zhang,417 Rockford Road,NEW BEDFORD,MA,02740,Wilford.L.Zhang@trashymail.com,774-929-7102
Kathleen,Hartz,3007 Brentwood Drive,Austin,TX,78701,Kathleen.L.Hartz@dodgit.com,512-824-7363
Shelley,Baxter,3525 Farland Avenue,San Antonio,TX,78212,Shelley.J.Baxter@spambob.com,830-445-4252
Mary,Spruill,1471 Matthews Street,Hickory Hills,IL,60457,Mary.I.Spruill@mailinator.com,815-592-5416
Rebecca,Brian,1214 Nickel Road,Pomona,CA,91766,Rebecca.W.Brian@dodgit.com,626-765-6314
Christopher,Casey,1825 Oak Street,Syracuse,NY,13202,Christopher.M.Casey@mailinator.com,315-371-8385
Diana,Wilkerson,4711 Veltri Drive,MENTASTA,AK,99780,Diana.D.Wilkerson@trashymail.com,907-291-7687
Sammy,Cunniff,4747 Deans Lane,Peekskill,NY,10566,Sammy.C.Cunniff@spambob.com,914-788-2696
Cynthia,Valdez,2148 Clousson Road,Houston,TX,77063,Cynthia.T.Valdez@dodgit.com,713-201-8903
Robert,Prentice,1644 Prospect Valley Road,Irvine,CA,92618,Robert.C.Prentice@mailinator.com,310-916-4737
Alan,Williams,1967 Brookview Drive,Galveston,TX,77550,Alan.R.Williams@pookmail.com,409-266-4268
Johnny,Reynolds,985 Dovetail Drive,Park Ridge,IL,60068,Johnny.S.Reynolds@trashymail.com,847-292-7667
Ryan,Farley,4172 Cottonwood Lane,Grand Rapids,MI,49503,Ryan.L.Farley@dodgit.com,616-217-8554
Philip,Hankins,1342 Winding Way,PROVIDENCE,RI,02906,Philip.M.Hankins@trashymail.com,401-640-6276
Amanda,Matthews,1359 Pick Street,WELLINGTON,CO,80549,Amanda.J.Matthews@mailinator.com,970-568-1090
Randolph,Soles,2754 Stone Lane,Reading,PA,19601,Randolph.E.Soles@mailinator.com,610-371-9251
Juan,Jordan,790 Buck Drive,WATERBURY,VT,05676,Juan.D.Jordan@dodgit.com,802-244-1771
Cara,Miller,55 Washington Avenue,Jackson,MS,39201,Cara.J.Miller@mailinator.com,601-948-0489
Randy,Cecil,2614 Crosswind Drive,Louisville,KY,40203,Randy.V.Cecil@pookmail.com,270-840-8756
Andre,Bevers,4415 Willis Avenue,HIGH SPRINGS,FL,32643,Andre.M.Bevers@trashymail.com,386-454-4995
David,Wescott,3872 Retreat Avenue,Jasper,AL,35501,David.J.Wescott@mailinator.com,205-302-4422
Robert,Hanson,917 Carson Street,Lexington,KY,40511,Robert.R.Hanson@dodgit.com,859-213-4355
Melanie,Jacobs,3768 Tecumsah Lane,CULLEN,LA,71021,Melanie.T.Jacobs@mailinator.com,318-994-2156
Christopher,Cleary,3276 Lunetta Street,FORESTBURG,TX,76239,Christopher.S.Cleary@mailinator.com,940-964-8362
Jonell,Riley,1249 Bolman Court,ROBERTS,IL,60962,Jonell.D.Riley@dodgit.com,217-395-8935
Joe,Nesbitt,325 Calico Drive,RITZVILLE,WA,99169,Joe.E.Nesbitt@trashymail.com,509-660-5014
Oliver,Vanalstyne,1571 Airplane Avenue,CANAAN,CT,06018,Oliver.J.Vanalstyne@dodgit.com,860-824-5580
Kurt,Folsom,4343 Adams Drive,BRENHAM,TX,77833,Kurt.V.Folsom@pookmail.com,979-337-3202
Christopher,Dampier,720 Java Lane,SWANSEA,SC,29160,Christopher.S.Dampier@trashymail.com,803-568-6831
Patricia,Lind,4901 Winding Way,Providence,RI,02904,Patricia.K.Lind@spambob.com,401-636-8999
Michael,Mclaughlin,2291 Riverwood Drive,Rancho Cordova,CA,95742,Michael.T.Mclaughlin@trashymail.com,530-363-3992
Debrah,Walker,1282 Stanley Avenue,LEVITTOWN,NY,11756,Debrah.M.Walker@trashymail.com,516-579-0383
Michele,Hill,418 Harter Street,Wilmington,OH,45177,Michele.G.Hill@pookmail.com,937-655-8070
Shawn,Mack,612 Dola Mine Road,Raleigh,NC,27608,Shawn.T.Mack@spambob.com,919-386-1575
Erik,Webb,4955 Parkview Drive,TUSTIN,CA,92680,Erik.S.Webb@mailinator.com,714-259-4215
Carmen,Whitley,4893 Sweetwood Drive,Boulder,CO,80302,Carmen.L.Whitley@spambob.com,303-415-4603
Matilda,Wilson,1402 Simpson Street,Moline,IL,61265,Matilda.R.Wilson@trashymail.com,309-738-1163
Harry,Dennis,376 Hickory Lane,Washington,DC,20005,Harry.P.Dennis@trashymail.com,202-432-0256
Richard,Hinton,3123 Raintree Boulevard,Kokomo,IN,46901,Richard.B.Hinton@pookmail.com,765-271-5793
Katheryn,Robinson,1238 Christie Way,Foxboro,MA,02035,Katheryn.D.Robinson@mailinator.com,978-769-5043
Frank,Hayden,2604 Clay Lick Road,Aurora,CO,80014,Frank.B.Hayden@spambob.com,720-532-7266
Gregory,Wilkerson,153 Barnes Avenue,Norwood,OH,45212,Gregory.B.Wilkerson@pookmail.com,513-631-0117
Earnest,Hughes,3548 Ridge Road,Oswego,KS,67356,Earnest.S.Hughes@dodgit.com,620-795-9845
Nathan,Taylor,2426 Oak Drive,ARGYLE,NY,12809,Nathan.J.Taylor@mailinator.com,518-638-0523
Erika,Lang,1390 Finwood Road,NEWARK,NJ,07102,Erika.D.Lang@mailinator.com,732-497-7027
Kathryn,Cohen,4147 Cherry Ridge Drive,Roseville,MI,48066,Kathryn.J.Cohen@mailinator.com,586-222-2046
Deandra,Kim,2373 Duck Creek Road,Concord,CA,94520,Deandra.D.Kim@pookmail.com,650-861-9924
Tina,Simonds,717 Commerce Boulevard,Omaha,NE,68154,Tina.C.Simonds@dodgit.com,402-614-3210
Jody,King,118 Private Lane,Albany,GA,31707,Jody.D.King@dodgit.com,229-291-1817
John,Irwin,1622 Poe Road,Myrtle Beach,SC,29577,John.M.Irwin@mailinator.com,843-240-5583
Lynne,Campbell,1998 Hiddenview Drive,Cleveland,OH,44113,Lynne.B.Campbell@trashymail.com,216-208-0288
Raymond,Williams,2159 Carriage Lane,Toledo,OH,43609,Raymond.M.Williams@spambob.com,567-472-8202
Edith,Thomason,4082 Ferrell Street,CASS LAKE,MN,56633,Edith.R.Thomason@trashymail.com,218-339-3062
Etta,Akers,1569 Medical Center Drive,Tampa,FL,33614,Etta.D.Akers@spambob.com,941-544-5955
Samuel,Walker,2395 Palmer Road,Columbus,OH,43201,Samuel.C.Walker@mailinator.com,614-699-2592
Bessie,Gallagher,3621 Ridge Road,UNIONTOWN,KS,66779,Bessie.L.Gallagher@pookmail.com,620-754-8419
John,Giese,4276 Scott Street,SPRING VALLEY,NY,10977,John.K.Giese@mailinator.com,845-425-8835
Sherita,Vanvalkenburg,2822 Byrd Lane,NEW ORLEANS,LA,70087,Sherita.A.Vanvalkenburg@dodgit.com,504-982-4339
Jennifer,Walker,3534 Heritage Road,Oakhurst,CA,93644,Jennifer.R.Walker@mailinator.com,559-683-0745
Bobby,Goddard,4020 Sand Fork Road,Elkhart,IN,46516,Bobby.J.Goddard@trashymail.com,574-970-3716
Janet,Saldana,1558 Sarah Drive,Lake Charles,LA,70601,Janet.R.Saldana@dodgit.com,337-494-2773
Betty,Ramsey,2612 Central Avenue,JERSEY CITY,NJ,07304,Betty.L.Ramsey@pookmail.com,201-324-6398
Odell,Bourgault,4528 Maple Street,Rancho Santa Margarita,CA,92688,Odell.R.Bourgault@dodgit.com,714-417-9137
Thomas,Barber,291 Scenicview Drive,Athens,TX,75751,Thomas.F.Barber@pookmail.com,430-968-6298
Esther,Allen,4384 Rosemont Avenue,Melbourne,FL,32901,Esther.R.Allen@trashymail.com,321-984-8346
Bertie,Knight,2323 Beechwood Avenue,Wayne,NJ,07477,Bertie.J.Knight@pookmail.com,908-764-1058
Dwight,Hensley,1717 Concord Street,CHARLOTTE,NC,28263,Dwight.M.Hensley@trashymail.com,704-560-0044
Miguel,Watson,2608 Johnny Lane,Milwaukee,WI,53202,Miguel.J.Watson@dodgit.com,414-274-2708
Maryland,Baker,2734 Rainy Day Drive,NEWTON,MA,02160,Maryland.J.Baker@dodgit.com,617-965-7305
Jamie,Ashley,2240 Goodwin Avenue,Wenatchee,WA,98801,Jamie.H.Ashley@spambob.com,509-390-1292
Gladys,Eaton,532 Wilson Avenue,Irving,TX,75038,Gladys.T.Eaton@spambob.com,972-550-2916
Jack,Shimp,2763 Dogwood Lane,Tucson,AZ,85701,Jack.C.Shimp@spambob.com,520-594-6628
Laurie,Munsey,780 Confederate Drive,Utica,NY,13502,Laurie.M.Munsey@dodgit.com,315-648-3833
Micheal,Dowell,3125 Harrison Street,San Francisco,CA,94108,Micheal.A.Dowell@pookmail.com,415-477-9944
Kathryn,Mercier,2018 Elk Rd Little,Tucson,AZ,85716,Kathryn.L.Mercier@spambob.com,520-204-6759
Gwenda,Smithey,4373 Lakeland Park Drive,Tucker,GA,30084,Gwenda.R.Smithey@spambob.com,770-588-7008
Gwen,Banks,1547 Scott Street,POUGHKEEPSIE,NY,12601,Gwen.R.Banks@mailinator.com,845-455-1469
Patricia,Monk,1448 Melm Street,PROVIDENCE,RI,02903,Patricia.J.Monk@dodgit.com,401-262-3136
Sherman,Ruth,2568 Maxwell Street,Windsor,CT,06095,Sherman.L.Ruth@spambob.com,860-803-3935
Harold,Fleury,284 Dancing Dove Lane,New York,NY,10013,Harold.A.Fleury@trashymail.com,347-594-4420
Joanne,Lozano,712 Kerry Way,Whittier,CA,90602,Joanne.L.Lozano@trashymail.com,562-789-7038
Melinda,Johnson,1797 Berkley Street,Philadelphia,PA,19108,Melinda.F.Johnson@mailinator.com,484-905-3077
William,Wagner,1247 Hamill Avenue,San Diego,CA,92109,William.C.Wagner@mailinator.com,858-273-8373
Gregg,Reed,508 Kovar Road,Worcester,MA,01609,Gregg.I.Reed@spambob.com,508-551-8283
Heather,Macleod,2846 Bobcat Drive,Silver Spring,MD,20904,Heather.M.Macleod@dodgit.com,240-876-6976
Amanda,Copeland,2405 Linden Avenue,Orlando,FL,32801,Amanda.R.Copeland@spambob.com,407-581-3482
Mario,Dortch,972 Massachusetts Avenue,Washington,DC,20036,Mario.B.Dortch@pookmail.com,202-659-4622
Jerome,Salazar,1306 Clarksburg Park Road,PHOENIX,AZ,85008,Jerome.M.Salazar@trashymail.com,928-241-1000
Heather,Miller,491 Terra Street,Bremerton,WA,98337,Heather.R.Miller@trashymail.com,360-373-3720
Carlos,Hasan,3495 Randall Drive,Waipahu,HI,96797,Carlos.S.Hasan@dodgit.com,808-895-6806
Kathleen,Trimmer,2637 Boone Street,Corpus Christi,TX,78476,Kathleen.J.Trimmer@dodgit.com,361-259-0457
Danny,Reeves,4357 Woodstock Drive,Pasadena,CA,91101,Danny.W.Reeves@spambob.com,626-440-7495
Agnes,Massey,4105 Maple Lane,Gadsden,AL,35901,Agnes.R.Massey@trashymail.com,256-545-6505
Rosalind,Smith,2842 Snowbird Lane,Omaha,NE,68114,Rosalind.R.Smith@pookmail.com,402-718-4017
Lawrence,Brantley,2821 Ashford Drive,ARLINGTON,VA,20301,Lawrence.L.Brantley@dodgit.com,703-692-8981
Elvira,Rose,706 Everette Alley,Fort Lauderdale,FL,33301,Elvira.R.Rose@trashymail.com,954-828-8771
John,Estrada,442 Hillcrest Drive,Puyallup,WA,98371,John.R.Estrada@spambob.com,253-435-3626
Victor,Hale,3496 Hartland Avenue,De Pere,WI,54115,Victor.G.Hale@dodgit.com,920-337-1789
Arthur,Chavis,1622 Science Center Drive,ROCKLAND,ID,83271,Arthur.D.Chavis@mailinator.com,208-548-5590
Gary,Hawk,1888 Lady Bug Drive,Greenwood Village,CO,80111,Gary.S.Hawk@trashymail.com,719-236-3671
Patrick,Wheeler,4151 Drummond Street,MORRISTOWN,NJ,07960,Patrick.P.Wheeler@mailinator.com,973-254-0581
Arthur,Harvey,663 Black Stallion Road,Danville,KY,40422,Arthur.A.Harvey@dodgit.com,859-516-3878
Leroy,Darden,963 Hillside Drive,LEXINGTON,MA,02421,Leroy.J.Darden@pookmail.com,339-958-3748
Ann,Monteith,3035 Bagwell Avenue,Gainesville,FL,32601,Ann.G.Monteith@dodgit.com,352-614-4134
Jason,Armstead,1936 Camel Back Road,OKEMAH,OK,74859,Jason.L.Armstead@pookmail.com,918-623-5503
Joe,Rogers,2403 Summit Park Avenue,Detroit,MI,48226,Joe.V.Rogers@spambob.com,248-943-2133
Robert,Sheppard,4653 D Street,Westland,MI,48185,Robert.D.Sheppard@mailinator.com,586-405-6418
William,Johnson,3432 Pearcy Avenue,Andrews,IN,46702,William.P.Johnson@dodgit.com,260-786-8953
Roger,Mount,1624 Jessie Street,ATHENS,OH,45701,Roger.Y.Mount@trashymail.com,740-591-1795
Irene,Harrison,666 Pooh Bear Lane,Greenville,SC,29601,Irene.W.Harrison@dodgit.com,864-751-5672
Brian,Vazquez,2830 Conference Center Way,HARTLETON,PA,17829,Brian.L.Vazquez@pookmail.com,570-922-4850
Doris,Mcpherson,2453 School Street,NEW HAVEN,CT,06510,Doris.R.Mcpherson@trashymail.com,203-771-1569
Catherine,Faucett,636 Locust View Drive,Larkspur,CA,94939,Catherine.L.Faucett@mailinator.com,415-924-6955
Marie,Owens,3684 Taylor Street,Mount Vernon,NY,10550,Marie.K.Owens@spambob.com,914-664-0697
Robert,Howard,2130 Bottom Lane,Buffalo,NY,14214,Robert.M.Howard@dodgit.com,716-714-2601
Ronnie,Carter,511 Edsel Road,Los Angeles,CA,90017,Ronnie.J.Carter@pookmail.com,818-420-9083
Ethel,Favela,1894 Duncan Avenue,West Nyack,NY,10994,Ethel.J.Favela@pookmail.com,917-526-7707
Mary,Mclean,2087 Poco Mas Drive,Dallas,TX,75212,Mary.H.Mclean@mailinator.com,214-533-9249
Helen,Gutierrez,3109 Windy Ridge Road,HAMILTON (STEUBEN),IN,46742,Helen.N.Gutierrez@spambob.com,260-488-5106
Laura,Hurley,2999 Brooklyn Street,Eugene,OR,97401,Laura.E.Hurley@pookmail.com,541-242-5244
Sheila,Crawford,3938 Oak Avenue,Schaumburg,IL,60173,Sheila.J.Crawford@spambob.com,847-969-1567
Marshall,Burg,2108 Berkley Street,Reston,PA,20191,Marshall.A.Burg@mailinator.com,484-815-8662
Rene,White,888 Ridge Road,ELKHART,KS,67950,Rene.A.White@mailinator.com,620-697-7151
Jeff,Winton,3441 Duffy Street,MICHIGAN CITY,IN,46360,Jeff.J.Winton@spambob.com,219-877-3347
Shelby,Jackson,3503 Ferry Street,Huntsville,AL,35816,Shelby.M.Jackson@spambob.com,256-810-3104
Sean,Lamoureux,512 Union Street,Seattle,WA,98161,Sean.M.Lamoureux@dodgit.com,206-664-8629
Mark,Morris,4340 Ryder Avenue,Renton,WA,98055,Mark.D.Morris@pookmail.com,425-314-8840
Otis,Jackson,765 Gorby Lane,Jackson,MS,39201,Otis.C.Jackson@trashymail.com,601-262-2369
Lillian,Mohamed,2792 Feathers Hooves Drive,Smithtown,NY,11787,Lillian.J.Mohamed@trashymail.com,631-724-0823
Donna,Carlo,3135 Mudlick Road,Walla Walla,WA,99362,Donna.S.Carlo@trashymail.com,509-527-8792
Sherry,Maris,3897 Raintree Boulevard,Indianapolis,IN,46240,Sherry.R.Maris@dodgit.com,765-257-7051
Diane,Gilbert,4917 Norman Street,Los Angeles,CA,90014,Diane.J.Gilbert@pookmail.com,323-329-4521
Harriet,Bentley,2295 Jarvis Street,Buffalo,NY,14202,Harriet.J.Bentley@dodgit.com,716-867-0819
Justin,Nelson,3470 Wildrose Lane,SOUTHFIELD,MI,48075,Justin.L.Nelson@trashymail.com,313-826-5712
Madelyn,Floyd,2559 Wilkinson Street,BRENTWOOD,TN,37027,Madelyn.B.Floyd@dodgit.com,615-442-6407
Willie,Clay,3050 Laurel Lee,North St Paul,MN,55109,Willie.C.Clay@mailinator.com,651-748-2918
Donald,Bailey,1933 Cerullo Road,Louisville,KY,40299,Donald.A.Bailey@trashymail.com,502-395-3692
Stephanie,Slayden,3649 Shobe Lane,Fort Collins,CO,80524,Stephanie.B.Slayden@pookmail.com,970-488-2452
Mary,Daly,3686 Bel Meadow Drive,Riverside,CA,92501,Mary.M.Daly@spambob.com,909-289-7160
Randy,Johnson,3214 Still Pastures Drive,Charlotte,SC,28208,Randy.R.Johnson@trashymail.com,803-431-8728
Virginia,Robison,1220 Shady Pines Drive,OAK GROVE,KY,42223,Virginia.J.Robison@pookmail.com,270-956-7670
William,Obryan,167 Stoney Lonesome Road,Bloomsburg,PA,17815,William.J.Obryan@spambob.com,570-389-3311
Michael,Alvarez,2008 Brown Bear Drive,Murrieta,CA,92562,Michael.K.Alvarez@spambob.com,951-696-9899
Stanley,Medrano,2004 Palmer Road,Columbus,OH,43215,Stanley.C.Medrano@trashymail.com,614-658-5323
May,Carter,3464 Rhapsody Street,Gainesville,FL,32601,May.W.Carter@mailinator.com,352-412-5116
Michael,Shaw,4981 Adams Avenue,Frederick,MD,21701,Michael.S.Shaw@mailinator.com,301-703-1163
Edward,Flood,1739 Jody Road,Plymouth Meeting,PA,19462,Edward.S.Flood@trashymail.com,610-608-3916
Denita,Johnson,170 Oakdale Avenue,Tampa,FL,33607,Denita.C.Johnson@pookmail.com,863-568-2350
Katherine,Yarbrough,4201 Echo Lane,THREE RIVERS,MI,49093,Katherine.N.Yarbrough@trashymail.com,269-816-7008
Beverly,Mckenzie,4320 Barrington Court,Dermott,AR,71638,Beverly.K.Mckenzie@mailinator.com,870-538-2156
Debbie,Wallace,2557 Diane Street,City Of Commerce,CA,90040,Debbie.F.Wallace@spambob.com,805-410-9752
Dwight,Lewis,4855 Frederick Street,EL PASO,TX,79922,Dwight.R.Lewis@trashymail.com,915-833-0272
Maria,Daniels,954 Elm Drive,New York,NY,10011,Maria.L.Daniels@dodgit.com,646-418-8529
Marilyn,Janicki,252 Shearwood Forest Drive,Manchester,NH,03109,Marilyn.B.Janicki@trashymail.com,603-347-8185
Samuel,Maynard,2429 Bee Street,Muskegon,MI,49441,Samuel.T.Maynard@trashymail.com,231-759-9545
Charlie,Sapp,3801 Prospect Valley Road,El Segundo,CA,90245,Charlie.P.Sapp@spambob.com,310-964-6652
Lisa,Silvas,1860 Shinn Street,New York,NY,10025,Lisa.C.Silvas@mailinator.com,212-749-8638
Yvonne,Freeman,4575 Brentwood Drive,Hutto,TX,78634,Yvonne.R.Freeman@mailinator.com,512-846-4643
Jack,Kennedy,900 Harper Street,HISEVILLE,KY,42152,Jack.M.Kennedy@dodgit.com,270-453-2262
Bob,Sipple,3103 Bernardo Street,Polk City,FL,33868,Bob.K.Sipple@spambob.com,813-230-4746
Ronnie,Keller,3250 Baker Avenue,Fort Worth,TX,76102,Ronnie.L.Keller@pookmail.com,817-904-6513
Natalie,Willis,1592 Charles Street,Southfield,MI,48075,Natalie.K.Willis@spambob.com,734-450-4392
Danielle,Reed,3884 Crim Lane,Kettering,OH,45429,Danielle.E.Reed@spambob.com,937-789-2139
Wayne,Lee,4326 Comfort Court,Madison,WI,53703,Wayne.A.Lee@dodgit.com,608-239-6216
Retha,Valdez,1338 Berkley Street,NORRISTOWN,PA,19403,Retha.W.Valdez@spambob.com,484-839-2973
Shirley,Wallen,3625 Breezewood Court,Hutchinson,KS,67501,Shirley.O.Wallen@dodgit.com,620-474-5379
Kevin,Adams,4018 Walkers Ridge Way,Chicago,IL,60601,Kevin.H.Adams@mailinator.com,630-214-7408
Jackie,Hewitt,749 Rosebud Avenue,Lakeview,AR,72642,Jackie.V.Hewitt@dodgit.com,870-431-2214
Ervin,Bennett,3659 Glen Street,Madisonville,KY,42431,Ervin.N.Bennett@dodgit.com,270-425-1228
Andrea,Barreras,1677 Rose Street,Schaumburg,IL,60173,Andrea.R.Barreras@spambob.com,708-220-3018
Amanda,Sanchez,4819 Burning Memory Lane,Philadelphia,PA,19108,Amanda.A.Sanchez@trashymail.com,215-315-0132
Bertha,Powell,2660 Layman Court,Roswell,GA,30076,Bertha.S.Powell@mailinator.com,678-361-0865
Sang,Infante,4410 Thunder Road,San Mateo,CA,94403,Sang.F.Infante@pookmail.com,650-577-4947
Georgianna,Marchant,2615 Musgrave Street,Atlanta,GA,30329,Georgianna.E.Marchant@pookmail.com,404-982-3892
Sharon,Whittington,241 Hart Street,Stamford,CT,06902,Sharon.J.Whittington@mailinator.com,860-248-7820
Curt,Hernandez,1093 Turkey Pen Lane,Phenix City,AL,36867,Curt.J.Hernandez@mailinator.com,334-448-4845
John,Hayden,86 Coburn Hollow Road,BRIMFIELD,IL,61517,John.M.Hayden@mailinator.com,309-446-7406
Spencer,Rowland,3685 Bird Spring Lane,Kemah,TX,77565,Spencer.P.Rowland@mailinator.com,281-535-6265
Luis,Acevedo,3487 Lindale Avenue,Concord,CA,94520,Luis.D.Acevedo@pookmail.com,510-508-0086
Beverly,Hammon,1511 Brown Avenue,PIEDMONT,SC,29673,Beverly.D.Hammon@dodgit.com,864-980-8891
Sheri,Bailey,1659 Paradise Lane,Claremont,CA,91711,Sheri.J.Bailey@dodgit.com,909-621-1950
Matthew,Sander,2474 Elsie Drive,NEW HOLLAND,SD,57364,Matthew.S.Sander@pookmail.com,605-243-6690
Josephine,Haller,1256 Sussex Court,Killeen,TX,76541,Josephine.B.Haller@dodgit.com,254-466-7676
William,Fields,1613 Freedom Lane,Stockton,CA,95204,William.J.Fields@spambob.com,209-440-5491
Ivan,Leblanc,1038 Prospect Street,CAMDEN,NJ,08104,Ivan.E.Leblanc@dodgit.com,856-623-3837
Jonathan,Viola,3457 Duck Creek Road,Millbrae,CA,94030,Jonathan.G.Viola@trashymail.com,650-777-2409
Maria,White,2304 Payne Street,SUGAR LAND,TX,77487,Maria.R.White@pookmail.com,281-243-8125
Janet,Drake,1077 Aviation Way,Los Angeles,CA,90017,Janet.J.Drake@trashymail.com,213-961-7200
Anthony,Hernandez,423 West Drive,Chicago,IL,60605,Anthony.C.Hernandez@dodgit.com,312-450-9922
Gary,Clyburn,1503 Oak Lane,DAVIS CITY,MO,50065,Gary.J.Clyburn@mailinator.com,660-735-0920
Lori,Johnston,559 New Creek Road,Florence,AL,35630,Lori.D.Johnston@trashymail.com,256-984-9040
Joann,Wise,2984 McKinley Avenue,Denver,CO,80265,Joann.G.Wise@pookmail.com,303-801-6900
Evangelina,Hill,4905 Michigan Avenue,Pittsburgh,PA,15203,Evangelina.L.Hill@pookmail.com,724-602-1640
Edward,Brown,2983 Swick Hill Street,Metairie,LA,70001,Edward.P.Brown@trashymail.com,985-235-4093
Nancy,Moore,1195 Saints Alley,PLANT CITY,FL,33564,Nancy.A.Moore@trashymail.com,813-719-2946
Wayne,Burke,1166 New York Avenue,Calabasas,CA,91302,Wayne.S.Burke@pookmail.com,818-222-1356
Nancy,Aranda,2537 Hilltop Drive,Amarillo,TX,79101,Nancy.K.Aranda@dodgit.com,806-344-8819
Lucas,Finch,905 Woodridge Lane,MEMPHIS,TN,38116,Lucas.Y.Finch@spambob.com,901-396-9794
Jose,Coughlan,378 Lynn Ogden Lane,Beaumont,TX,77708,Jose.E.Coughlan@dodgit.com,409-899-1410
Faye,Leach,1232 Red Maple Drive,Hollywood,CA,90028,Faye.J.Leach@trashymail.com,323-467-0256
John,Bevins,1470 Rockford Mountain Lane,Green Bay,WI,54302,John.K.Bevins@dodgit.com,920-243-3929
Tammy,Phillips,2265 Maple Court,HATTON,MO,65231,Tammy.P.Phillips@spambob.com,573-387-1076
Michael,Alcala,3696 Burwell Heights Road,Beaumont,TX,77701,Michael.D.Alcala@dodgit.com,409-617-8874
Mark,Naugle,2260 Patterson Street,Houston,TX,77092,Mark.A.Naugle@pookmail.com,713-290-9273
Sarah,Boger,819 Evergreen Lane,City Of Commerce,CA,90040,Sarah.T.Boger@dodgit.com,323-610-2143
Ella,Buttars,620 Argonne Street,Philadelphia,DE,19103,Ella.C.Buttars@pookmail.com,302-370-6713
Jane,Bayne,1322 Lake Floyd Circle,Gaithersburg,MD,20877,Jane.J.Bayne@trashymail.com,301-978-1162
Matthew,Burnell,3489 Ella Street,San Francisco,CA,94107,Matthew.S.Burnell@pookmail.com,650-288-8266
Randy,Peterson,3161 Bryan Avenue,Red Wing,MN,55066,Randy.E.Peterson@pookmail.com,651-388-1808
Kenneth,Snow,3557 Michigan Avenue,SMOCK,PA,15480,Kenneth.C.Snow@mailinator.com,724-677-2345
Eleanor,Schultz,2294 Rubaiyat Road,Traverse City,MI,49686,Eleanor.T.Schultz@pookmail.com,231-709-8547
Lorraine,Herrera,1082 Heron Way,Portland,OR,97205,Lorraine.J.Herrera@trashymail.com,503-807-9228
Amanda,Arnold,3614 Reeves Street,ONEIDA,WI,54155,Amanda.J.Arnold@pookmail.com,920-869-5250
Dominga,Beatty,4797 Breezewood Court,Parsons,KS,67357,Dominga.E.Beatty@pookmail.com,620-421-3443
Michael,Hatfield,1215 Harper Street,DRAKESBORO,KY,42337,Michael.M.Hatfield@trashymail.com,270-476-1763
James,Adkins,759 Owagner Lane,Seattle,WA,98161,James.B.Adkins@spambob.com,206-257-9820
Roxanne,Arbogast,457 Graystone Lakes,Macon,GA,31201,Roxanne.J.Arbogast@spambob.com,478-742-7236
Christina,Baker,916 Stratford Park,Linton,IN,47441,Christina.D.Baker@pookmail.com,812-847-9380
Cristal,Long,412 Baker Avenue,Irving,TX,75063,Cristal.W.Long@dodgit.com,817-873-2840
Kathleen,Addison,3476 Felosa Drive,Los Angeles,CA,90022,Kathleen.W.Addison@trashymail.com,323-947-5995
Shawn,Johnson,513 Park Street,Concord,CA,94520,Shawn.L.Johnson@pookmail.com,925-381-3871
Charlene,Garrison,721 Romines Mill Road,Plano,TX,75074,Charlene.R.Garrison@mailinator.com,214-588-2960
Stephanie,Jones,4018 Hiddenview Drive,Philadelphia,PA,19115,Stephanie.E.Jones@trashymail.com,215-961-5386
Mary,Young,4321 Neville Street,SEYMOUR,IN,47274,Mary.D.Young@dodgit.com,812-620-5313
Henry,Stewart,511 Prospect Valley Road,IRVINE,CA,92664,Henry.K.Stewart@trashymail.com,310-987-0448
Byron,Spears,1943 Fort Street,Seattle,WA,98161,Byron.L.Spears@mailinator.com,253-212-9258
Richard,Chandler,4730 Martha Ellen Drive,Elko,NV,89801,Richard.M.Chandler@mailinator.com,775-748-2362
Angela,Alvarado,279 White Pine Lane,Roanoke,VA,24018,Angela.G.Alvarado@pookmail.com,540-725-1489
Nestor,Phinney,3092 Bloomfield Way,BANGOR,ME,04401,Nestor.L.Phinney@dodgit.com,207-561-0786
Sharilyn,Hyland,1470 Masonic Hill Road,Little Rock,AR,72212,Sharilyn.S.Hyland@pookmail.com,501-519-1148
Eileen,Wallace,2104 Camden Place,Poughkeepsie,NY,12601,Eileen.R.Wallace@spambob.com,845-233-7656
Elizabeth,Collier,3997 Still Street,Metamora,OH,43540,Elizabeth.M.Collier@mailinator.com,419-644-6737
Barbara,Langston,3774 Findley Avenue,GUELPH,ND,58447,Barbara.W.Langston@dodgit.com,701-783-5575
Daisy,Contreras,3751 Little Street,Warren,OH,44484,Daisy.S.Contreras@pookmail.com,330-609-1835
John,Kenny,1885 Pine Tree Lane,Frederick,MD,21701,John.E.Kenny@dodgit.com,240-394-6788
Bessie,Davis,97 Trainer Avenue,ALEXIS,IL,61412,Bessie.E.Davis@mailinator.com,309-482-7417
Jules,Oyola,3892 Pearlman Avenue,MARLBORO,MA,01752,Jules.S.Oyola@dodgit.com,978-218-6577
Stanley,Reyes,1485 Traders Alley,TRIMBLE,MO,64492,Stanley.C.Reyes@dodgit.com,816-357-0844
Ruby,Oleary,4966 Gnatty Creek Road,Bohemia,NY,11716,Ruby.B.Oleary@dodgit.com,516-439-8989
Lois,Luker,2036 Bicetown Road,New York,NY,10016,Lois.C.Luker@dodgit.com,917-381-0006
Lula,Gomez,4347 Emily Drive,Lexington,SC,29072,Lula.P.Gomez@pookmail.com,803-957-0209
Frank,Marin,4774 Oakwood Avenue,New York,NY,10013,Frank.D.Marin@spambob.com,212-660-0125
Marion,Hatfield,2968 McDonald Avenue,Saint Cloud,FL,34769,Marion.K.Hatfield@dodgit.com,407-891-4385
Paula,Spence,485 Florence Street,Greenville,TX,75401,Paula.R.Spence@mailinator.com,903-453-6765
Earl,Bowman,2068 Alexander Avenue,San Jose,CA,95131,Earl.D.Bowman@spambob.com,925-592-1079
Peggy,Casey,2873 Half and Half Drive,West Palm Beach,FL,33417,Peggy.W.Casey@dodgit.com,561-202-8472
Nicholas,Harman,4995 Pinnickinick Street,Renton,WA,98055,Nicholas.S.Harman@pookmail.com,360-775-0858
Sheila,Denton,3251 Fieldcrest Road,Huntington Station,NY,11746,Sheila.T.Denton@trashymail.com,631-935-7708
Rusty,Thompson,855 Amethyst Drive,Lansing,MI,48910,Rusty.M.Thompson@trashymail.com,517-410-0745
Robert,Roux,62 Waldeck Street,Fort Worth,TX,76112,Robert.P.Roux@trashymail.com,817-451-6561
James,Mora,3495 Limer Street,Columbus,GA,31901,James.S.Mora@trashymail.com,706-458-5433
Jimmy,Lafountain,4414 Beechwood Drive,Owings Mills,MD,21117,Jimmy.J.Lafountain@pookmail.com,410-998-4293
Alexandra,Burden,4530 Diamond Cove,PROVIDENCE,RI,02903,Alexandra.R.Burden@spambob.com,401-420-3274
Barbara,Pacheco,2605 Cedar Lane,SOMERVILLE,MA,02143,Barbara.R.Pacheco@trashymail.com,617-627-9688
Thomas,Scheller,2840 Coulter Lane,GUM TREE,VA,23005,Thomas.T.Scheller@trashymail.com,804-227-4971
Dianne,Boardman,2936 Cardinal Lane,RIDGE FARM,IL,61870,Dianne.J.Boardman@trashymail.com,217-247-3735
Elizabeth,Egan,4586 Southside Lane,Los Angeles,CA,90063,Elizabeth.M.Egan@dodgit.com,323-780-4789
John,Nunez,1461 Gorby Lane,HATTIESBURG,MS,39402,John.J.Nunez@pookmail.com,601-338-3010
Oliver,Cook,3152 Spring Street,Taylorville,IL,62568,Oliver.R.Cook@trashymail.com,217-827-2188
Elizabeth,Fowler,3304 Chenoweth Drive,Cookeville,TN,38501,Elizabeth.D.Fowler@dodgit.com,931-646-8696
Charles,Jeffcoat,1079 Henry Ford Avenue,KELLYVILLE,OK,74039,Charles.N.Jeffcoat@dodgit.com,918-247-5624
William,Strickland,2496 Bird Spring Lane,Kemah,TX,77565,William.J.Strickland@mailinator.com,281-524-4487
Phillip,Parker,2237 Lang Avenue,MOUNTAIN VIEW,UT,82939,Phillip.R.Parker@trashymail.com,435-778-7796
Ronnie,Shadwick,949 Brookside Drive,Tuscaloosa,AL,35401,Ronnie.B.Shadwick@pookmail.com,205-391-3733
Kevin,Drake,1411 Bird Street,CARLSBAD,NM,88220,Kevin.C.Drake@trashymail.com,505-628-6722
Sara,Davidson,586 Kembery Drive,Chicago,IL,60605,Sara.J.Davidson@trashymail.com,630-570-3048
Julia,Pena,4534 Park Street,San Jose,CA,95134,Julia.K.Pena@spambob.com,925-474-2833
Bessie,Sloan,2349 Pratt Avenue,UNION,WA,98592,Bessie.D.Sloan@pookmail.com,360-898-4114
Beverly,Silva,1962 Chicago Avenue,Visalia,CA,93291,Beverly.E.Silva@spambob.com,559-636-4325
David,Gatlin,558 Bell Street,New York,NY,10019,David.A.Gatlin@pookmail.com,212-245-0205
Verna,Fields,2945 Trails End Road,Hialeah,FL,33012,Verna.D.Fields@dodgit.com,954-307-6880
John,Gaines,2626 Hickory Heights Drive,Annapolis,MD,21401,John.C.Gaines@trashymail.com,443-871-8580
Laura,Hickey,282 Moonlight Drive,EGG HARBOR,NJ,08232,Laura.J.Hickey@trashymail.com,609-602-8387
Maria,Gabbard,1241 Everette Alley,Sunrise,FL,33351,Maria.S.Gabbard@dodgit.com,954-748-3290
Sharon,Lopez,3584 Tator Patch Road,Chicago,IL,60610,Sharon.D.Lopez@pookmail.com,312-926-9830
Joe,Reynolds,2715 Elliot Avenue,Seattle,WA,98115,Joe.B.Reynolds@trashymail.com,206-522-8885
Harry,Wright,461 C Street,WORCESTER,MA,01608,Harry.D.Wright@mailinator.com,508-343-6175
Robin,Smith,2946 Winding Way,East Providence,RI,02914,Robin.M.Smith@mailinator.com,401-678-2349
Angel,Hembree,1711 Lawman Avenue,HERNDON,VA,22090,Angel.L.Hembree@mailinator.com,703-303-0530
Theresa,Chea,1146 Twin House Lane,SPRINGFIELD,MO,65804,Theresa.K.Chea@pookmail.com,417-440-7674
Christine,Baker,4002 Vine Street,Chicago,IL,60601,Christine.J.Baker@mailinator.com,847-628-1133
Dennis,Hester,3122 Willis Avenue,NEW SMYRNA BEACH,FL,32069,Dennis.T.Hester@dodgit.com,386-427-6558
Douglas,Medrano,4419 Richland Avenue,HOUSTON,TX,77062,Douglas.V.Medrano@spambob.com,281-282-4053
Kyle,Mace,4836 Joyce Street,Fairhope,AL,36532,Kyle.M.Mace@pookmail.com,251-929-0104
Chris,Chun,4481 Henery Street,Wichita,KS,67202,Chris.F.Chun@mailinator.com,316-842-8023
Anna,Rogers,3681 Bubby Drive,Austin,TX,78701,Anna.J.Rogers@mailinator.com,512-414-0146
Terry,Lamberton,3080 Patterson Street,Houston,TX,77063,Terry.C.Lamberton@mailinator.com,713-267-3362
James,Sands,4406 Lilac Lane,Savannah,GA,31401,James.E.Sands@pookmail.com,912-585-6126
Brigette,Jimenez,1658 School Street,DANBURY,CT,06810,Brigette.B.Jimenez@dodgit.com,203-792-8495
Margaret,Bergstrom,2080 Pine Garden Lane,Atlanta,GA,30339,Margaret.W.Bergstrom@trashymail.com,770-657-8261
Linda,Powell,3945 Blair Court,HIGGINSVILLE,MO,64037,Linda.J.Powell@pookmail.com,660-394-4100
Kieth,Mcalpin,4655 Wiseman Street,Knoxville,TN,37917,Kieth.H.Mcalpin@pookmail.com,865-297-9738
Lawrence,Santiago,1287 Levy Court,MARLBORO,MA,01752,Lawrence.S.Santiago@pookmail.com,978-730-8564
Sandra,Austin,3292 Lake Road,Maple Shade,NJ,08052,Sandra.T.Austin@dodgit.com,609-405-9083
Mercedes,Robles,4451 Cheshire Road,New York,CT,10011,Mercedes.J.Robles@dodgit.com,203-413-5277
Shawn,Sarmiento,431 Atha Drive,Shafter,CA,93263,Shawn.S.Sarmiento@trashymail.com,661-746-8238
Curtis,Delay,4939 Prudence Street,Detroit,MI,48219,Curtis.M.Delay@dodgit.com,313-360-7378
Richard,Roemer,395 Thrash Trail,BRASHEAR,TX,75420,Richard.J.Roemer@mailinator.com,903-582-7234
Ruth,Edwards,830 Ward Road,El Paso,TX,79906,Ruth.G.Edwards@trashymail.com,915-274-5170
Elsie,Brown,4157 Collins Street,Tampa,FL,33619,Elsie.E.Brown@mailinator.com,813-943-7733
Sue,Peters,3229 Hood Avenue,San Diego,CA,92111,Sue.R.Peters@dodgit.com,858-726-8002
Gladys,Mccullen,3715 Walton Street,SALT LAKE CITY,UT,84111,Gladys.A.Mccullen@spambob.com,801-428-3634
Darren,Nix,2888 Sardis Station,Golden Valley,MN,55427,Darren.C.Nix@dodgit.com,612-581-5123
John,Linden,250 Joes Road,Albany,NY,12207,John.C.Linden@spambob.com,518-787-4490
Elsie,Cutrer,410 Confederate Drive,Chittenango,NY,13037,Elsie.J.Cutrer@trashymail.com,315-687-2201
Edward,Smith,987 Oakmound Drive,Chicago,IL,60631,Edward.L.Smith@mailinator.com,773-322-2817
Daniel,Giordano,715 Duncan Avenue,New York,NY,10013,Daniel.D.Giordano@mailinator.com,917-623-5771
Maryann,Williams,4650 Romano Street,Cambridge,MA,02141,Maryann.R.Williams@mailinator.com,781-434-0169
Robert,Dowdy,2720 Eva Pearl Street,Baton Rouge,LA,70802,Robert.E.Dowdy@mailinator.com,225-506-1185
Anne,Gray,1902 Haymond Rocks Road,Ashland,OR,97520,Anne.S.Gray@mailinator.com,541-552-2727
Duane,Robinson,213 Timber Ridge Road,SACRAMENTO,CA,95814,Duane.H.Robinson@mailinator.com,916-835-9687
Timothy,Carver,2562 Clay Street,Indianapolis,IN,46220,Timothy.M.Carver@mailinator.com,317-465-9580
Corey,Logsdon,4319 Stonepot Road,PISCATAWAY,NJ,08854,Corey.K.Logsdon@spambob.com,908-407-7791
Ronald,Isabell,4181 Broadway Avenue,Chattanooga,TN,37403,Ronald.P.Isabell@mailinator.com,423-763-1384
Norma,Jacobson,1463 Hall Place,Longview,TX,75601,Norma.D.Jacobson@mailinator.com,903-692-4808
Gerald,Allen,3362 Broad Street,Birmingham,AL,35203,Gerald.A.Allen@pookmail.com,205-502-0039
Tony,Farr,100 Feathers Hooves Drive,Southampton,NY,11968,Tony.P.Farr@spambob.com,631-726-6266
James,Paul,365 Doe Meadow Drive,Columbia,MD,21044,James.G.Paul@spambob.com,301-596-4637
Michael,Stevens,3507 Meadowview Drive,STEWARTSVILLE,VA,24179,Michael.E.Stevens@mailinator.com,540-890-3715
Jimmy,Jones,566 Felosa Drive,Los Angeles,CA,90036,Jimmy.T.Jones@trashymail.com,323-954-7687
Doris,Mccoll,2204 Sunburst Drive,Fort Myers,FL,33901,Doris.K.Mccoll@dodgit.com,239-292-6623
Susan,Fox,4204 Cityview Drive,Philadelphia,PA,19108,Susan.D.Fox@trashymail.com,610-529-2178
Mary,Jones,688 Burnside Avenue,PARK CITY,UT,84060,Mary.K.Jones@trashymail.com,435-640-8782
Mary,Stewart,801 Sampson Street,Denver,CO,80216,Mary.R.Stewart@dodgit.com,303-564-2032
Lucas,Burnside,3433 Flynn Street,Westlake,OH,44145,Lucas.H.Burnside@pookmail.com,440-899-6759
David,Hernandez,2185 Mayo Street,UNION,KY,41091,David.D.Hernandez@pookmail.com,859-657-0968
Patricia,Bowes,4889 Harrison Street,San Francisco,CA,94110,Patricia.M.Bowes@spambob.com,415-550-7686
James,Clark,3843 Twin House Lane,SPRINGFIELD,MO,65806,James.J.Clark@trashymail.com,417-425-2940
Richard,Carrier,3271 Harley Brook Lane,State College,PA,16803,Richard.M.Carrier@pookmail.com,814-612-9298
Arlette,Curtis,1656 Ash Avenue,Saint Louis,MO,63141,Arlette.N.Curtis@spambob.com,314-844-7216
Carl,Paschall,4404 Williams Mine Road,CEDAR KNOLLS,NJ,07927,Carl.L.Paschall@spambob.com,908-219-3650
Margaret,Webster,1122 Coulter Lane,RICHMOND,VA,23222,Margaret.K.Webster@pookmail.com,804-337-8765
Ruth,Barker,2154 Wescam Court,Reno,NV,89502,Ruth.J.Barker@spambob.com,775-857-4460
Timothy,Bone,1887 Lucky Duck Drive,HICKORY,PA,15340,Timothy.M.Bone@pookmail.com,412-839-9343
Fred,Terrio,3528 Collins Avenue,Worthington,OH,43085,Fred.D.Terrio@pookmail.com,614-767-9045
Joanne,Macias,3864 Smith Road,Mcdonough,GA,30253,Joanne.R.Macias@spambob.com,770-914-4634
Blake,Smith,2745 Tea Berry Lane,Eau Claire,WI,54701,Blake.P.Smith@spambob.com,715-797-2654
James,Squire,3328 Oakwood Circle,Irvine,CA,92614,James.J.Squire@trashymail.com,949-295-5002
Edgar,Hayden,4480 Goldleaf Lane,FORT LEE,NJ,07024,Edgar.S.Hayden@trashymail.com,201-585-5798
Jeremy,Villanueva,950 Jett Lane,Los Angeles,CA,90017,Jeremy.M.Villanueva@dodgit.com,310-759-1709
Velma,Hook,1036 Virgil Street,Fort Walton Beach,FL,32548,Velma.J.Hook@trashymail.com,850-240-4853
Marilyn,Sherman,4940 Hood Avenue,SAN DIEGO,CA,92123,Marilyn.J.Sherman@pookmail.com,858-657-6413
Irma,Edwards,2865 Amethyst Drive,Lansing,MI,48933,Irma.S.Edwards@spambob.com,517-377-7281
Jean,Richardson,2864 Ottis Street,PEARSON,OK,74861,Jean.S.Richardson@trashymail.com,405-333-3716
Cora,Vaccaro,717 Melrose Street,Spokane Valley,WA,99206,Cora.E.Vaccaro@pookmail.com,509-944-9243
Ariel,Calderon,3238 Geraldine Lane,Elmsford,NY,10523,Ariel.W.Calderon@mailinator.com,646-294-5491
George,Moon,4083 Tenmile,Newport News,VA,23602,George.T.Moon@pookmail.com,757-931-0527
Alfred,Duryea,1063 Dovetail Drive,Buffalo Grove,IL,60089,Alfred.G.Duryea@dodgit.com,847-343-9602
Andy,Arceneaux,3918 Callison Lane,Philadelphia,DE,19108,Andy.C.Arceneaux@dodgit.com,302-448-2032
Gregory,Ross,4313 Mcwhorter Road,OKOLONA,MS,38860,Gregory.N.Ross@spambob.com,662-447-9572
Gertrude,Hopkins,2119 Wiseman Street,MARYVILLE,TN,37801,Gertrude.J.Hopkins@pookmail.com,865-379-4740
Collette,Cohrs,3441 Lodgeville Road,Minneapolis,MN,55402,Collette.F.Cohrs@pookmail.com,612-333-9454
Ervin,Bradley,3721 Better Street,Overland Park,KS,66210,Ervin.E.Bradley@dodgit.com,913-345-8981
Martha,Moran,4436 Emeral Dreams Drive,MOUNT CARROLL,IL,61053,Martha.H.Moran@spambob.com,815-244-7063
Yvonne,Mccarty,2127 Romines Mill Road,Dallas,TX,75201,Yvonne.J.Mccarty@spambob.com,214-594-1363
Carl,Foster,924 Rockford Road,Reno,NV,89501,Carl.C.Foster@pookmail.com,775-249-8925
Vicente,Smith,1408 Hickory Lane,Norwalk,CT,06851,Vicente.L.Smith@trashymail.com,203-220-8432
Delma,Cortez,709 Stonecoal Road,Wauseon,OH,43567,Delma.R.Cortez@mailinator.com,419-590-6520
Charles,Morton,1759 Raccoon Run,SEATTLE,WA,98106,Charles.P.Morton@trashymail.com,206-910-2398
Jonathan,Turner,3125 Stutler Lane,Galeton,PA,16922,Jonathan.J.Turner@mailinator.com,814-435-3401
Gary,Zimmer,2781 Brighton Circle Road,SWANVILLE,MN,56382,Gary.P.Zimmer@mailinator.com,320-547-6288
Demetria,Juarez,1604 Fowler Avenue,LAWRENCEVILLE,GA,30245,Demetria.D.Juarez@pookmail.com,770-237-3599
Albert,Spitzer,3577 Scott Street,Poughkeepsie,NY,12601,Albert.C.Spitzer@mailinator.com,845-449-9784
Brittany,Cupp,690 Musgrave Street,Chickasha,OK,73018,Brittany.M.Cupp@trashymail.com,405-224-0288
Susan,Rogers,2612 Sycamore Fork Road,Hialeah,FL,33012,Susan.E.Rogers@pookmail.com,954-244-6659
Jennifer,Steele,4522 Wilmar Farm Road,HERNDON,MD,22070,Jennifer.W.Steele@dodgit.com,240-326-9330
Maria,Ostrander,2021 Sussex Court,Waco,TX,76710,Maria.N.Ostrander@mailinator.com,254-398-5481
James,Braswell,1343 Brown Avenue,SALEM,SC,29676,James.T.Braswell@dodgit.com,864-944-2190
Gladys,Pritchett,3508 Essex Court,White River Junction,VT,05001,Gladys.G.Pritchett@spambob.com,802-280-5808
Glenn,Wilson,4878 George Street,Ocala,FL,34471,Glenn.M.Wilson@spambob.com,352-459-3504
Kermit,Adams,2478 Penn Street,Saint Louis,MO,63102,Kermit.M.Adams@mailinator.com,573-305-5855
John,Walker,1737 Railroad Street,Marquette,MI,49855,John.B.Walker@pookmail.com,906-239-6042
Maxine,Jones,278 Steele Street,Arlington Heights,IL,60005,Maxine.M.Jones@dodgit.com,630-729-8296
Sandra,Cuomo,4556 Rosewood Court,Rochester,MN,55902,Sandra.R.Cuomo@trashymail.com,507-284-1760
Danielle,Preciado,507 Ashcraft Court,San Diego,CA,92103,Danielle.M.Preciado@pookmail.com,619-392-5818
Jan,Lee,1420 Virginia Street,Elk Grove Village,IL,60007,Jan.C.Lee@dodgit.com,773-632-4703
James,Paulino,2769 Brownton Road,Jackson,MS,39201,James.A.Paulino@mailinator.com,662-403-9157
Marc,Brim,4677 Cunningham Court,Southfield,MI,48034,Marc.C.Brim@pookmail.com,248-726-3480
Thomas,Barley,3411 Ash Street,Dallas,TX,75212,Thomas.D.Barley@dodgit.com,972-822-4435
Robert,Carmona,304 Ferry Street,Birmingham,AL,35203,Robert.S.Carmona@spambob.com,256-750-4197
Dwayne,Blubaugh,2434 Scenicview Drive,Athens,TX,75751,Dwayne.S.Blubaugh@dodgit.com,430-969-2249
Sharon,Ford,1136 Columbia Mine Road,CHEAT LAKE,WV,26505,Sharon.G.Ford@trashymail.com,304-594-4505
Terrance,Fife,3004 Butternut Lane,CARBONDALE,IL,62901,Terrance.G.Fife@pookmail.com,618-503-7135
Dusti,Carmichael,3394 Romines Mill Road,Dallas,TX,75247,Dusti.M.Carmichael@mailinator.com,214-645-8844
Gregory,Rivera,1834 Whispering Pines Circle,Waxahachie,TX,75165,Gregory.V.Rivera@trashymail.com,972-351-4959
Omar,Baugh,1513 Lodgeville Road,Minneapolis,MN,55402,Omar.P.Baugh@dodgit.com,612-246-1177
Jackson,Wedding,4078 Meadowbrook Mall Road,San Pedro,CA,90731,Jackson.M.Wedding@dodgit.com,310-831-3364
Belva,Delgado,4717 Braxton Street,Chicago,IL,60601,Belva.M.Delgado@trashymail.com,815-550-5382
Joshua,Richardson,4247 Fidler Drive,San Antonio,TX,78205,Joshua.K.Richardson@trashymail.com,210-588-5603
Ferdinand,Ricardo,2613 Oral Lake Road,NEW PRAGUE,MN,56071,Ferdinand.R.Ricardo@trashymail.com,952-290-6889
Ernesto,Blevins,3272 James Street,Mount Morris,NY,14510,Ernesto.A.Blevins@spambob.com,585-658-1327
Pamula,Rice,4078 Jody Road,Eagleville,PA,19403,Pamula.W.Rice@spambob.com,610-656-9775
Terry,Junker,191 Ford Street,Sunnyvale,CA,94086,Terry.H.Junker@pookmail.com,408-522-1186
Coleen,Roberts,4727 Heavner Avenue,Marietta,GA,30064,Coleen.R.Roberts@mailinator.com,770-794-5288
Mary,Adams,1850 Kooter Lane,Mount Pleasant,NC,28124,Mary.G.Adams@mailinator.com,704-436-6510
Jose,Chamberlin,4741 College View,BROOKPORT,IL,62910,Jose.G.Chamberlin@dodgit.com,618-564-2842
Arthur,Deacon,2087 Ross Street,Eldorado,IL,62930,Arthur.C.Deacon@mailinator.com,618-273-0075
Verna,Mcclelland,946 Lords Way,GIBSON,TN,38338,Verna.R.Mcclelland@trashymail.com,731-787-3015
Christina,Gonzales,4722 Wayside Lane,Oakland,CA,94612,Christina.M.Gonzales@mailinator.com,510-272-2529
Tina,Mickey,2808 Cherry Tree Drive,Jacksonville,FL,32207,Tina.D.Mickey@spambob.com,904-348-4631
Caryn,Wilson,1741 Robinson Court,Saginaw,MI,48607,Caryn.J.Wilson@pookmail.com,989-415-2444
Bruce,Magee,2425 Driftwood Road,Los Gatos,CA,95030,Bruce.T.Magee@trashymail.com,408-357-7417
Brandon,Wisniewski,4034 Sherman Street,GREELEY,KS,66033,Brandon.T.Wisniewski@mailinator.com,785-867-0968
Rebecca,Torres,397 Lynn Avenue,Wausau,WI,54401,Rebecca.E.Torres@trashymail.com,715-573-7355
Natalie,Carpenter,4106 Sherman Street,PALCO,KS,67657,Natalie.G.Carpenter@mailinator.com,785-885-4755
Consuelo,Buster,2849 Arrowood Drive,Jacksonville,FL,32202,Consuelo.D.Buster@spambob.com,904-449-2220
Edna,Davis,3297 Grant View Drive,Milwaukee,WI,53218,Edna.N.Davis@dodgit.com,414-462-5949
Christopher,Isley,3440 Harley Brook Lane,PATTON,PA,16668,Christopher.L.Isley@mailinator.com,814-674-3706
Sandra,Young,1396 Saint James Drive,HARRISBURG,PA,17111,Sandra.A.Young@trashymail.com,717-514-1003
Sonya,Lopez,1820 Aspen Court,BOSTON,MA,02107,Sonya.J.Lopez@pookmail.com,617-345-9875
Patricia,Jarvis,4800 George Avenue,Monroeville,AL,36460,Patricia.T.Jarvis@mailinator.com,251-362-0869
Jackie,Bradford,3631 Rhode Island Avenue,WASHINGTON,DC,20200,Jackie.A.Bradford@pookmail.com,202-375-3378
Melissa,Baker,999 Peck Court,IRVINE,CA,92714,Melissa.N.Baker@dodgit.com,949-567-7820
Kenneth,Weston,113 Edington Drive,Norcross,GA,30071,Kenneth.S.Weston@spambob.com,678-754-2849
Brian,Jensen,211 Bluff Street,SUITLAND,MD,20746,Brian.V.Jensen@mailinator.com,301-735-2123
Lillian,Demmer,798 Oak Street,Syracuse,NY,13202,Lillian.T.Demmer@pookmail.com,315-292-1047
Charles,Hazzard,3530 Melody Lane,Warsaw,VA,22572,Charles.O.Hazzard@spambob.com,804-450-0026
Sarah,Gallo,4833 Ruckman Road,OKLA CITY,OK,73107,Sarah.C.Gallo@spambob.com,405-812-5243
Bruce,Cass,4602 Post Farm Road,Atlanta,GA,30305,Bruce.M.Cass@dodgit.com,404-266-0234
James,Rodgers,2715 Laurel Lane,Andrews,TX,79714,James.M.Rodgers@dodgit.com,432-523-7083
John,Mcduffy,2635 Benedum Drive,New York,NY,10011,John.K.Mcduffy@pookmail.com,845-314-4157
Jimmie,Cheatham,3191 Indiana Avenue,EWA,HI,96706,Jimmie.C.Cheatham@dodgit.com,808-685-3925
Beatrice,Story,3103 Glen Falls Road,Philadelphia,PA,19103,Beatrice.H.Story@pookmail.com,215-867-5892
Tonie,Jackson,4316 Tipple Road,Philadelphia,PA,19143,Tonie.T.Jackson@spambob.com,215-729-5217
Christine,Baxter,4426 Raintree Boulevard,Indianapolis,IN,46225,Christine.A.Baxter@dodgit.com,765-252-5681
Ira,Sherlock,1120 Still Pastures Drive,IRMO,SC,29063,Ira.P.Sherlock@spambob.com,803-407-6369
Mark,Perales,3955 Pinnickinnick Street,JERSEY CITY,NJ,07305,Mark.J.Perales@spambob.com,732-835-3869
Patricia,Ambrose,2437 Lake Forest Drive,Yorktown Heights,NY,10598,Patricia.D.Ambrose@dodgit.com,914-248-5626
Timothy,Walker,211 Stonepot Road,PISCATAWAY,NJ,08854,Timothy.C.Walker@spambob.com,908-408-6230
Richard,Mizer,2655 Sunny Day Drive,Los Angeles,CA,90014,Richard.D.Mizer@trashymail.com,714-784-4175
Sally,Quevedo,1900 Levy Court,BOSTON,MA,02110,Sally.D.Quevedo@pookmail.com,978-709-8563
Manuel,Cleveland,911 Ashton Lane,AUSTIN,TX,78746,Manuel.F.Cleveland@spambob.com,512-530-7288
Martha,Stone,4866 Johnstown Road,Barrington,IL,60010,Martha.S.Stone@pookmail.com,847-382-9299
Joseph,Mcmullin,2594 Fieldcrest Road,Babylon,NY,11702,Joseph.G.Mcmullin@dodgit.com,631-884-9785
David,White,3676 Pyramid Valley Road,Vinton,IA,52349,David.L.White@spambob.com,319-472-1062
Mary,Loman,2901 Adonais Way,Newnan,GA,30263,Mary.M.Loman@pookmail.com,678-423-6370
Norman,Ester,4621 Lake Forest Drive,Olathe,KS,66061,Norman.R.Ester@trashymail.com,913-971-7447
Janet,Hill,1096 Mayo Street,Cincinnati,KY,45249,Janet.W.Hill@dodgit.com,859-750-7798
Toni,Callender,2901 Levy Court,WILMINGTON,MA,01887,Toni.T.Callender@mailinator.com,978-658-1231
Timothy,Mccallum,4077 Trainer Avenue,Bloomington,IL,61701,Timothy.C.Mccallum@spambob.com,309-488-5691
Catherine,Jones,4470 Sundown Lane,AUSTIN,TX,78729,Catherine.J.Jones@pookmail.com,512-257-7840
Doug,Pederson,1149 Poplar Street,Calumet City,IL,60409,Doug.E.Pederson@dodgit.com,708-730-2603
Clarence,Lees,787 Bottom Lane,Orchard Park,NY,14127,Clarence.K.Lees@dodgit.com,716-667-0808
Alicia,Carroll,1693 Camden Place,Mount Pleasant,SC,29464,Alicia.E.Carroll@dodgit.com,843-849-6359
Angela,Brayton,2042 James Avenue,Syracuse,NY,13202,Angela.A.Brayton@dodgit.com,315-975-1034
William,Hottinger,3357 Hiney Road,CANDO,ND,58324,William.D.Hottinger@pookmail.com,701-968-7199
Willard,Byrd,1676 Reeves Street,Kaukauna,WI,54130,Willard.J.Byrd@dodgit.com,920-759-7387
Eric,Longnecker,4483 Colony Street,NORWALK,CT,06854,Eric.J.Longnecker@mailinator.com,203-243-6823
Neil,Mink,258 Bartlett Avenue,SOUTH LYON,MI,48178,Neil.V.Mink@dodgit.com,248-486-0778
George,Garza,4938 Maple Avenue,Stockton,CA,95204,George.M.Garza@mailinator.com,209-213-6404
Charles,Martell,1084 Burwell Heights Road,Beaumont,TX,77701,Charles.C.Martell@mailinator.com,409-583-6676
Ok,Enright,3135 Elk Rd Little,Tucson,AZ,85705,Ok.P.Enright@mailinator.com,520-292-1898
Stacey,Caffee,4302 Stroop Hill Road,ATLANTA,GA,30303,Stacey.C.Caffee@trashymail.com,404-910-8632
Emily,Cano,3108 Charter Street,Leavenworth,KS,66048,Emily.H.Cano@mailinator.com,913-758-8228
Ross,Park,2602 Cessna Drive,Fort Wayne,IN,46804,Ross.D.Park@trashymail.com,260-316-0228
Ricky,Keeton,977 Locust Street,JACKSONVILLE,GA,31544,Ricky.E.Keeton@spambob.com,229-833-7176
Ronald,Graham,4001 Goldcliff Circle,RESTON,DC,22090,Ronald.M.Graham@pookmail.com,202-558-8018
Clara,Jett,2642 Khale Street,MYRTLE BEACH,SC,29577,Clara.R.Jett@spambob.com,843-626-5378
Earlene,Bice,2862 Winding Way,PROVIDENCE,RI,02908,Earlene.T.Bice@dodgit.com,401-712-4281
Laurie,Chamberlain,3065 Sherman Street,PAWNEE CITY,KS,68420,Laurie.R.Chamberlain@trashymail.com,785-853-0415
Mary,Smith,233 Red Bud Lane,Teterboro,NJ,07608,Mary.C.Smith@trashymail.com,862-959-1697
Wilma,Schnabel,103 Clay Street,Indianapolis,IN,46254,Wilma.J.Schnabel@mailinator.com,317-430-0937
Robert,Fuller,3785 Hurry Street,Fredericksburg,VA,22401,Robert.H.Fuller@dodgit.com,540-310-7720
Carolyn,Flynn,1638 Davis Lane,Greenwood Village,CO,80111,Carolyn.N.Flynn@trashymail.com,720-330-0654
Sylvia,Taylor,2514 Woodridge Lane,Collierville,TN,38017,Sylvia.J.Taylor@trashymail.com,901-263-6842
Michael,Williams,1872 Fidler Drive,SAN ANTONIO,TX,78233,Michael.A.Williams@mailinator.com,210-590-4907
Sandra,Shepard,622 Coleman Avenue,San Diego,CA,92111,Sandra.W.Shepard@trashymail.com,760-822-4537
Steven,White,4222 Jadewood Farms,PISCATAWAY,NJ,08854,Steven.K.White@pookmail.com,973-369-6653
Laura,Taylor,3940 Mulberry Avenue,Little Rock,AR,72201,Laura.D.Taylor@pookmail.com,501-421-1573
Nancy,Cutshaw,782 Don Jackson Lane,Honolulu,HI,96826,Nancy.E.Cutshaw@mailinator.com,808-941-6937
Regina,Sato,3681 Traders Alley,Kansas City,MO,64106,Regina.C.Sato@trashymail.com,816-432-2027
Errol,Cerda,4866 Tetrick Road,Fort Myers,FL,33901,Errol.C.Cerda@pookmail.com,863-390-3995
Louis,Oneill,2453 Stone Lane,Allentown,PA,18101,Louis.B.Oneill@spambob.com,610-433-9437
Linda,Beasley,1803 Jerry Dove Drive,Charleston,SC,29424,Linda.B.Beasley@pookmail.com,843-437-5192
Tony,Weeks,4871 Cantebury Drive,Westbury,NY,11590,Tony.S.Weeks@pookmail.com,646-594-3335
Lindsey,Giddens,219 Pallet Street,New York,NY,10011,Lindsey.W.Giddens@dodgit.com,914-432-4653
Royce,Pinner,203 Dogwood Lane,VAIL,AZ,85641,Royce.C.Pinner@pookmail.com,520-762-2731
Frank,Staples,23 Thunder Road,Fremont,CA,94539,Frank.N.Staples@trashymail.com,650-475-9443
Val,Jernigan,3645 Sycamore Fork Road,Minneapolis,MN,55402,Val.A.Jernigan@spambob.com,952-989-6358
Terry,Yates,3646 Neville Street,SEYMOUR,IN,47274,Terry.D.Yates@pookmail.com,812-593-5736
Frances,Latham,1944 Randall Drive,Mililani,HI,96789,Frances.J.Latham@dodgit.com,808-768-1561
Gary,Scruggs,4889 Barfield Lane,Indianapolis,IN,46250,Gary.L.Scruggs@dodgit.com,317-567-4481
Diana,Kucharski,2364 Desert Broom Court,Rochelle Park,NJ,07662,Diana.D.Kucharski@trashymail.com,201-674-6786
Sara,Harrison,4043 Duffy Street,Gary,IN,46402,Sara.T.Harrison@pookmail.com,219-880-4194
Jay,Cramer,1907 Pinewood Avenue,REXTON,MI,49794,Jay.C.Cramer@dodgit.com,906-595-1354
Tammie,Henkle,3432 Lynn Street,DORCHESTER,MA,02122,Tammie.J.Henkle@pookmail.com,617-282-8492
Steven,Wade,2883 Keyser Ridge Road,Greensboro,NC,27407,Steven.R.Wade@trashymail.com,336-430-8584
Rosalind,Gordon,2578 Berkshire Circle,Harriman,TN,37748,Rosalind.P.Gordon@trashymail.com,865-882-6810
Pauline,Walker,462 Prospect Street,Camden,NJ,08102,Pauline.F.Walker@spambob.com,856-685-8296
Jason,Stimson,304 Ferguson Street,AUBURN,MA,01501,Jason.E.Stimson@trashymail.com,508-426-0353
Karen,Lopez,911 Cheshire Road,HARTFORD,CT,06103,Karen.B.Lopez@dodgit.com,203-349-0395
Noreen,Anderson,536 Hanifan Lane,Atlanta,GA,30305,Noreen.R.Anderson@spambob.com,678-510-2628
Blanca,Warner,1090 Emily Drive,Richmond,VA,23227,Blanca.P.Warner@trashymail.com,804-201-0487
Sarah,Townsend,3487 Sugarfoot Lane,Indianapolis,IN,46225,Sarah.M.Townsend@dodgit.com,765-416-0345
Martin,Moody,4644 Romines Mill Road,Irving,TX,75062,Martin.B.Moody@trashymail.com,214-570-7921
Tony,Colon,2537 White Oak Drive,SAN ANTONIO,MO,64501,Tony.K.Colon@mailinator.com,816-667-3937
Michael,Tuttle,3633 State Street,Detroit,MI,48219,Michael.G.Tuttle@spambob.com,313-917-9897
Vicki,Gomez,1021 Saint Clair Street,JACKSON,MS,39213,Vicki.J.Gomez@spambob.com,662-610-3227
Betty,Martin,3456 Hillview Drive,Columbus,GA,31901,Betty.O.Martin@trashymail.com,706-987-2811
Bobby,Ledezma,2009 Melrose Street,YAKIMA,WA,98901,Bobby.D.Ledezma@pookmail.com,509-930-2351
Amy,Winget,1813 Jarvis Street,Buffalo,NY,14214,Amy.C.Winget@trashymail.com,716-838-6228
John,White,4033 Little Acres Lane,KANSAS,IL,61933,John.G.White@trashymail.com,217-948-8940
Inez,Toledo,2257 Glory Road,SUMMERTOWN,TN,38483,Inez.R.Toledo@trashymail.com,931-964-6761
Dennis,Kirk,4165 Saints Alley,TAMPA,FL,33602,Dennis.C.Kirk@trashymail.com,813-778-8356
Mildred,Stone,2679 Clover Drive,STRATTON,CO,88083,Mildred.J.Stone@trashymail.com,719-350-5698
Eric,Tolliver,228 Cost Avenue,Chevy Chase,MD,20815,Eric.K.Tolliver@trashymail.com,301-405-8784
Dan,Parker,1841 Allison Avenue,Norfolk,VA,23510,Dan.R.Parker@spambob.com,757-623-9171
Michael,Kim,3440 Lynn Street,BOSTON,MA,02114,Michael.H.Kim@pookmail.com,617-222-6876
Mark,Wilcox,1915 Columbia Boulevard,Baltimore,MD,21212,Mark.N.Wilcox@spambob.com,410-464-6469
Nydia,Bella,4590 Allison Avenue,Norfolk,VA,23510,Nydia.C.Bella@spambob.com,757-612-3525
Sam,Brown,4594 Tuna Street,Detroit,MI,48226,Sam.M.Brown@pookmail.com,810-813-9324
Kathleen,Vo,4527 Grim Avenue,San Diego,CA,92103,Kathleen.D.Vo@trashymail.com,619-808-9290
Pauline,Baxley,3383 Eagles Nest Drive,Yuba City,CA,95991,Pauline.C.Baxley@dodgit.com,530-674-4303
Maria,Edge,4820 George Street,CLERMONT,FL,32711,Maria.J.Edge@mailinator.com,352-536-4673
Kenneth,Catania,1193 Thomas Street,Schaumburg,IL,60173,Kenneth.S.Catania@trashymail.com,847-525-2709
Mary,Towns,4591 Copperhead Road,PLAINVILLE,CT,06062,Mary.W.Towns@trashymail.com,860-641-4044
Amanda,Wagner,3698 Calico Drive,BENTON CITY,WA,99320,Amanda.C.Wagner@dodgit.com,509-588-6591
Robert,Bonar,557 Small Street,New York,NY,10022,Robert.A.Bonar@mailinator.com,212-888-4711
Amalia,Rice,4968 Patterson Road,Bronx,NY,10467,Amalia.S.Rice@dodgit.com,718-882-8067
Gladys,Jenkins,651 Walnut Avenue,Newark,NJ,07102,Gladys.D.Jenkins@pookmail.com,201-537-6603
Nickolas,Willard,994 Kelly Drive,Bluefield,WV,24701,Nickolas.A.Willard@trashymail.com,304-910-9367
Maegan,Judy,257 Euclid Avenue,Los Angeles,CA,90017,Maegan.G.Judy@spambob.com,805-265-7479
Elizabeth,Rushing,2884 Tail Ends Road,New Berlin,WI,53151,Elizabeth.B.Rushing@spambob.com,920-629-8143
Jeanette,Radabaugh,615 Emily Renzelli Boulevard,Hollister,CA,95023,Jeanette.S.Radabaugh@dodgit.com,831-637-5361
Sara,Henderson,415 Sycamore Lake Road,Green Bay,WI,54301,Sara.F.Henderson@spambob.com,920-486-5756
Steven,Rahman,1585 Grand Avenue,Orlando,FL,32810,Steven.K.Rahman@trashymail.com,407-754-5936
Jennifer,Price,523 Robinson Lane,Portsmouth,OH,45662,Jennifer.J.Price@pookmail.com,740-355-1055
Misty,Nunez,4615 Lyndon Street,NORTHAMPTON,PA,18067,Misty.G.Nunez@trashymail.com,610-704-8147
Evette,Rivera,4565 Victoria Court,PORTLAND,ME,04101,Evette.J.Rivera@dodgit.com,207-450-4662
Jarvis,Sage,4724 Kennedy Court,Bedford,MA,01730,Jarvis.T.Sage@pookmail.com,774-413-3449
Ronald,Rankin,233 White Pine Lane,ROANOKE,VA,24017,Ronald.D.Rankin@trashymail.com,540-562-5476
Jody,Spataro,2598 Stark Hollow Road,Greeley,CO,80634,Jody.D.Spataro@mailinator.com,970-978-4146
Jason,Horton,2615 Orchard Street,Minneapolis,MN,55402,Jason.P.Horton@dodgit.com,952-555-8571
Joseph,Pry,1088 Duffy Street,KOUTS,IN,46347,Joseph.M.Pry@dodgit.com,219-766-8336
Aubrey,Delaney,3452 College Street,ATLANTA,GA,30309,Aubrey.A.Delaney@dodgit.com,404-385-3249
Arthur,Salazar,353 Wines Lane,Houston,TX,77002,Arthur.L.Salazar@trashymail.com,832-261-1191
Mohamed,Nuckols,1751 Joy Lane,Los Angeles,CA,90071,Mohamed.A.Nuckols@pookmail.com,818-490-8991
Brian,Yohe,1776 Milford Street,DOVER,NH,03820,Brian.K.Yohe@dodgit.com,603-742-1460
Raphael,Bishop,2901 Hidden Valley Road,LEBANON,PA,17042,Raphael.J.Bishop@spambob.com,717-274-6786
Fabiola,Holland,2764 Wiseman Street,Knoxville,TN,37909,Fabiola.C.Holland@spambob.com,865-335-9046
Ernestine,Brown,1046 Scheuvront Drive,Denver,CO,80202,Ernestine.C.Brown@spambob.com,303-454-4591
Patrick,Erickson,3062 Davis Avenue,Benicia,CA,94510,Patrick.N.Erickson@spambob.com,707-746-5937
Larry,Gonzalez,115 Ridenour Street,Miami,FL,33169,Larry.P.Gonzalez@mailinator.com,786-288-3711
Regena,Cramer,2992 Barnes Avenue,Mason,OH,45040,Regena.M.Cramer@pookmail.com,513-622-5442
Armida,Vargas,4762 Bingamon Road,Warrensville Heights,OH,44128,Armida.M.Vargas@mailinator.com,440-523-8922
Steven,Meadows,2111 Golden Ridge Road,BLUE MOUNTAIN LAKE,NY,12812,Steven.C.Meadows@trashymail.com,518-352-7627
Steve,Gonzales,2888 Masonic Hill Road,Hot Springs,AR,71901,Steve.J.Gonzales@mailinator.com,501-620-6446
Michelle,Imai,2210 Hannah Street,Hickory,NC,28601,Michelle.N.Imai@mailinator.com,828-325-2274
Virginia,Murphy,3096 Carolina Avenue,Centennial,CO,80112,Virginia.J.Murphy@spambob.com,970-202-2076
Heather,Foster,3445 Wilmar Farm Road,Washington,MD,20005,Heather.D.Foster@pookmail.com,240-333-3603
Roy,Ford,1922 Edsel Road,Granada Hills,CA,91344,Roy.T.Ford@dodgit.com,818-368-9927
Patricia,Hudson,2729 Matthews Street,Chicago,IL,60606,Patricia.J.Hudson@trashymail.com,815-570-2843
Janice,Hightower,3254 Hamilton Drive,PORT ARTHUR,TX,77640,Janice.P.Hightower@pookmail.com,409-960-8437
Katherine,Aldrich,838 Farland Street,Chicago,IL,60617,Katherine.P.Aldrich@pookmail.com,773-949-4188
David,Smith,1203 Melville Street,Arlington,TN,38002,David.H.Smith@trashymail.com,731-414-0322
Rodney,Smith,2019 Ryan Road,EDGEMONT,SD,57735,Rodney.J.Smith@trashymail.com,605-662-2886
William,Caudillo,572 Romrog Way,Kearney,NE,68847,William.I.Caudillo@dodgit.com,308-338-5056
Thomas,Ayala,526 Windy Ridge Road,Plymouth,IN,46563,Thomas.J.Ayala@dodgit.com,260-533-4620
Brenda,Spurlock,3663 Glen Falls Road,Philadelphia,PA,19108,Brenda.A.Spurlock@dodgit.com,215-868-4004
Marlene,Peterson,648 Timber Oak Drive,San Luis Obispo,CA,93401,Marlene.A.Peterson@trashymail.com,805-975-0141
James,Westover,732 Bluff Street,Washington,MD,20024,James.N.Westover@dodgit.com,301-752-8269
Andrea,Burke,2230 Mulberry Lane,West Palm Beach,FL,33404,Andrea.M.Burke@spambob.com,561-881-3532
Nona,Brown,3833 Seneca Drive,WOODBURN,OR,97071,Nona.C.Brown@dodgit.com,503-980-2179
Julia,Hertz,4794 Jones Avenue,Winston Salem,NC,27101,Julia.S.Hertz@pookmail.com,336-716-7131
Debra,Hardt,2194 Brownton Road,MEMPHIS,MS,38116,Debra.D.Hardt@mailinator.com,662-393-4510
John,Moyer,232 Deer Haven Drive,Anderson,SC,29621,John.C.Moyer@trashymail.com,864-375-6910
Latasha,Lewis,675 Kyle Street,BINGHAM,NE,69335,Latasha.C.Lewis@pookmail.com,308-588-0499
Eric,Tapia,2732 Rosemont Avenue,Lake Buena Vista,FL,32830,Eric.K.Tapia@dodgit.com,321-939-1044
Jennifer,Holmes,3409 Clover Drive,Colorado Springs,CO,80903,Jennifer.K.Holmes@pookmail.com,719-381-0277
Gerry,Talkington,754 Hoffman Avenue,MANHATTAN,NY,10016,Gerry.J.Talkington@pookmail.com,917-874-5816
Elijah,Hall,2387 Lowes Alley,Columbus,OH,43215,Elijah.F.Hall@pookmail.com,740-243-5143
Frederick,Mcdaniel,2667 Arrowood Drive,Jacksonville,FL,32216,Frederick.D.Mcdaniel@spambob.com,904-406-8448
Frank,Johnson,2004 George Avenue,Mobile,AL,36602,Frank.L.Johnson@dodgit.com,251-417-8171
Kyle,Philson,1344 Villa Drive,SOUTH BEND,IN,46625,Kyle.M.Philson@trashymail.com,574-331-7303
Helen,Pulliam,453 Broadway Street,CHARLESTON,SC,29405,Helen.L.Pulliam@mailinator.com,843-820-6951
Deborah,Mcneill,1996 Apple Lane,BLOOMINGTON,IL,61701,Deborah.M.Mcneill@trashymail.com,309-225-9124
William,Barnes,1515 Sycamore Fork Road,Boca Raton,FL,33486,William.W.Barnes@dodgit.com,954-238-5049
John,Ledford,4448 Francis Mine,SACRAMENTO,CA,58147,John.F.Ledford@pookmail.com,530-302-9093
Jane,Cimino,1956 Palmer Road,PLAIN CITY,OH,43064,Jane.J.Cimino@pookmail.com,614-733-0596
Clarence,Bolles,4920 Cherry Camp Road,Chicago,IL,60628,Clarence.M.Bolles@trashymail.com,773-468-4431
Jessica,Harrell,3785 C Street,WRENTHAM,MA,02093,Jessica.D.Harrell@trashymail.com,508-384-8697
Fernando,Warner,1091 Finwood Road,Freehold,NJ,07728,Fernando.M.Warner@trashymail.com,732-454-7591
Maureen,Folk,3747 Cinnamon Lane,SAN ANTONIO,TX,78238,Maureen.E.Folk@mailinator.com,210-767-5901
John,Mckittrick,3844 Hide A Way Road,Orlando,FL,32801,John.V.Mckittrick@pookmail.com,407-992-1278
Fred,Mccree,949 Karen Lane,Portland,OR,97205,Fred.L.Mccree@dodgit.com,503-220-9210
Christopher,Colburn,3991 Watson Street,MERCERVILLE,NJ,08619,Christopher.M.Colburn@dodgit.com,609-689-0724
William,Horvath,4957 Essex Court,PAWLET,VT,05761,William.R.Horvath@trashymail.com,802-325-6066
Miguel,Hale,1061 Ethels Lane,OKEECHOBEE,FL,33472,Miguel.M.Hale@spambob.com,863-763-0713
Betty,Montoya,653 Sheila Lane,Reno,NV,89501,Betty.C.Montoya@mailinator.com,775-370-5461
Rodney,Renfro,1223 Hanover Street,Garden City,NY,11530,Rodney.L.Renfro@mailinator.com,917-709-5230
Roberto,Hoffman,2788 Timber Oak Drive,CAMBRIA,CA,93428,Roberto.L.Hoffman@dodgit.com,805-924-5062
Elva,Johns,3480 Despard Street,Atlanta,GA,30329,Elva.J.Johns@dodgit.com,404-738-9803
Christopher,Dodds,2880 Old Dear Lane,West Nyack,NY,10994,Christopher.J.Dodds@mailinator.com,845-803-8961
Catherine,Picklesimer,4323 Pringle Drive,Chicago,IL,60605,Catherine.S.Picklesimer@mailinator.com,312-347-0227
Melanie,Morris,2243 Deer Haven Drive,Taylors,SC,29687,Melanie.A.Morris@mailinator.com,864-322-2024
William,Sharpe,2979 Robinson Lane,BLOOMINGBURG,OH,43106,William.M.Sharpe@dodgit.com,740-437-1921
Stanley,Ruiz,1754 Peck Court,Riverside,CA,92501,Stanley.T.Ruiz@pookmail.com,949-439-2480
Jennie,Clinard,2989 Drainer Avenue,Fort Walton Beach,FL,32548,Jennie.R.Clinard@trashymail.com,850-582-5015
Marie,Franco,402 Glory Road,Manchester,TN,37355,Marie.L.Franco@mailinator.com,931-728-1730
Carlyn,Ferguson,1762 Webster Street,BOUND BROOK,NJ,08805,Carlyn.J.Ferguson@trashymail.com,732-622-6866
Glen,Mosley,191 Whitetail Lane,Dallas,TX,75207,Glen.P.Mosley@trashymail.com,469-424-9117
Anna,Berg,173 Friendship Lane,Oakland,CA,94612,Anna.E.Berg@trashymail.com,408-698-7103
Donald,Bauman,2668 Summit Street,Dubuque,IA,52001,Donald.S.Bauman@mailinator.com,563-580-4965
Candace,Racette,1864 Amethyst Drive,Adrian,MI,49221,Candace.L.Racette@dodgit.com,517-260-4975
Malcolm,Manning,2299 Woodrow Way,Dayton,TX,77535,Malcolm.S.Manning@spambob.com,936-257-3530
Raymond,Manley,4461 Irving Place,CEDAR HILL,MO,63016,Raymond.B.Manley@dodgit.com,636-285-6731
Robert,Amado,4735 Raoul Wallenberg Place,NEW CANAAN,CT,06840,Robert.B.Amado@mailinator.com,203-801-8532
Bruce,Courtright,4931 Dye Street,Chandler,AZ,85226,Bruce.E.Courtright@spambob.com,480-753-2792
Danny,Alvarez,4851 Haul Road,OSSEO,MN,55369,Danny.S.Alvarez@spambob.com,651-249-2296
Daniel,Walker,2546 Johnstown Road,River Grove,IL,60171,Daniel.C.Walker@dodgit.com,847-451-1781
Derrick,Martin,1386 Heritage Road,Fresno,CA,93706,Derrick.A.Martin@mailinator.com,559-765-9728
Stephanie,Ayala,4389 Carter Street,Christopher,IL,62822,Stephanie.A.Ayala@mailinator.com,618-724-2539
Thelma,Crumpler,988 Pinnickinnick Street,KEANSBURG,NJ,07734,Thelma.S.Crumpler@pookmail.com,732-787-5657
Mildred,Crouse,4099 Taylor Street,FAIRVIEW PARK,NY,10603,Mildred.J.Crouse@dodgit.com,914-594-9233
Kyle,Boston,4605 Murry Street,Virginia Beach,VA,23451,Kyle.J.Boston@dodgit.com,757-437-4666
Ryan,Cohn,4941 Swick Hill Street,Metairie,LA,70001,Ryan.P.Cohn@dodgit.com,985-237-5613
Ethel,Singer,1117 Buck Drive,South Burlington,VT,05403,Ethel.R.Singer@pookmail.com,802-239-3997
Annie,Braxton,1114 Hickman Street,Downers Grove,IL,60515,Annie.R.Braxton@mailinator.com,630-515-4323
Joseph,Smith,1561 Joyce Street,Birmingham,AL,35211,Joseph.L.Smith@dodgit.com,251-752-5026
Stephanie,Huneycutt,3553 College Street,Decatur,GA,30030,Stephanie.J.Huneycutt@dodgit.com,404-405-3791
Jane,Ehrhardt,2761 Oakwood Circle,Los Angeles,CA,90017,Jane.J.Ehrhardt@trashymail.com,949-273-8207
Jeffrey,Garlock,3588 Short Street,Austin,TX,78701,Jeffrey.B.Garlock@pookmail.com,512-885-9420
Jodie,Underwood,4173 Snider Street,Englewood,CO,80112,Jodie.G.Underwood@dodgit.com,720-226-7051
James,Adams,4681 Lost Creek Road,Paoli,PA,19301,James.S.Adams@trashymail.com,610-981-4555
Weldon,Beasley,2054 Parkway Street,Los Angeles,CA,90017,Weldon.M.Beasley@mailinator.com,760-264-2081
Charles,Ortiz,4205 Little Street,Akron,OH,44307,Charles.J.Ortiz@dodgit.com,330-592-8469
Dawn,Deforest,315 Green Acres Road,KNOTTS ISLAND,NC,27950,Dawn.R.Deforest@dodgit.com,252-429-5214
Jack,Deslauriers,154 Hartland Avenue,Appleton,WI,54911,Jack.A.Deslauriers@trashymail.com,920-270-7995
Jacqueline,Sales,4385 Rockwell Lane,NEW BERN,NC,28560,Jacqueline.J.Sales@mailinator.com,252-626-4954
Rita,Dowdy,655 Newton Street,Saint Cloud,MN,56303,Rita.M.Dowdy@pookmail.com,320-350-7231
Gladys,Butler,1002 Hardesty Street,Albany,NY,12207,Gladys.O.Butler@trashymail.com,518-431-8077
Savannah,Rosendahl,3781 Benedum Drive,White Plains,NY,10601,Savannah.J.Rosendahl@mailinator.com,845-327-1436
Barry,Goodman,3336 Yorkie Lane,Savannah,GA,31405,Barry.M.Goodman@dodgit.com,912-658-8084
Patricia,Dixon,1876 Emma Street,GOODNIGHT,TX,79088,Patricia.D.Dixon@mailinator.com,806-944-1102
Pamela,Wagner,2523 Pine Garden Lane,LILBURN,GA,30247,Pamela.H.Wagner@dodgit.com,770-717-4443
Andrea,Rorie,642 Patterson Street,Houston,TX,77002,Andrea.B.Rorie@dodgit.com,713-354-1326
Kerry,Boydston,4241 Leroy Lane,BLUNT,SD,57522,Kerry.L.Boydston@pookmail.com,605-962-0242
Victor,Jones,46 Hilltop Street,NORTHADAMS,MA,01247,Victor.D.Jones@pookmail.com,413-664-6187
Marilyn,Randall,4419 Heritage Road,Visalia,CA,93291,Marilyn.L.Randall@mailinator.com,559-749-9544
Richard,Taylor,2383 Thorn Street,Gillette,WY,82716,Richard.J.Taylor@trashymail.com,307-687-6567
Theresa,Aguilar,2099 Small Street,New York,NY,10036,Theresa.G.Aguilar@mailinator.com,212-827-8344
Michael,Ahl,1060 Atha Drive,DELANO,CA,93215,Michael.P.Ahl@pookmail.com,661-725-8130
Emanuel,Simmons,3057 Westfall Avenue,Albuquerque,NM,87114,Emanuel.M.Simmons@dodgit.com,505-922-4509
Thomas,Barry,4948 Lonely Oak Drive,Mobile,AL,36602,Thomas.N.Barry@spambob.com,251-436-5825
Soo,Nielsen,1856 Hazelwood Avenue,Algona,IA,50511,Soo.D.Nielsen@pookmail.com,515-295-6801
Roland,Haas,648 Simpson Square,Oklahoma City,OK,73102,Roland.O.Haas@mailinator.com,580-555-4762
Samuel,Snow,3773 Green Acres Road,Edenton,NC,27932,Samuel.T.Snow@dodgit.com,252-482-2597
Julie,Lopez,2406 Clifford Street,Hayward,CA,94545,Julie.S.Lopez@spambob.com,510-732-4507
Cori,Steiger,2839 Windy Ridge Road,Fort Wayne,IN,46804,Cori.D.Steiger@spambob.com,260-591-5039
Larry,Fisher,4754 County Line Road,COUNTRYSIDE,FL,34619,Larry.M.Fisher@spambob.com,727-726-4600
Albert,Webb,4022 Ward Road,El Paso,TX,79912,Albert.M.Webb@pookmail.com,915-204-9988
Pamela,Pettit,2592 Jacobs Street,Pittsburgh,PA,15222,Pamela.J.Pettit@mailinator.com,412-345-7639
Kitty,Jackson,3971 Bloomfield Way,STOCKTON SPRINGS,ME,04981,Kitty.T.Jackson@mailinator.com,207-567-3117
John,Haris,2748 Clarence Court,Cypress,CA,90630,John.S.Haris@mailinator.com,909-992-0288
Charles,Price,2805 Orphan Road,CRIVITZ,WI,54114,Charles.C.Price@dodgit.com,715-929-9431
Philip,Wiechmann,3967 Fleming Way,CHESTER,VA,23831,Philip.V.Wiechmann@pookmail.com,804-778-4716
Mary,Mcguire,4084 Cemetery Street,Watsonville,CA,95076,Mary.A.Mcguire@trashymail.com,831-722-1042
Richard,Mccarthy,4038 Steve Hunt Road,Opa Locka,FL,33054,Richard.L.Mccarthy@spambob.com,305-769-6948
John,Curtis,1881 Clarksburg Park Road,Phoenix,AZ,85034,John.A.Curtis@dodgit.com,928-246-2371
Kenneth,Monge,1680 Providence Lane,Pomona,CA,91766,Kenneth.L.Monge@mailinator.com,626-941-1911
Harvey,Shockley,2676 Tori Lane,Salt Lake City,UT,84104,Harvey.D.Shockley@pookmail.com,801-658-9949
Patricia,Scott,2137 Par Drive,San Luis Obispo,CA,93401,Patricia.R.Scott@pookmail.com,805-909-6932
Guy,Waller,3179 Davis Avenue,Oakland,CA,94612,Guy.L.Waller@dodgit.com,707-723-5004
Steven,Garland,4229 Dane Street,NEW BEDFORD,MA,02740,Steven.J.Garland@spambob.com,508-992-0393
Barbara,Lemke,2742 Wiseman Street,Knoxville,TN,37909,Barbara.E.Lemke@trashymail.com,865-387-7189
Florence,Diehl,4818 Cheshire Road,BRIDGEPORT,CT,06604,Florence.A.Diehl@dodgit.com,203-337-8458
Mary,Jeffreys,3253 Candlelight Drive,HOUSTON,TX,77026,Mary.J.Jeffreys@dodgit.com,281-456-7413
Matthew,Beale,1558 Oral Lake Road,NEW MARKET,MN,55054,Matthew.J.Beale@dodgit.com,952-461-7144
Harry,Keaton,4132 Tree Top Lane,Paoli,PA,19301,Harry.E.Keaton@spambob.com,610-296-3165
Eric,Yoder,4675 Sunny Glen Lane,Independence,OH,44131,Eric.H.Yoder@spambob.com,216-750-4176
Cedric,Tallant,185 Chandler Hollow Road,Pittsburgh,PA,15203,Cedric.K.Tallant@mailinator.com,412-499-0388
Gary,Lopez,761 Whiteman Street,Maple Shade,NJ,08052,Gary.L.Lopez@pookmail.com,609-828-9123
Susan,Denney,590 Grand Avenue,Orlando,FL,32801,Susan.W.Denney@trashymail.com,407-675-9074
Cathy,Wooten,3701 Lakeland Terrace,Southfield,MI,48075,Cathy.R.Wooten@mailinator.com,734-370-5602
Velma,Smith,673 Parkview Drive,Los Angeles,CA,90017,Velma.H.Smith@trashymail.com,714-200-9260
Kathryn,White,1662 James Street,Rochester,NY,14604,Kathryn.G.White@mailinator.com,585-521-3502
Omar,Mason,3449 Wilkinson Court,NORTH NAPLES,FL,33963,Omar.J.Mason@dodgit.com,239-594-6718
Donna,Cardona,3174 Farm Meadow Drive,Phoenix,AZ,85040,Donna.J.Cardona@pookmail.com,928-941-0073
Julie,Mcelroy,1807 Westfall Avenue,Albuquerque,NM,87123,Julie.T.Mcelroy@dodgit.com,505-968-2601
Evelyn,Brennan,651 Northwest Boulevard,ROCHELLE PARK,NJ,07662,Evelyn.E.Brennan@spambob.com,201-949-7932
Michael,Fields,3566 Elk Creek Road,Smyrna,GA,30080,Michael.M.Fields@trashymail.com,770-436-5419
David,Campbell,4613 Bell Street,New York,NY,10025,David.B.Campbell@dodgit.com,212-222-5654
Tracy,Kleiner,2057 Sunset Drive,FOUKE,AR,12345,Tracy.C.Kleiner@pookmail.com,870-653-2825
Steven,Medeiros,4232 Pinnickinick Street,Seattle,WA,98109,Steven.B.Medeiros@trashymail.com,360-761-8153
Charles,Lanham,3552 Golden Street,Opa Locka,FL,33056,Charles.A.Lanham@pookmail.com,305-621-9473
Allison,Barton,1248 Formula Lane,Dallas,TX,75234,Allison.R.Barton@pookmail.com,469-583-7684
Deborah,Carleton,1604 Caynor Circle,SOMERVILLE,NJ,08876,Deborah.D.Carleton@spambob.com,908-526-2818
Kimberly,Smith,1069 Wilson Street,Oceanside,CA,92054,Kimberly.G.Smith@spambob.com,760-901-1758
Rex,Obrien,4504 Wyatt Street,WEST PALM BEACH,FL,33411,Rex.B.Obrien@mailinator.com,561-552-8871
Barbara,Stec,4058 Prospect Street,Camden,NJ,08102,Barbara.J.Stec@pookmail.com,856-625-9622
Jason,Williams,4466 Echo Lane,Benton Harbor,MI,49022,Jason.M.Williams@dodgit.com,269-926-7262
Sam,Carrico,188 Oral Lake Road,EDEN PRAIRIE,MN,55344,Sam.J.Carrico@dodgit.com,952-294-5472
Carol,Stevens,969 Ripple Street,Saginaw,MI,48607,Carol.S.Stevens@trashymail.com,989-730-4090
William,Martinez,4431 State Street,Detroit,MI,48219,William.P.Martinez@dodgit.com,313-908-6078
Gary,Smith,3075 McKinley Avenue,Denver,CO,80202,Gary.C.Smith@mailinator.com,303-844-6833
Veronica,Bradford,304 Levy Court,CAMBRIDGE,MA,02141,Veronica.J.Bradford@spambob.com,978-707-2629
Pete,Jones,1933 Elkview Drive,West Palm Beach,FL,33410,Pete.P.Jones@dodgit.com,772-216-9177
Scott,Turner,3439 Randolph Street,Dedham,MA,02026,Scott.S.Turner@dodgit.com,508-648-1396
Robert,Castro,2593 Lake Road,Camden,NJ,08102,Robert.S.Castro@pookmail.com,609-381-6640
Olympia,Smith,4256 Glory Road,Nashville,TN,37201,Olympia.J.Smith@mailinator.com,931-898-6450
Margarita,Murphy,3343 Heather Sees Way,VINITA,OK,74301,Margarita.M.Murphy@mailinator.com,918-713-0985
Stephen,Lewis,314 Mulberry Avenue,BRADFORD,AR,72020,Stephen.C.Lewis@spambob.com,501-344-6203
Julia,Marcellus,2252 Sampson Street,Denver,CO,80202,Julia.C.Marcellus@trashymail.com,303-577-0796
Jose,Topps,3917 Tavern Place,Wheeling,WV,26003,Jose.I.Topps@mailinator.com,304-238-3031
Stacy,Curtin,2852 Lakewood Drive,ROCHELLE PARK,NJ,07662,Stacy.C.Curtin@spambob.com,201-845-8509
Willia,Straus,240 Hog Camp Road,Park Forest,IL,60466,Willia.D.Straus@spambob.com,708-481-2266
Iris,Walker,3347 Lowes Alley,THORNVILLE,OH,43076,Iris.N.Walker@pookmail.com,740-246-2254
Erica,Waldon,697 Simpson Street,DAVENPORT,IL,52803,Erica.D.Waldon@spambob.com,309-809-0897
John,Mcdonald,4425 Spirit Drive,HASTINGS,FL,32145,John.J.Mcdonald@spambob.com,386-832-6937
Gwendolyn,Medlin,945 Andell Road,Worthington,OH,43085,Gwendolyn.C.Medlin@dodgit.com,614-975-7683
Susan,Murphy,3571 Charla Lane,Midlothian,TX,76065,Susan.H.Murphy@spambob.com,972-775-3463
Jack,Kirk,4963 Maple Court,GIDEON,MO,63848,Jack.J.Kirk@pookmail.com,573-448-9957
Maryjane,Singleton,2963 Valley View Drive,WALTHAM,MA,02154,Maryjane.K.Singleton@mailinator.com,617-755-3755
Kevin,Mcdonald,1545 Bassel Street,Metairie,LA,70001,Kevin.K.Mcdonald@mailinator.com,985-300-5896
Susan,Lewis,1007 Driftwood Road,San Jose,CA,95131,Susan.R.Lewis@spambob.com,408-324-0017
Gretchen,Elliott,3962 Stiles Street,Pittsburgh,PA,15203,Gretchen.E.Elliott@spambob.com,412-567-0032
Ernest,Ladd,3222 Freshour Circle,STOCKTON,CA,95205,Ernest.F.Ladd@mailinator.com,209-982-1348
Danielle,Mcdaniel,2861 Leverton Cove Road,Springfield,MA,01103,Danielle.D.Mcdaniel@mailinator.com,413-288-0433
Valerie,Erdmann,4579 Jim Rosa Lane,San Francisco,CA,94143,Valerie.J.Erdmann@dodgit.com,415-744-4578
Velma,Hall,357 Virgil Street,Tallahassee,FL,32301,Velma.G.Hall@spambob.com,850-228-7136
Cathrine,Tyler,1244 Glen Falls Road,Philadelphia,PA,19104,Cathrine.D.Tyler@trashymail.com,215-870-5055
Solange,Adkins,2081 Nicholas Street,Topeka,KS,66617,Solange.M.Adkins@dodgit.com,785-286-4738
Sherry,Holzer,4326 Agriculture Lane,Boca Raton,FL,33486,Sherry.M.Holzer@pookmail.com,305-210-1480
Tori,Allard,3184 Harvest Lane,ARROW ROCK,MO,65320,Tori.S.Allard@mailinator.com,660-837-5793
Marie,Rossi,2736 Bryan Avenue,Minneapolis,MN,55415,Marie.B.Rossi@mailinator.com,651-357-9396
Doug,Bauer,2399 Conifer Drive,Bothell,WA,98021,Doug.J.Bauer@spambob.com,425-424-2165
Walter,Watson,1470 Stratford Park,Terre Haute,IN,47807,Walter.K.Watson@trashymail.com,812-780-5967
Susan,Davis,4996 Platinum Drive,Crafton,PA,15205,Susan.J.Davis@pookmail.com,724-759-3906
Della,Duran,2172 Jones Avenue,Mount Airy,NC,27030,Della.J.Duran@trashymail.com,336-786-1438
Margaret,Bailey,1434 Berkshire Circle,Knoxville,TN,37921,Margaret.R.Bailey@trashymail.com,865-597-5058
Robert,Woodard,3366 Breezewood Court,ULYSSES,KS,67880,Robert.J.Woodard@pookmail.com,620-353-0201
Ricky,Turner,3852 Wolf Pen Road,San Mateo,CA,94403,Ricky.T.Turner@trashymail.com,650-378-4708
Geralyn,Durant,306 Washington Street,FREER,TX,78357,Geralyn.M.Durant@pookmail.com,361-394-9159
Thomas,Roldan,3520 Watson Lane,MAGGIE VALLEY,NC,28751,Thomas.K.Roldan@spambob.com,828-926-4521
Shirley,Rogers,4101 Fairway Drive,Vacaville,CA,95688,Shirley.C.Rogers@spambob.com,707-447-1226
Eileen,Harrison,2825 Stonepot Road,NEWARK,NJ,07102,Eileen.R.Harrison@pookmail.com,908-360-8985
Joanne,Bainter,4845 Bird Spring Lane,Spring,TX,77388,Joanne.H.Bainter@spambob.com,281-528-2661
Maxine,Harms,270 Watson Street,Camden,NJ,08102,Maxine.G.Harms@dodgit.com,609-817-2611
Erwin,Taranto,195 Benedum Drive,ORANGEBURG,NY,10962,Erwin.K.Taranto@mailinator.com,845-359-7478
Shari,Archey,2193 Capitol Avenue,RICHMOND,IN,47374,Shari.B.Archey@dodgit.com,765-578-3250
Mayra,Lanning,2719 Neville Street,Evansville,IN,47711,Mayra.L.Lanning@pookmail.com,812-629-2231
Ryan,Favors,4873 Musgrave Street,Oklahoma City,OK,73102,Ryan.H.Favors@dodgit.com,405-226-2483
Jennifer,Foley,3802 Maple Lane,Gadsden,AL,35901,Jennifer.K.Foley@pookmail.com,256-543-5390
Mary,Mcdonald,1923 Sardis Sta,Arlington,TX,76010,Mary.V.Mcdonald@pookmail.com,817-588-9027
Robert,Beck,13 Terry Lane,Titusville,FL,32796,Robert.M.Beck@spambob.com,321-268-2265
Bonnie,Thorne,3003 Hall Street,Las Vegas,NV,89119,Bonnie.R.Thorne@mailinator.com,702-439-7573
Victor,Vandyke,3294 Terry Lane,Orlando,FL,32801,Victor.S.Vandyke@trashymail.com,321-282-0024
Mary,Geoghegan,3186 Delaware Avenue,San Francisco,CA,94143,Mary.E.Geoghegan@mailinator.com,415-243-9433
Jesus,Zwilling,2267 Science Center Drive,HAMER,ID,83425,Jesus.T.Zwilling@spambob.com,208-662-9662
Leah,Brown,1375 Henry Ford Avenue,Tulsa,OK,74120,Leah.C.Brown@mailinator.com,918-286-7046
Orval,Harris,4659 Trainer Avenue,CASTLETON,IL,61426,Orval.M.Harris@pookmail.com,309-479-1442
Donna,Sanchez,2629 Emma Street,WHITE DEER,TX,79097,Donna.C.Sanchez@spambob.com,806-883-3650
Pat,Dias,4977 Arbutus Drive,Miami,FL,33169,Pat.M.Dias@dodgit.com,305-845-7224
Stephen,Wells,1177 Washburn Street,Baton Rouge,LA,70802,Stephen.L.Wells@dodgit.com,225-376-3157
Patrick,Loper,4564 Whaley Lane,New Berlin,WI,53151,Patrick.G.Loper@trashymail.com,262-496-5745
Paula,Miller,864 Ersel Street,Dallas,TX,75225,Paula.K.Miller@dodgit.com,214-368-8252
Roy,Jackson,3809 New Street,Eugene,OR,97401,Roy.M.Jackson@dodgit.com,541-285-9507
Yolanda,Moore,606 Hamilton Drive,NORTH BEACH,MD,20714,Yolanda.J.Moore@spambob.com,410-257-7963
David,Mclemore,4263 Wilson Street,Bishop,CA,93514,David.L.Mclemore@pookmail.com,760-873-5055
Mary,Johns,4868 Riverwood Drive,Redding,CA,96003,Mary.D.Johns@pookmail.com,530-356-0076
Dorotha,Du,147 Mulberry Lane,West Palm Beach,FL,33401,Dorotha.L.Du@mailinator.com,561-762-0624
Lorretta,Green,1137 Cook Hill Road,BRIDGEPORT,CT,06604,Lorretta.G.Green@pookmail.com,203-534-8981
Gregory,White,8 Morningview Lane,New York,NY,10013,Gregory.E.White@trashymail.com,646-202-5653
Darren,Henry,3919 Cottonwood Lane,Grand Rapids,MI,49507,Darren.E.Henry@mailinator.com,616-243-6520
Yolanda,Leija,4269 Garrett Street,Norristown,PA,19403,Yolanda.J.Leija@dodgit.com,267-949-4412
Gloria,Edwards,3070 Pinchelone Street,CHINCOTEAGUE,VA,23336,Gloria.S.Edwards@pookmail.com,757-336-9982
Leo,Coley,1463 Werninger Street,Houston,TX,77056,Leo.A.Coley@dodgit.com,832-743-5683
Lynn,Kim,2695 Blue Spruce Lane,Columbia,MD,21045,Lynn.J.Kim@mailinator.com,410-309-3217
Tyrone,Villareal,2596 Rhode Island Avenue,Washington,DC,20036,Tyrone.A.Villareal@mailinator.com,202-392-1929
Jill,Doe,1392 Hilltop Street,SPRINGFIELD,MA,01103,Jill.J.Doe@mailinator.com,413-702-4080
Dennis,Gutierrez,2009 James Avenue,Wichita,KS,67213,Dennis.L.Gutierrez@spambob.com,316-207-7168
Jessica,Aleshire,2415 Timber Oak Drive,Plainview,TX,79072,Jessica.A.Aleshire@mailinator.com,806-221-4654
Danielle,Bunch,1963 Skinner Hollow Road,BEAVER CREEK,OR,97004,Danielle.N.Bunch@trashymail.com,541-848-0936
Micah,Sanchez,3128 Bridge Avenue,STARKS,LA,70661,Micah.S.Sanchez@mailinator.com,337-743-4869
Frank,Brown,525 Rainbow Drive,Hubbard,OH,44425,Frank.L.Brown@mailinator.com,330-534-3908
Casey,Smith,117 Mandan Road,WILLIAMSTOWN,MO,63473,Casey.R.Smith@trashymail.com,573-853-6836
Brandon,Robson,672 Ash Street,Plano,TX,75074,Brandon.J.Robson@spambob.com,972-881-1850
David,Miller,3191 Hayhurst Lane,Bloomfield Township,MI,48302,David.G.Miller@dodgit.com,248-821-2802
Jessie,Fair,2072 Gnatty Creek Road,Westbury,NY,11590,Jessie.L.Fair@mailinator.com,516-410-4604
Rosa,Beck,454 Bagwell Avenue,Ocala,FL,34471,Rosa.J.Beck@spambob.com,352-603-5583
Jessica,Higby,2331 Francis Mine,Central Valley,CA,96019,Jessica.G.Higby@trashymail.com,530-276-8547
Larry,Davis,4642 Burning Memory Lane,Philadelphia,PA,19103,Larry.J.Davis@trashymail.com,215-255-4136
Ricardo,Smith,3375 Viking Drive,Chillicothe,OH,45601,Ricardo.C.Smith@pookmail.com,740-703-2860
Mark,Hannah,88 Carolyns Circle,Dallas,TX,75202,Mark.A.Hannah@pookmail.com,214-741-1294
Margaret,Walker,3565 Brannon Street,Bellflower,CA,90706,Margaret.B.Walker@dodgit.com,213-259-7378
Jean,Jowett,2793 Hall Valley Drive,ELKINS,WV,26241,Jean.A.Jowett@trashymail.com,304-642-8441
Hattie,Taylor,4933 Lost Creek Road,NEWARK,PA,19714,Hattie.R.Taylor@mailinator.com,610-961-1748
Lula,Ray,1787 Pleasant Hill Road,WEST PALM BEACH,FL,33409,Lula.J.Ray@pookmail.com,561-965-4543
Sheena,Mcdermott,889 Elk Rd Little,Tucson,AZ,85724,Sheena.J.Mcdermott@dodgit.com,520-216-3633
William,Newberry,4981 Emily Drive,Richmond,VA,23220,William.B.Newberry@pookmail.com,804-209-6003
Doris,Doughty,3069 Fidler Drive,SAN ANTONIO,TX,78233,Doris.C.Doughty@spambob.com,210-646-7430
Frances,Ford,456 Bel Meadow Drive,Riverside,CA,92507,Frances.E.Ford@mailinator.com,909-419-4905
Andrew,Jensen,4585 Pretty View Lane,Annapolis,CA,95412,Andrew.J.Jensen@dodgit.com,707-886-0846
Elizabeth,Pace,2340 Trouser Leg Road,SPRINGFIELD,MA,01105,Elizabeth.J.Pace@spambob.com,413-841-5524
Charlotte,Council,778 Foley Street,Tamarac,FL,33321,Charlotte.J.Council@pookmail.com,954-721-5235
Kimberly,Blair,4206 Boone Street,Yoakum,TX,77995,Kimberly.J.Blair@pookmail.com,361-293-1419
Jason,Williams,4873 Centennial Farm Road,KIRON,IA,51448,Jason.T.Williams@spambob.com,712-675-6770
Paul,Booe,1372 Birch Street,Indianapolis,IN,46278,Paul.S.Booe@mailinator.com,317-809-7686
Marjory,Peterson,357 D Street,Bloomfield Township,MI,48302,Marjory.A.Peterson@mailinator.com,586-381-4785
Eric,Spencer,2465 Pinnickinick Street,Monroe,WA,98272,Eric.M.Spencer@mailinator.com,360-805-2455
Leonard,Miner,2998 Franklin Avenue,Daytona Beach,FL,32114,Leonard.D.Miner@spambob.com,386-201-2223
Myrtle,Laguna,944 Villa Drive,SOUTH BEND,IN,46625,Myrtle.J.Laguna@spambob.com,574-285-0649
Liza,Fermin,619 Sumner Street,IRVINE,CA,92664,Liza.K.Fermin@pookmail.com,310-663-6477
Deidre,Cubbage,4502 Morris Street,Seguin,TX,78155,Deidre.J.Cubbage@spambob.com,830-372-2656
Christina,Shaw,4817 Calvin Street,Baltimore,MD,21202,Christina.I.Shaw@trashymail.com,443-347-4662
Judith,Lewis,4611 West Drive,Northbrook,IL,60062,Judith.Z.Lewis@dodgit.com,312-449-4243
Sarah,Golden,1762 Beechwood Avenue,Belleville,NJ,07109,Sarah.D.Golden@pookmail.com,908-767-1229
Sara,Phillips,3869 Cottonwood Lane,Grand Rapids,MI,49503,Sara.R.Phillips@mailinator.com,616-220-1901
Agnes,Mcnair,1217 Bryan Avenue,Red Wing,MN,55066,Agnes.T.Mcnair@trashymail.com,651-385-8987
James,Jiles,3693 Jehovah Drive,Fredericksburg,VA,22408,James.C.Jiles@pookmail.com,540-550-9345
James,Manuel,4332 Gordon Street,Pomona,CA,91766,James.V.Manuel@mailinator.com,909-469-0508
Roderick,Simmons,2310 Ingram Road,Asheboro,NC,27203,Roderick.L.Simmons@spambob.com,336-636-2959
Grace,Hernandez,2250 Sunburst Drive,Fort Myers,FL,33901,Grace.D.Hernandez@spambob.com,239-333-3463
Kristen,Pedroza,4158 Matthews Street,Rockton,IL,61072,Kristen.J.Pedroza@trashymail.com,815-624-2335
Harry,Henderson,2713 Byers Lane,Chico,CA,95926,Harry.H.Henderson@pookmail.com,530-851-3010
Beatrice,Burrows,1459 Morris Street,Victoria,TX,77901,Beatrice.P.Burrows@pookmail.com,830-272-1568
Richard,Arceneaux,1086 Hickory Ridge Drive,Las Vegas,NV,89109,Richard.H.Arceneaux@spambob.com,702-731-3814
Rosa,Aycock,3919 College View,Collinsville,IL,62234,Rosa.N.Aycock@trashymail.com,618-671-0593
Andreas,Pifer,694 Sunny Day Drive,Los Angeles,CA,90014,Andreas.C.Pifer@pookmail.com,714-784-4398
Mary,Craig,1420 Elk Avenue,Haslett,MI,48840,Mary.O.Craig@spambob.com,517-575-6567
Sandra,Meade,1928 Kelly Drive,SHEPHERDSTOWN,WV,25443,Sandra.E.Meade@pookmail.com,304-876-8844
Eugenia,Slane,3159 D Street,Roseville,MI,48066,Eugenia.P.Slane@trashymail.com,586-445-0896
George,Piper,2932 Crestview Terrace,Devine,TX,78016,George.C.Piper@spambob.com,830-663-6891
Ralph,Williams,3255 Haul Road,San Francisco,CA,94105,Ralph.C.Williams@spambob.com,650-942-7317
Andrew,Brown,1675 Maud Street,Dover,DE,19901,Andrew.V.Brown@trashymail.com,302-744-0256
Patricia,Christensen,2551 Anmoore Road,New York,NY,10011,Patricia.D.Christensen@trashymail.com,718-813-2114
Marjorie,Shackleford,1830 Boone Street,Yoakum,TX,77995,Marjorie.J.Shackleford@spambob.com,361-208-0267
Johnny,Miller,2008 Elliot Avenue,Seattle,WA,98101,Johnny.L.Miller@spambob.com,206-613-9240
Vicki,Meza,2057 Berkley Street,Bethlehem,PA,18018,Vicki.A.Meza@spambob.com,484-884-9198
Lorraine,Hurt,2355 Marie Street,Baltimore,MD,21201,Lorraine.S.Hurt@trashymail.com,410-951-0754
Jennifer,Howell,1965 Elk Avenue,Lansing,MI,48906,Jennifer.F.Howell@trashymail.com,517-466-8919
Dan,Clay,4754 Coulter Lane,RICHMOND,VA,23222,Dan.M.Clay@dodgit.com,804-339-8944
Rhonda,French,4269 Adamsville Road,Dallas,TX,75252,Rhonda.D.French@dodgit.com,956-773-9012
Glenda,Metzger,1754 Pride Avenue,South Ozone Park,NY,11420,Glenda.P.Metzger@trashymail.com,718-322-0008
David,Hernandez,4015 Marietta Street,Cazadero,CA,95421,David.M.Hernandez@dodgit.com,707-632-2021
Leeanne,Velez,3988 Adams Drive,Houston,TX,77060,Leeanne.C.Velez@spambob.com,979-316-7906
Ted,Richardson,4189 Plainfield Avenue,Waterloo,NY,13165,Ted.J.Richardson@mailinator.com,315-539-9025
Adrienne,Kellogg,954 Lee Avenue,Camden,NJ,08102,Adrienne.A.Kellogg@dodgit.com,856-406-9091
Georgette,Goodman,602 Allison Avenue,Chesapeake,VA,23323,Georgette.J.Goodman@mailinator.com,757-558-5282
Thomas,Costa,1595 Lost Creek Road,Philadelphia,PA,19108,Thomas.P.Costa@pookmail.com,610-994-0185
Troy,Richardson,1519 Memory Lane,Freeport,IL,61032,Troy.K.Richardson@pookmail.com,815-890-4616
Sarah,Gibson,3976 Pine Tree Lane,HERNDON,MD,22070,Sarah.S.Gibson@trashymail.com,240-433-0375
Louise,Leiva,2067 Sycamore Circle,Fargo,ND,58102,Louise.C.Leiva@mailinator.com,701-212-9474
Julia,Patchett,2512 Eva Pearl Street,SORRENTO,LA,70778,Julia.J.Patchett@spambob.com,225-675-4934
Timothy,Brown,3041 Maple Avenue,Stockton,CA,95202,Timothy.B.Brown@spambob.com,209-262-6073
Marlene,Ferraro,3529 Del Dew Drive,Hyattsville,MD,20781,Marlene.S.Ferraro@dodgit.com,301-864-5726
Tammie,Templin,3319 Black Stallion Road,Cincinnati,KY,45203,Tammie.M.Templin@dodgit.com,859-488-2028
Isabella,Mclaughlin,815 D Street,Southfield,MI,48075,Isabella.P.Mclaughlin@dodgit.com,586-339-5266
Evelyn,Marsh,1482 Sunny Glen Lane,Cleveland,OH,44115,Evelyn.L.Marsh@trashymail.com,216-858-2189
Kelly,Beasley,1399 Stonepot Road,ROCHELLE PARK,NJ,07662,Kelly.A.Beasley@spambob.com,908-400-6901
Pamela,Brown,399 Hinkle Deegan Lake Road,Flemingsburg,KY,41041,Pamela.M.Brown@trashymail.com,606-957-9957
Rhonda,Cranford,2367 Charles Street,Livonia,MI,48154,Rhonda.M.Cranford@trashymail.com,734-386-1232
Paula,Taylor,3037 Cedarstone Drive,Defiance,OH,43512,Paula.J.Taylor@pookmail.com,419-402-7348
James,Meredith,1908 Musgrave Street,Atlanta,GA,30329,James.A.Meredith@pookmail.com,404-917-7170
Alvin,Nix,26 Birch Street,Indianapolis,IN,46225,Alvin.A.Nix@trashymail.com,317-830-2727
Cedric,Solomon,4589 Maxwell Farm Road,GLASGOW,VA,24555,Cedric.L.Solomon@pookmail.com,540-258-0544
Steven,Ware,2898 Comfort Court,CATARACT,WI,54620,Steven.W.Ware@spambob.com,608-272-8898
John,Mcpherson,2253 Northwest Boulevard,Washington,DC,20024,John.L.Mcpherson@dodgit.com,202-226-3769
Bryan,Waters,1864 Froe Street,Charleston,WV,25301,Bryan.B.Waters@dodgit.com,304-342-7201
Margaret,Palmer,356 Snyder Avenue,Charlotte,NC,28202,Margaret.W.Palmer@pookmail.com,704-687-0800
Juliette,Johnson,790 Wetzel Lane,Wyoming,MI,49548,Juliette.R.Johnson@trashymail.com,231-288-5847
Tami,Larsen,1447 Philli Lane,Broken Arrow,OK,74011,Tami.E.Larsen@pookmail.com,918-449-7971
Paul,Hayes,2260 Coburn Hollow Road,Peoria,IL,61602,Paul.C.Hayes@dodgit.com,309-418-8277
Johnny,Seiler,642 Martha Ellen Drive,Reno,NV,89501,Johnny.L.Seiler@pookmail.com,775-789-6013
Alicia,Mikula,4698 Cantebury Drive,New York,NY,10019,Alicia.P.Mikula@dodgit.com,646-710-7445
Stephen,Lynch,2650 Hickman Street,Oak Brook,IL,60523,Stephen.H.Lynch@trashymail.com,630-442-1008
Richard,Mckinnon,4327 Wescam Court,PIOCHE,NV,89043,Richard.N.Mckinnon@dodgit.com,775-962-0626
Mary,Carpenter,4355 Bombardier Way,Ann Arbor,MI,48108,Mary.A.Carpenter@trashymail.com,734-975-7521
Ronald,Osuna,4594 Leo Street,Denver,CO,80202,Ronald.A.Osuna@trashymail.com,720-974-3572
David,Dolan,2931 Owagner Lane,Seattle,WA,98101,David.J.Dolan@trashymail.com,206-344-5624
Lourdes,Benoit,4055 Jim Rosa Lane,Oakland,CA,94612,Lourdes.C.Benoit@spambob.com,415-838-1635
Lisa,Davis,4476 Flint Street,Atlanta,GA,30303,Lisa.J.Davis@pookmail.com,678-233-4424
Dawn,Libby,2481 West Fork Street,SCOBEY,MT,59263,Dawn.J.Libby@pookmail.com,406-487-6598
Katherine,West,4044 Simpson Avenue,Shippensburg,PA,17257,Katherine.J.West@mailinator.com,717-830-4755
Keith,Carter,4487 Agriculture Lane,BRADSHAW,WV,24817,Keith.F.Carter@spambob.com,304-967-2407
Curtis,Harrison,2166 Quiet Valley Lane,Sherman Oaks,CA,91403,Curtis.E.Harrison@pookmail.com,818-990-9025
Inez,Dias,4037 Wyatt Street,Boca Raton,FL,33432,Inez.D.Dias@dodgit.com,561-544-9376
Kayla,Dungan,3253 Palmer Road,Worthington,OH,43085,Kayla.W.Dungan@dodgit.com,614-661-1655
Nell,Butler,1905 Harter Street,Dayton,OH,45402,Nell.P.Butler@spambob.com,937-613-3094
William,Henry,2272 Lyon Avenue,TAUNTON,MA,02780,William.M.Henry@trashymail.com,508-977-6667
Thomas,Lim,4328 Evergreen Lane,Los Angeles,CA,90017,Thomas.L.Lim@trashymail.com,323-625-6961
Marisa,Mcpherson,405 Boring Lane,Oakland,CA,94612,Marisa.M.Mcpherson@trashymail.com,415-604-5898
Robert,Kettner,1934 Hope Street,Portland,OR,97205,Robert.C.Kettner@dodgit.com,971-563-2063
Glen,Harris,4792 Progress Way,Saint Cloud,MN,56303,Glen.J.Harris@dodgit.com,320-247-5849
Jeremiah,Chavez,4700 Sardis Sta,Grand Prairie,TX,75051,Jeremiah.E.Chavez@mailinator.com,817-608-4156
Cassandra,Roberts,2940 New Street,Coos Bay,OR,97420,Cassandra.K.Roberts@mailinator.com,541-267-0262
Christine,Nelson,1801 Young Road,Boise,ID,83716,Christine.A.Nelson@spambob.com,208-404-6215
Edwin,Hankins,2784 Half and Half Drive,North Fork,CA,93643,Edwin.B.Hankins@mailinator.com,559-877-5145
Iris,Key,4207 Spadafore Drive,WEEDVILLE,PA,16627,Iris.J.Key@mailinator.com,814-787-6069
Theodora,Mcintyre,510 Woodrow Way,Houston,TX,77006,Theodora.E.Mcintyre@dodgit.com,936-392-3029
Stephen,Braxton,815 Cottrill Lane,STLOUIS,MO,63101,Stephen.M.Braxton@trashymail.com,314-419-3446
Patricia,Muse,3014 Steve Hunt Road,FLORIDA CITY,FL,33034,Patricia.J.Muse@mailinator.com,305-767-8504
Francis,Grasser,413 Catherine Drive,METIGOSHE,ND,58318,Francis.B.Grasser@spambob.com,701-263-0787
Jed,Song,1023 Chatham Way,Washington,MD,20005,Jed.J.Song@trashymail.com,240-533-7845
Marjorie,Burch,1675 Marie Street,Laurel,MD,20707,Marjorie.K.Burch@mailinator.com,410-934-2873
Kenneth,Clevenger,1580 Stratford Court,GOLDSBORO,NC,27530,Kenneth.M.Clevenger@spambob.com,919-739-1532
Wilbert,Butler,2469 Rainy Day Drive,BOSTON,MA,02199,Wilbert.P.Butler@mailinator.com,617-949-9172
Sandra,Parra,2939 Broadcast Drive,Charlotte,NC,28202,Sandra.A.Parra@mailinator.com,704-220-2740
Daniel,Knox,1574 Badger Pond Lane,Tampa,FL,33607,Daniel.K.Knox@mailinator.com,727-357-2136
Terry,Link,1720 Bombardier Way,Farmington Hills,MI,48335,Terry.D.Link@trashymail.com,734-876-9637
Thomas,Wolf,1747 Desert Broom Court,JERSEY CITY,NJ,07305,Thomas.A.Wolf@dodgit.com,201-777-3997
William,Weber,2577 Froe Street,Wheeling,WV,26003,William.J.Weber@dodgit.com,304-370-7455
Robert,Hughes,1549 Freshour Circle,San Antonio,TX,78205,Robert.M.Hughes@spambob.com,210-255-2203
Christina,Mccoy,34 Java Lane,SHAWVIEW HEIGHTS,SC,29152,Christina.J.Mccoy@trashymail.com,803-666-9031
Richard,Stanfill,1706 Joseph Street,Delavan,WI,53115,Richard.S.Stanfill@dodgit.com,262-728-3819
Michal,Taylor,2348 Hiney Road,LAS VEGAS,NV,89128,Michal.S.Taylor@spambob.com,702-240-5422
Robert,Gailey,3477 Echo Lane,Wyoming,MI,49509,Robert.A.Gailey@dodgit.com,269-788-9448
Weldon,Kirtley,2781 North Street,SANDY LEVEL,VA,24161,Weldon.J.Kirtley@spambob.com,434-927-6541
Ossie,Fox,16 Bubby Drive,Austin,TX,78704,Ossie.M.Fox@pookmail.com,512-440-4195
Abel,Greer,1642 Doctors Drive,Los Angeles,CA,90045,Abel.T.Greer@pookmail.com,310-410-9970
Latoya,Davies,3027 Waterview Lane,GALLUP,NM,87316,Latoya.L.Davies@trashymail.com,505-488-0537
Christin,Hunt,3909 Linda Street,Portland,PA,97205,Christin.C.Hunt@dodgit.com,267-882-4355
David,Mcfarland,4545 Lang Avenue,DELTA,UT,84624,David.C.Mcfarland@mailinator.com,435-864-0193
Anna,Hoover,820 Vineyard Drive,Independence,OH,44131,Anna.W.Hoover@dodgit.com,440-341-5953
Lorraine,Wilkins,4107 Hamill Avenue,San Diego,CA,92111,Lorraine.K.Wilkins@pookmail.com,858-277-5465
Alfredo,Cabral,4178 Center Avenue,Fresno,CA,93721,Alfredo.P.Cabral@trashymail.com,559-476-0902
Stephanie,Bennett,209 Glen Falls Road,Philadelphia,PA,19107,Stephanie.I.Bennett@mailinator.com,215-846-6389
Daina,Lanier,3127 Eagle Lane,Wadena,MN,56482,Daina.T.Lanier@mailinator.com,218-760-9054
Opal,Ried,2252 Ashmor Drive,Grand Rapids,MN,55744,Opal.P.Ried@pookmail.com,218-327-2798
Milton,Reynolds,3071 Heavner Avenue,Marietta,GA,30067,Milton.P.Reynolds@mailinator.com,770-858-0248
James,Dery,2371 Henery Street,MULVANE,KS,67110,James.A.Dery@mailinator.com,316-777-6939
Ryan,Humphrey,3107 Jenna Lane,Des Moines,IA,50309,Ryan.S.Humphrey@mailinator.com,515-245-7282
Grady,Sams,2952 Spring Street,Effingham,IL,62401,Grady.S.Sams@mailinator.com,217-821-4436
Nina,Walker,2980 Fantages Way,MADAWASKA,ME,04756,Nina.W.Walker@mailinator.com,207-728-7396
Rosalinda,Herndon,378 Davis Place,CAIRO (ALLEN),OH,45820,Rosalinda.W.Herndon@dodgit.com,419-235-6048
Donna,Morris,1570 Roy Alley,Denver,CO,80205,Donna.G.Morris@pookmail.com,303-896-9269
Richard,Young,4945 Brown Street,Tempe,AZ,85282,Richard.S.Young@trashymail.com,928-225-3062
Robert,Hughes,1369 Beechwood Drive,Coraopolis,PA,15108,Robert.M.Hughes@mailinator.com,412-264-5338
David,Veith,2577 Hannah Street,Charlotte,NC,28217,David.E.Veith@mailinator.com,828-414-3855
Irwin,Griffith,1257 Coulter Lane,RICHMOND,VA,23222,Irwin.T.Griffith@pookmail.com,804-241-2203
Shirley,Cunningham,3084 Creekside Lane,Ventura,CA,93003,Shirley.J.Cunningham@pookmail.com,805-645-6736
Joseph,Breece,602 Juniper Drive,Mount Pleasant,MI,48858,Joseph.A.Breece@pookmail.com,989-801-5492
Kimberley,Mosby,1826 Warner Street,N. MIAMI,FL,33137,Kimberley.E.Mosby@mailinator.com,305-949-3648
Elizabeth,Bray,1195 Maryland Avenue,Tampa,FL,33602,Elizabeth.A.Bray@trashymail.com,727-555-4695
Carl,Carmon,4393 Hanover Street,Syosset,NY,11791,Carl.V.Carmon@spambob.com,917-668-2444
Andre,Spina,2131 Ward Road,El Paso,TX,79912,Andre.S.Spina@trashymail.com,915-443-8554
Kyra,Siler,1124 Harvest Lane,BROWNING,MO,64630,Kyra.R.Siler@mailinator.com,660-946-3667
Isabel,Kreger,2056 Raccoon Run,Des Moines,WA,98198,Isabel.D.Kreger@pookmail.com,206-824-1220
William,Gee,2728 Timbercrest Road,PUMP STATION TWO,AK,99701,William.C.Gee@dodgit.com,907-621-4529
Roger,Durden,4546 Maxwell Street,MANCHESTER,CT,06040,Roger.E.Durden@spambob.com,860-764-2798
Antonio,Williams,1698 Round Table Drive,Cincinnati,OH,45202,Antonio.C.Williams@dodgit.com,513-807-8780
Jane,Gonzalez,2030 Boone Street,Corpus Christi,TX,78411,Jane.G.Gonzalez@dodgit.com,361-270-3464
George,Mackenzie,2533 Kelly Drive,EAST LYNN,WV,25512,George.E.Mackenzie@spambob.com,304-849-5642
Stefanie,Smith,4903 Saint Francis Way,Brookfield,WI,53005,Stefanie.J.Smith@mailinator.com,262-939-8468
Gail,Tillman,4536 Boone Street,Corpus Christi,TX,78476,Gail.J.Tillman@pookmail.com,361-227-6181
Rebecca,Louis,1250 Crestview Manor,Indianapolis,IN,46234,Rebecca.K.Louis@spambob.com,317-273-7776
Karen,Stein,4813 Par Drive,Long Beach,CA,90802,Karen.J.Stein@dodgit.com,805-768-8291
James,Milstead,4170 Locust Court,Whittier,CA,90606,James.M.Milstead@spambob.com,562-463-9646
John,Wheeler,4427 Ward Road,Middletown,NY,10940,John.M.Wheeler@mailinator.com,914-978-4233
Willa,Thomas,4359 Hickory Ridge Drive,Las Vegas,NV,89109,Willa.R.Thomas@spambob.com,702-695-7838
Jana,Terry,3234 Maple Lane,Gadsden,AL,35901,Jana.J.Terry@spambob.com,256-456-4517
Imelda,Witham,3841 Barnes Street,Orlando,FL,32805,Imelda.G.Witham@spambob.com,407-342-5589
Oscar,Gilbert,2853 Meadowview Drive,Covington,VA,24426,Oscar.L.Gilbert@dodgit.com,540-747-0355
Hilario,Bracken,4668 Burke Street,STOUGHTON,MA,02072,Hilario.D.Bracken@spambob.com,781-341-9968
Mary,Souza,1825 Bee Street,Grand Rapids,MI,49503,Mary.F.Souza@pookmail.com,231-753-2128
Howard,Mcduffie,987 Circle Drive,Houston,TX,77007,Howard.B.Mcduffie@dodgit.com,832-618-7302
Mandy,Bell,1484 Hilltop Street,SPRINGFIELD,MA,01115,Mandy.L.Bell@spambob.com,413-695-8505
Cynthia,Devoe,3271 Clay Lick Road,Denver,CO,80202,Cynthia.W.Devoe@pookmail.com,720-479-1889
Margret,Evans,2772 Barrington Court,CROSSETT,AR,71635,Margret.M.Evans@dodgit.com,870-567-3642
Riley,Hernandez,458 Maloy Court,RUSH CENTER,KS,67575,Riley.A.Hernandez@dodgit.com,785-387-1393
William,Abdallah,2931 Post Farm Road,Atlanta,GA,30342,William.M.Abdallah@trashymail.com,404-250-7388
Lucy,Wilkerson,4584 Bassell Avenue,Wichita,AR,67202,Lucy.C.Wilkerson@mailinator.com,501-633-9580
Molly,Hernandez,4147 Ray Court,Wilmington,NC,28401,Molly.R.Hernandez@pookmail.com,910-338-1509
Carmen,Lucero,1658 Clement Street,Atlanta,GA,30303,Carmen.M.Lucero@mailinator.com,404-513-5660
Dawn,Foust,1206 Whitman Court,STAMFORD,CT,06902,Dawn.D.Foust@mailinator.com,203-607-9080
Anna,Conaway,2328 Tori Lane,Salt Lake City,UT,84111,Anna.J.Conaway@dodgit.com,801-596-6690
Chauncey,Gary,3495 Pennsylvania Avenue,BOUND BROOK,NJ,08805,Chauncey.Y.Gary@dodgit.com,732-302-3346
Richard,Myers,3471 Brown Avenue,SENECA,SC,29678,Richard.D.Myers@trashymail.com,864-972-4062
Wilma,Elwood,3577 Bedford Street,HUNTINGTON,CT,06484,Wilma.V.Elwood@mailinator.com,203-925-8947
Maegan,Walker,1550 Emeral Dreams Drive,Chicago,IL,60607,Maegan.J.Walker@trashymail.com,815-221-6167
Maria,Saleem,2725 Rosewood Lane,New York,NY,10016,Maria.J.Saleem@spambob.com,212-953-0002
Robert,Wooster,4184 Williams Avenue,CASTAIC,CA,91310,Robert.V.Wooster@trashymail.com,661-295-0272
Grover,Gros,4833 Oakway Lane,Los Angeles,CA,90017,Grover.M.Gros@spambob.com,818-322-7967
Teresa,Bigelow,4236 Point Street,Chicago,IL,60609,Teresa.C.Bigelow@dodgit.com,773-847-5393
Brian,Butler,4525 Black Oak Hollow Road,Santa Clara,CA,95054,Brian.K.Butler@trashymail.com,408-727-0917
Oscar,Watts,2449 Tyler Avenue,Ft Lauderdale,FL,33311,Oscar.G.Watts@mailinator.com,305-336-8713
Juan,Miller,3378 Clair Street,REAGAN,TX,76680,Juan.N.Miller@trashymail.com,254-587-4642
Nickolas,Blackford,2781 Florence Street,Dallas,TX,75201,Nickolas.J.Blackford@dodgit.com,903-494-8925
Ben,Hernandez,4721 Public Works Drive,Chattanooga,TN,37421,Ben.L.Hernandez@mailinator.com,423-299-1655
Karen,King,4705 Tenmile Road,BOSTON,MA,02110,Karen.B.King@trashymail.com,781-694-7329
Stephanie,Scott,3576 Canis Heights Drive,Los Angeles,CA,90071,Stephanie.B.Scott@mailinator.com,213-630-2507
Guadalupe,Armentrout,2288 High Meadow Lane,Pittston,PA,18640,Guadalupe.S.Armentrout@mailinator.com,570-475-0716
Michael,Leftwich,3382 Byrd Lane,Albuquerque,NM,87111,Michael.J.Leftwich@dodgit.com,505-270-1898
Felix,Garcia,416 Franklin Avenue,Daytona Beach,FL,32114,Felix.H.Garcia@dodgit.com,386-255-2913
Yesenia,Avila,1187 School Street,Washington,DC,20007,Yesenia.C.Avila@dodgit.com,202-965-8733
Karen,Guillen,2454 Eagles Nest Drive,Chico,CA,95926,Karen.C.Guillen@pookmail.com,530-729-5850
Louis,Allard,853 Parrill Court,Plymouth,IN,46563,Louis.E.Allard@mailinator.com,219-604-9341
Megan,Jones,1851 Cantebury Drive,New York,NY,10011,Megan.R.Jones@spambob.com,646-688-7596
Joseph,Buchheit,2411 Franklin Street,Dothan,AL,36303,Joseph.C.Buchheit@mailinator.com,334-699-1540
Delphine,Hall,4274 College Avenue,Dayton,OH,45434,Delphine.C.Hall@spambob.com,937-426-1523
Robert,Bohannon,2830 West Drive,Chicago,IL,60606,Robert.J.Bohannon@mailinator.com,312-442-2767
Paul,Benedict,4268 Oakwood Circle,El Toro,CA,92630,Paul.B.Benedict@spambob.com,949-380-6293
Charles,Muir,2964 Grove Avenue,Clinton,OK,73601,Charles.S.Muir@trashymail.com,580-391-9181
Angela,Coulson,2876 Lady Bug Drive,COLORADO SPRINGS,CO,80906,Angela.D.Coulson@trashymail.com,719-226-7147
Maria,Harlan,2140 Diane Street,Los Angeles,CA,90017,Maria.R.Harlan@trashymail.com,805-412-6787
Olga,Scott,1527 Cooks Mine Road,Los Alamos,NM,87544,Olga.M.Scott@spambob.com,505-662-5544
Melvina,Aldridge,1480 Fire Access Road,Charlotte,NC,28202,Melvina.E.Aldridge@spambob.com,336-952-9372
Joseph,Renken,1633 Brooke Street,Sugar Land,TX,77478,Joseph.M.Renken@dodgit.com,713-687-4826
Charles,Lawson,4436 Hilltop Street,SPRINGFIELD,MA,01103,Charles.T.Lawson@dodgit.com,413-740-9171
Mark,Guyer,899 Goldie Lane,Cincinnati,OH,45214,Mark.D.Guyer@trashymail.com,513-374-6790
Nicole,Jones,455 Broadway Avenue,CHARLESTON,TN,37310,Nicole.J.Jones@mailinator.com,423-780-4608
Kate,Talbert,4936 Spadafore Drive,NEW GRENADA,PA,16674,Kate.K.Talbert@mailinator.com,814-685-1230
Allison,Franco,1167 Private Lane,Albany,GA,31707,Allison.B.Franco@mailinator.com,229-328-7828
Kelly,Taylor,4231 Mutton Town Road,NEAH BAY,WA,98357,Kelly.W.Taylor@mailinator.com,360-645-2250
Virginia,Silverman,3203 West Street,Belding,MI,48809,Virginia.S.Silverman@dodgit.com,616-794-4849
Margaret,Amick,2553 Gerald L. Bates Drive,CAMBRIDGE,MA,02141,Margaret.A.Amick@mailinator.com,617-765-3738
Carlos,Whiteley,4974 Hillcrest Circle,Plymouth,MN,55446,Carlos.A.Whiteley@spambob.com,763-553-9910
Bethany,Torgerson,356 Elk Avenue,MOSHERVILLE,MI,49258,Bethany.A.Torgerson@spambob.com,517-549-7114
Eunice,Carr,1544 Coal Street,New Bethlehem,PA,16242,Eunice.C.Carr@spambob.com,814-275-1428
Jennifer,Pinnix,3386 Cross Street,Bay City,MI,48706,Jennifer.D.Pinnix@pookmail.com,989-965-1527
Jessica,Wallace,2196 Hardman Road,ESSEX JUNCTION,VT,05452,Jessica.J.Wallace@trashymail.com,802-855-7742
Benjamin,Graham,4543 Aviation Way,Los Angeles,CA,90017,Benjamin.M.Graham@dodgit.com,213-963-3335
Joseph,Bell,710 Red Bud Lane,Tampa,FL,33602,Joseph.J.Bell@mailinator.com,863-216-2987
Kent,Meyer,1155 Bond Street,PROVIDENCE,RI,02908,Kent.L.Meyer@dodgit.com,401-740-2993
Eric,Sargent,600 Barrington Court,VILLAGE,AR,71769,Eric.V.Sargent@spambob.com,870-596-5847
Jeffrey,Salazar,2486 Dovetail Drive,Elk Grove Village,IL,60007,Jeffrey.A.Salazar@dodgit.com,847-350-1705
Kim,Welsh,4223 Hickory Ridge Drive,LAS VEGAS,NV,89110,Kim.M.Welsh@pookmail.com,702-632-4960
Peggy,Richmond,3116 Boone Crockett Lane,Port Angeles,WA,98362,Peggy.A.Richmond@spambob.com,360-417-3086
Craig,Chamberland,2404 Copperhead Road,Hartford,CT,06103,Craig.D.Chamberland@dodgit.com,860-606-5735
Timothy,Denney,3209 Harrison Street,San Francisco,CA,94143,Timothy.A.Denney@mailinator.com,415-541-5300
John,Morgan,1795 Short Street,KEMPNER,TX,76539,John.S.Morgan@trashymail.com,512-932-7272
Lamont,Stoughton,2578 Red Maple Drive,Los Angeles,CA,90017,Lamont.A.Stoughton@spambob.com,323-485-3630
Aleen,Karas,1975 Bird Street,NARA VISA,NM,88430,Aleen.G.Karas@trashymail.com,505-633-4126
Guadalupe,Allgood,4580 Ferry Street,Huntsville,AL,35806,Guadalupe.F.Allgood@mailinator.com,256-730-6468
Donald,Oh,3124 Ersel Street,Dallas,TX,75247,Donald.E.Oh@spambob.com,214-417-9082
Marcia,Cook,2881 Hinkle Deegan Lake Road,Lexington,KY,40505,Marcia.J.Cook@mailinator.com,606-989-8605
Nancy,Dunning,3331 Arrowood Drive,Jacksonville,FL,32216,Nancy.A.Dunning@pookmail.com,904-403-8645
Essie,Holtz,961 Ferry Street,Gadsden,AL,35901,Essie.P.Holtz@trashymail.com,256-674-4440
Kayla,Stein,1422 Twin House Lane,BRANSON,MO,65616,Kayla.J.Stein@pookmail.com,417-464-5955
Eugene,Durant,4921 Spirit Drive,PORT ORANGE,FL,32019,Eugene.C.Durant@spambob.com,386-898-4352
Edna,Kellum,2428 Waldeck Street,Fort Worth,TX,76102,Edna.R.Kellum@pookmail.com,817-438-8966
Sheila,Thompson,4213 Luke Lane,DEVOL,OK,73531,Sheila.M.Thompson@pookmail.com,580-299-9359
Ashley,Mayberry,2295 Elliot Avenue,Seattle,WA,98109,Ashley.J.Mayberry@spambob.com,206-609-7045
Donna,King,4213 Hall Valley Drive,GAULEY BRIDGE,WV,25085,Donna.J.King@spambob.com,304-632-3033
Lorrie,Edmondson,2055 Hamill Avenue,San Diego,CA,92110,Lorrie.R.Edmondson@trashymail.com,858-297-0517
June,Robison,3761 Sycamore Circle,Fort Worth,TX,76104,June.W.Robison@mailinator.com,682-667-1428
Fidel,Palmer,1338 Rosemont Avenue,Los Angeles,CA,90017,Fidel.M.Palmer@trashymail.com,323-210-3268
Teresa,Isom,1293 Forest Drive,Falls Church,VA,22044,Teresa.C.Isom@mailinator.com,703-932-9109
Warren,Campbell,4149 Ben Street,NORTH GREENBUSH,NY,12144,Warren.M.Campbell@dodgit.com,518-265-1706
Nancy,Hill,1121 Settlers Lane,New York,NY,10016,Nancy.P.Hill@pookmail.com,917-787-3707
Lauren,Atkinson,1964 Sigley Road,Atwood,KS,67730,Lauren.E.Atkinson@pookmail.com,785-626-5198
James,Yancey,2051 Sun Valley Road,Prosser,WA,99350,James.M.Yancey@mailinator.com,509-786-1551
Iona,Puglisi,2117 Flint Street,Atlanta,GA,30329,Iona.E.Puglisi@trashymail.com,678-209-3925
Ann,Dinardo,407 Ralph Drive,Cleveland,OH,44103,Ann.C.Dinardo@trashymail.com,440-249-4596
Jerry,Mcintosh,3343 Roosevelt Wilson Lane,San Bernardino,CA,92405,Jerry.P.Mcintosh@mailinator.com,909-881-3908
Tammy,Prado,3858 Ross Street,SHAWNEETOWN,IL,62984,Tammy.R.Prado@trashymail.com,618-269-5613
Homer,Brown,2954 Court Street,OLD MONROE,MO,63369,Homer.T.Brown@mailinator.com,636-665-2354
Billy,Webster,653 Melville Street,Memphis,TN,38110,Billy.M.Webster@pookmail.com,731-594-2844
Bernard,Schneider,4440 Thompson Street,Paramount,CA,90723,Bernard.R.Schneider@mailinator.com,562-601-1293
Theresa,Nguyen,137 Tail Ends Road,Appleton,WI,54913,Theresa.R.Nguyen@trashymail.com,920-585-0468
Wanda,Berger,904 Frosty Lane,Binghamton,NY,13901,Wanda.M.Berger@dodgit.com,607-720-1460
Paul,Moore,519 Ash Avenue,Saint Louis,MO,63129,Paul.T.Moore@pookmail.com,314-845-1711
Darrell,Mccray,2505 Linda Street,Philadelphia,PA,19108,Darrell.K.Mccray@dodgit.com,267-750-7181
Kendall,Dupree,3031 Meadow Drive,Missoula,MT,59802,Kendall.R.Dupree@dodgit.com,406-205-2134
Digna,Briceno,15 Crestview Manor,Indianapolis,IN,46204,Digna.N.Briceno@spambob.com,317-232-8188
Billy,Walker,3691 Olive Street,BLOOMINGVILLE,OH,44870,Billy.N.Walker@spambob.com,419-359-7959
Dorothy,Emanuel,513 Point Street,Hickory Hills,IL,60457,Dorothy.A.Emanuel@pookmail.com,773-909-1625
Brian,Jenkins,1866 Callison Lane,Wilmington,DE,19801,Brian.I.Jenkins@mailinator.com,302-434-6930
Virginia,Bruton,4327 Smithfield Avenue,Amarillo,TX,79101,Virginia.L.Bruton@pookmail.com,806-679-7528
Willie,Kelly,1022 Lonely Oak Drive,Mobile,AL,36693,Willie.H.Kelly@dodgit.com,251-454-0143
Lenora,Earley,2856 Hillview Drive,Washington,GA,30673,Lenora.D.Earley@mailinator.com,706-916-8352
Kimberly,Hanson,3401 Jones Avenue,WINSTON SALEM,NC,27001,Kimberly.W.Hanson@pookmail.com,336-758-7637
Howard,Hunley,3901 Tenmile Road,BOSTON,MA,02210,Howard.T.Hunley@trashymail.com,781-754-7784
Micheal,Jackson,2911 Shadowmar Drive,New Orleans,LA,70115,Micheal.J.Jackson@trashymail.com,504-896-1466
Brent,Shafer,2486 Wilkinson Street,Nashville,TN,37207,Brent.K.Shafer@pookmail.com,615-415-0944
Joyce,George,518 Ash Street,Dallas,TX,75201,Joyce.D.George@trashymail.com,972-821-4488
Sean,Lee,1316 Sycamore Lake Road,WATERLOO,WI,53594,Sean.J.Lee@dodgit.com,920-478-7393
Terrell,Hester,299 Lowes Alley,Worthington,OH,43085,Terrell.T.Hester@mailinator.com,740-315-8190
David,Heintzelman,1472 Mutton Town Road,Olympia,WA,98501,David.K.Heintzelman@mailinator.com,360-709-9199
Josephine,Leong,4624 Lindale Avenue,Oakland,CA,94621,Josephine.P.Leong@dodgit.com,510-562-7633
Philip,Simon,3520 Arbor Court,PINE BLUFFS,WY,82082,Philip.N.Simon@dodgit.com,307-245-1520
Joshua,Nadeau,4016 Cantebury Drive,New York,NY,10001,Joshua.A.Nadeau@trashymail.com,646-566-2946
Marvin,Green,2961 Central Avenue,JERSEY CITY,NJ,07304,Marvin.M.Green@dodgit.com,201-413-3833
Les,Fernandez,1939 B Street,FOREST LAKE,MN,55025,Les.A.Fernandez@pookmail.com,651-464-2802
Michael,Phelps,4254 Single Street,WOBURN,MA,01801,Michael.L.Phelps@dodgit.com,781-591-6334
Violet,Cooper,4030 Stockert Hollow Road,Tukwila,WA,98168,Violet.M.Cooper@dodgit.com,425-920-6632
Geneva,Baker,1042 Bee Street,Traverse City,MI,49686,Geneva.J.Baker@trashymail.com,231-855-7400
Robert,Hansen,4625 Bingamon Road,Willoughby,OH,44094,Robert.J.Hansen@mailinator.com,440-571-8958
Farah,Warwick,3145 Hart Ridge Road,Bay City,MI,48706,Farah.K.Warwick@spambob.com,989-254-3721
Andrew,Calvert,3305 Progress Way,Saint Cloud,MN,56303,Andrew.J.Calvert@mailinator.com,320-248-8220
Eric,Barrett,1023 Tyler Avenue,North Miami,FL,33161,Eric.A.Barrett@dodgit.com,305-286-6494
Ronald,Milam,399 Baker Avenue,Fort Worth,TX,76105,Ronald.J.Milam@pookmail.com,817-892-5618
Deborah,Veitch,3636 Hill Haven Drive,Waco,TX,76710,Deborah.A.Veitch@pookmail.com,254-341-1042
Peter,Cho,4932 West Fork Drive,Plantation,FL,33324,Peter.E.Cho@dodgit.com,954-474-4402
Robert,Dickey,3804 Prospect Street,MERCHANTVILLE,NJ,08109,Robert.M.Dickey@pookmail.com,856-663-2162
George,Taylor,3292 Marshall Street,Baltimore,MD,21202,George.N.Taylor@pookmail.com,410-702-0000
Myrtle,Badger,4149 Tea Berry Lane,Eau Claire,WI,54701,Myrtle.R.Badger@spambob.com,715-831-3041
Christine,Pearson,1343 Wilson Avenue,Irving,TX,75038,Christine.F.Pearson@trashymail.com,972-465-6323
Elizabeth,Liptak,286 Elliot Avenue,Seattle,WA,98101,Elizabeth.J.Liptak@pookmail.com,206-613-4016
Allison,Morgan,3021 Kimberly Way,Grand Rapids,MI,49546,Allison.T.Morgan@mailinator.com,616-970-6687
Walter,Lotts,1272 Briarwood Drive,Camden,NJ,08102,Walter.L.Lotts@trashymail.com,856-498-4629
Joe,Alldredge,2862 Union Street,Seattle,WA,98108,Joe.E.Alldredge@mailinator.com,206-764-1809
Lisa,Lawrence,3503 Lighthouse Drive,SILVER DOLLAR CITY,MO,65616,Lisa.S.Lawrence@trashymail.com,417-338-8432
Chadwick,Espinoza,3823 Kelly Drive,Clarksburg,WV,26301,Chadwick.E.Espinoza@trashymail.com,304-933-3822
Martha,Patch,2243 Worthington Drive,Grand Prairie,TX,75051,Martha.D.Patch@dodgit.com,972-602-5623
Henry,Johnson,2016 Holt Street,Miami,FL,33169,Henry.P.Johnson@spambob.com,561-238-5982
Robert,Frazier,1924 Heron Way,Independence,OR,97351,Robert.T.Frazier@trashymail.com,503-838-1509
Lucia,Finley,2297 Walkers Ridge Way,Schaumburg,IL,60173,Lucia.J.Finley@trashymail.com,630-244-0894
Wayne,Sherer,4793 Gnatty Creek Road,Garden City,NY,11530,Wayne.L.Sherer@trashymail.com,516-401-5504
Bobbie,Pittman,1435 Brighton Circle Road,Olivia,MN,56277,Bobbie.J.Pittman@mailinator.com,320-523-0584
Kelly,Saltzman,4559 Frederick Street,El Paso,TX,79901,Kelly.A.Saltzman@dodgit.com,915-996-0878
Anna,White,4586 Vesta Drive,Hickory Hills,IL,60457,Anna.J.White@pookmail.com,773-720-6283
Starr,Sanchez,3383 Saint Marys Avenue,WEEDSPORT,NY,13166,Starr.M.Sanchez@trashymail.com,315-834-8436
Daniel,Jackson,3759 Cottonwood Lane,Nashville,TN,37211,Daniel.B.Jackson@trashymail.com,615-977-5237
Heidi,Lindsay,1728 Ferrell Street,MALUNG,MN,56761,Heidi.K.Lindsay@mailinator.com,218-424-3775
Norma,Valdivia,1874 Massachusetts Avenue,Adelphi,DC,20783,Norma.J.Valdivia@spambob.com,202-657-0362
Joyce,Holdsworth,3747 Oak Ridge Drive,Saint Louis,MO,63101,Joyce.K.Holdsworth@mailinator.com,573-559-4161
Jamie,Wright,3256 Rosebud Avenue,Lakeview,AR,72642,Jamie.D.Wright@spambob.com,870-431-2761
William,Stone,510 Hillcrest Circle,Brooklyn Center,MN,55430,William.M.Stone@spambob.com,763-560-4706
Lavona,Baker,2451 Mount Olive Road,Roswell,GA,30076,Lavona.M.Baker@spambob.com,678-895-7326
James,Stokes,1211 Berkshire Circle,Knoxville,TN,37917,James.A.Stokes@pookmail.com,865-524-4610
Mary,Joyce,4089 Radio Park Drive,Atlanta,GA,30303,Mary.M.Joyce@trashymail.com,706-661-2544
Natalie,Vogelsang,3518 Parker Drive,Garfield Heights,OH,44128,Natalie.L.Vogelsang@spambob.com,216-658-7360
Beverly,Claytor,2109 Benson Park Drive,BRADLEY,OK,73011,Beverly.M.Claytor@mailinator.com,405-462-7237
John,Cespedes,4673 Flynn Street,Amherst,OH,44001,John.U.Cespedes@pookmail.com,440-984-2143
Sunshine,Meyer,2860 Elk Avenue,SUNFIELD,MI,48890,Sunshine.R.Meyer@trashymail.com,517-566-3338
Micheal,Robinson,1221 Rowes Lane,Madisonville,KY,42431,Micheal.C.Robinson@dodgit.com,270-633-9312
Sandra,Perrigo,552 Drainer Avenue,Tallahassee,FL,32301,Sandra.J.Perrigo@mailinator.com,850-559-8594
Richard,Barton,1514 Farnum Road,New York,NY,10025,Richard.A.Barton@dodgit.com,212-316-7547
Helen,Taylor,2525 Sussex Court,COPPERAS COVE,TX,76552,Helen.D.Taylor@spambob.com,254-518-3262
Milton,Barga,2001 Worley Avenue,Charlottesville,VA,22903,Milton.A.Barga@dodgit.com,434-327-8143
Ada,Marcus,881 Cardinal Lane,Tuscola,IL,61953,Ada.J.Marcus@trashymail.com,217-253-4281
David,Edwards,3887 Pineview Drive,Marshall,MN,56258,David.A.Edwards@dodgit.com,507-829-3903
Michael,Vaccaro,944 Jadewood Drive,Hammond,IN,46320,Michael.J.Vaccaro@spambob.com,219-932-2632
Sally,Manson,3082 Coplin Avenue,Phoenix,AZ,85040,Sally.G.Manson@dodgit.com,602-487-0452
Francis,Young,3847 Dog Hill Lane,HOME,KS,66438,Francis.J.Young@trashymail.com,785-744-2564
Paul,Elliott,3627 Warner Street,N. MIAMI,FL,33137,Paul.T.Elliott@trashymail.com,305-940-4202
Norbert,Ingersoll,857 Post Farm Road,Atlanta,GA,30303,Norbert.G.Ingersoll@pookmail.com,404-224-3844
Virginia,Seitz,3598 Emily Renzelli Boulevard,CARMEL,CA,93921,Virginia.C.Seitz@dodgit.com,831-626-3802
Gene,Albrecht,734 Beeghley Street,WACO,TX,76710,Gene.B.Albrecht@mailinator.com,254-848-6377
Consuelo,Roe,3858 Ocello Street,San Diego,CA,92117,Consuelo.J.Roe@spambob.com,619-995-4871
Robert,Rogers,3884 Clearview Drive,Denver,CO,80014,Robert.J.Rogers@mailinator.com,303-695-4936
Amy,Sumner,445 Junkins Avenue,Camilla,GA,31730,Amy.P.Sumner@dodgit.com,229-522-6082
Georgia,Santana,1155 Nash Street,Chicago,IL,60606,Georgia.G.Santana@pookmail.com,312-992-5304
Nathaniel,Abney,655 Daylene Drive,Westland,MI,48185,Nathaniel.E.Abney@mailinator.com,734-667-3495
Henrietta,Ross,4357 Gladwell Street,Longview,TX,75601,Henrietta.M.Ross@dodgit.com,903-242-8607
Patricia,Schreiner,1743 Thrash Trail,New Boston,TX,75570,Patricia.A.Schreiner@mailinator.com,903-628-9267
Ervin,Hannan,1288 Augusta Park,MULLENS,WV,25882,Ervin.C.Hannan@trashymail.com,304-774-0960
Evalyn,Jones,1989 Freedom Lane,Stockton,CA,95204,Evalyn.K.Jones@mailinator.com,209-436-2220
Suzanne,Day,3015 Goldie Lane,Sharonville,OH,45241,Suzanne.J.Day@spambob.com,513-348-1271
Marilyn,Carr,2160 Elk City Road,Shreveport,LA,71101,Marilyn.B.Carr@trashymail.com,318-220-2527
Carolyn,Anderson,4264 Trymore Road,MADELIA,MN,56062,Carolyn.T.Anderson@pookmail.com,507-642-9429
Amanda,Hall,1420 Pratt Avenue,Silverdale,WA,98383,Amanda.M.Hall@dodgit.com,360-912-8045
Kenneth,Solano,741 Hillview Street,Columbia,SC,29201,Kenneth.C.Solano@mailinator.com,803-690-7840
Jane,Pina,1321 Ford Street,SUNNYVALE,CA,94086,Jane.J.Pina@trashymail.com,408-484-1510
Horace,Schwartz,1530 Coburn Hollow Road,Peoria,IL,61602,Horace.D.Schwartz@mailinator.com,309-398-5740
Robert,Hobson,2435 Platinum Drive,PERRYOPOLIS,PA,15473,Robert.C.Hobson@dodgit.com,724-736-5746
Darcie,Reid,1255 Hiney Road,NORTH LAS VEGAS,NV,89032,Darcie.J.Reid@pookmail.com,702-271-4515
Clyde,Morris,19 Rollins Road,ST LIBORY,NE,68872,Clyde.M.Morris@dodgit.com,308-687-2468
Jack,Montoya,4956 Murry Street,VIRGINIA BEACH,VA,23454,Jack.T.Montoya@trashymail.com,757-481-5551
Kevin,Lawson,2476 Smith Road,CUMMING,GA,30130,Kevin.S.Lawson@mailinator.com,770-889-8880
Travis,Graham,511 Alpaca Way,Irvine,CA,92614,Travis.A.Graham@dodgit.com,714-726-2141
Arthur,Roach,2524 Tree Frog Lane,Kansas City,MO,64106,Arthur.E.Roach@spambob.com,816-476-1542
Martha,Frazier,4968 Francis Mine,CEDARVILLE,CA,96104,Martha.R.Frazier@trashymail.com,530-279-3759
Anthony,Smith,2705 Roosevelt Street,Oakland,CA,94612,Anthony.M.Smith@mailinator.com,415-358-4578
Laura,Carver,3413 Elmwood Avenue,Tempe,AZ,85281,Laura.J.Carver@trashymail.com,480-902-0254
Lauretta,Rosenthal,4642 Brownton Road,Jackson,MS,39201,Lauretta.G.Rosenthal@spambob.com,662-376-4153
Doris,Richardson,1551 Rosewood Lane,New York,NY,10001,Doris.J.Richardson@mailinator.com,212-990-3229
Alice,Ragsdale,4309 Dawson Drive,Little Rock,AR,72211,Alice.D.Ragsdale@pookmail.com,501-958-3720
Philip,Aiken,76 Godfrey Road,New York,NY,10019,Philip.M.Aiken@dodgit.com,212-586-3642
Lisa,Young,4772 Davis Street,Columbus,GA,31901,Lisa.D.Young@dodgit.com,706-366-5966
Darin,Johnson,2143 Highland View Drive,Loomis,CA,95650,Darin.O.Johnson@dodgit.com,916-652-9076
John,Martinez,1577 Nutters Barn Lane,Urbandale,IA,50322,John.P.Martinez@mailinator.com,515-710-5536
James,Smith,1764 Hartway Street,LAKE NORDEN,SD,57248,James.J.Smith@spambob.com,605-785-6942
Ashley,Lee,3871 Woodland Avenue,Amite,LA,70422,Ashley.D.Lee@pookmail.com,985-747-4082
Gabriel,Mera,1147 Paradise Lane,Ontario,CA,91762,Gabriel.E.Mera@trashymail.com,909-604-5379
Kimberly,Delacerda,962 Sugarfoot Lane,OTTERBEIN,IN,47970,Kimberly.H.Delacerda@dodgit.com,765-441-6406
Elmo,Reed,401 Hawks Nest Lane,Saint Louis,MO,63129,Elmo.K.Reed@dodgit.com,314-782-4726
Audrey,Dahl,4020 Smith Street,NEEDHAM,MA,02192,Audrey.E.Dahl@dodgit.com,508-785-2859
Stephanie,Bryson,2263 Middleville Road,Los Angeles,CA,90017,Stephanie.C.Bryson@mailinator.com,626-423-8611
Maria,Hays,494 Hott Street,Oklahoma City,OK,73115,Maria.J.Hays@mailinator.com,405-677-5058
Terry,Bryant,2303 Cambridge Place,BALTIMORE,MD,21215,Terry.B.Bryant@trashymail.com,410-601-2172
Emily,Poon,3153 Wyatt Street,WEST PALM BEACH,FL,33409,Emily.D.Poon@dodgit.com,561-439-5754
Debra,Bustillos,3484 Todds Lane,San Antonio,TX,78240,Debra.A.Bustillos@mailinator.com,210-455-6856
Matthew,Smallwood,3233 Overlook Drive,VEEDERSBURG,IN,47987,Matthew.P.Smallwood@dodgit.com,765-294-9797
Gina,Stephens,3859 Locust Court,Pomona,CA,91766,Gina.L.Stephens@spambob.com,562-485-1904
Mona,Wong,599 Hill Street,Mansfield,OH,44902,Mona.R.Wong@spambob.com,419-777-0110
John,Marceau,3560 Old House Drive,Johnstown,OH,43031,John.J.Marceau@mailinator.com,740-966-2402
Hipolito,Sanders,1161 Spadafore Drive,CENTRAL CITY,PA,15926,Hipolito.C.Sanders@mailinator.com,814-754-2075
Andrew,Prince,2686 Roosevelt Street,San Francisco,CA,94108,Andrew.C.Prince@trashymail.com,415-362-2808
Christopher,Watson,2631 Kennedy Court,Westborough,MA,01581,Christopher.M.Watson@pookmail.com,774-275-1809
Lauren,Defeo,1194 Zimmerman Lane,Los Angeles,CA,90026,Lauren.J.Defeo@pookmail.com,213-481-1760
Sandra,Cardenas,2039 Paradise Lane,Rancho Cucamonga,CA,91730,Sandra.M.Cardenas@trashymail.com,909-758-8312
Anita,Marshall,2584 Better Street,KANSAS CITY,KS,66215,Anita.W.Marshall@dodgit.com,913-212-7627
Joseph,Turk,3601 Snider Street,Englewood,CO,80111,Joseph.S.Turk@trashymail.com,720-248-2865
Dawn,Noone,2621 Barnes Avenue,Cincinnati,OH,45244,Dawn.E.Noone@mailinator.com,513-688-0936
Norma,Mobley,385 Pinchelone Street,Virginia Beach,VA,23455,Norma.D.Mobley@pookmail.com,757-363-6047
Wesley,Hamilton,888 Tori Lane,Salt Lake City,UT,84113,Wesley.M.Hamilton@dodgit.com,801-584-9222
Christopher,Banks,2295 Clark Street,New York,NY,10004,Christopher.C.Banks@pookmail.com,631-228-0866
Myrtle,Rodriguez,3203 Chandler Hollow Road,Pittsburgh,PA,15210,Myrtle.K.Rodriguez@dodgit.com,412-390-7308
Terry,Joe,3735 Kuhl Avenue,Atlanta,GA,30305,Terry.B.Joe@pookmail.com,678-650-1483
Jessica,Brown,3869 Par Drive,Carpinteria,CA,93013,Jessica.G.Brown@mailinator.com,805-881-5152
Lawrence,Mendoza,3843 Willis Avenue,MAYO,FL,32066,Lawrence.V.Mendoza@dodgit.com,386-294-9376
Connie,Rose,2984 Union Street,Seattle,WA,98108,Connie.T.Rose@dodgit.com,206-766-3473
Modesto,Moore,3769 Oliverio Drive,Kinsley,KS,67547,Modesto.J.Moore@mailinator.com,620-659-6877
Gilbert,Crawford,717 Dovetail Drive,Northbrook,IL,60062,Gilbert.B.Crawford@pookmail.com,847-309-3835
Philip,Rivera,9 Hoffman Avenue,New York,NY,10013,Philip.P.Rivera@spambob.com,917-957-0018
Whitney,King,3240 Despard Street,Atlanta,GA,30303,Whitney.J.King@mailinator.com,404-727-9864
David,Hart,1364 Sardis Sta,Fort Worth,TX,76102,David.M.Hart@mailinator.com,817-655-5832
Tom,Ortiz,963 Pearl Street,Rancho Cordova,CA,95742,Tom.A.Ortiz@spambob.com,916-281-7261
Leigh,Sheeran,2784 Hummingbird Way,Topeka,KS,66607,Leigh.D.Sheeran@dodgit.com,785-218-9961
Patricia,Patterson,3178 Queens Lane,BARNESVILLE,VA,23967,Patricia.W.Patterson@mailinator.com,434-735-2859
Sandra,Taylor,3199 Bobcat Drive,Washington,MD,20005,Sandra.D.Taylor@trashymail.com,240-888-5092
Randy,Burnett,1320 Clearview Drive,Centennial,CO,80111,Randy.N.Burnett@mailinator.com,303-740-4629
Walter,Ricca,688 Victoria Street,Chicago,IL,60631,Walter.A.Ricca@mailinator.com,224-619-2770
Charles,Kelly,395 Luke Lane,Duncan,OK,73533,Charles.K.Kelly@spambob.com,580-251-9841
Otto,Rosa,82 Warner Street,Casper,WY,82601,Otto.C.Rosa@mailinator.com,307-237-6027
Joseph,Brown,221 Crosswind Drive,Henderson,KY,42420,Joseph.E.Brown@dodgit.com,270-831-9197
Joseph,Warren,1417 Allison Avenue,Norfolk,VA,23502,Joseph.M.Warren@trashymail.com,757-561-2796
Christina,Rosario,3508 Coleman Avenue,Encinitas,CA,92024,Christina.R.Rosario@spambob.com,760-753-3126
Alejandra,Harrington,452 Rivendell Drive,Warren,OH,44481,Alejandra.W.Harrington@spambob.com,330-841-8830
Melanie,Delong,3364 Beech Street,Antioch,CA,94509,Melanie.E.Delong@mailinator.com,925-706-4787
Johnny,Woodward,4049 Doe Meadow Drive,Annapolis Junction,MD,20701,Johnny.E.Woodward@pookmail.com,301-518-6799
Sandra,Pettis,2822 Hayhurst Lane,Farmington Hills,MI,48331,Sandra.P.Pettis@spambob.com,248-848-8511
Thomas,Clifton,3501 Black Oak Hollow Road,Gilroy,CA,95020,Thomas.A.Clifton@pookmail.com,408-847-2048
Gloria,Felts,1906 Clark Street,Lindenhurst,NY,11757,Gloria.S.Felts@trashymail.com,631-226-2981
Alan,Mitchell,3503 Cherry Ridge Drive,Rochester,NY,14608,Alan.J.Mitchell@dodgit.com,585-770-2576
John,Simmons,3581 Norma Lane,Shreveport,LA,71109,John.L.Simmons@mailinator.com,318-632-7572
Katherine,Smith,2277 Woodlawn Drive,Milwaukee,WI,53213,Katherine.R.Smith@dodgit.com,414-555-9007
Ryan,Wilcox,630 Johnstown Road,Chicago,IL,60607,Ryan.C.Wilcox@mailinator.com,847-387-5904
Jessica,Johnson,2163 Poe Road,Houston,TX,77036,Jessica.J.Johnson@pookmail.com,832-932-3835
Robert,Dudley,4790 Sunny Glen Lane,Beachwood,OH,44122,Robert.M.Dudley@pookmail.com,216-839-5748
Linda,Weatherall,4092 Angus Road,New York,NY,10007,Linda.A.Weatherall@pookmail.com,212-478-7399
Arthur,Banks,4050 Sycamore Lake Road,Green Bay,WI,54303,Arthur.L.Banks@spambob.com,920-425-6713
David,Dixon,3620 Petunia Way,Birmingham,AL,35214,David.S.Dixon@trashymail.com,205-798-3206
Troy,Gagnon,4158 Mcwhorter Road,JACKSON,MS,39213,Troy.L.Gagnon@mailinator.com,662-471-1964
Michele,Joyner,4026 Pritchard Court,Owatonna,MN,55060,Michele.W.Joyner@pookmail.com,507-414-9338
Joseph,Young,1920 White Avenue,Corpus Christi,TX,78476,Joseph.V.Young@mailinator.com,361-738-7444
Theodore,Michalski,2842 Poplar Lane,MIAMI,FL,33012,Theodore.M.Michalski@pookmail.com,305-557-8710
Melissa,Tucker,1437 Arron Smith Drive,Honolulu,HI,96813,Melissa.T.Tucker@trashymail.com,808-566-6686
Tommie,Johnson,931 Flinderation Road,Burr Ridge,IL,60527,Tommie.A.Johnson@dodgit.com,708-313-3101
Donna,Weir,1086 Dale Avenue,Seattle,WA,98109,Donna.R.Weir@dodgit.com,253-849-9898
James,Jones,3419 Lyon Avenue,Cambridge,MA,02142,James.F.Jones@spambob.com,508-975-7311
Adolph,Salvaggio,682 Red Dog Road,Charlotte,NC,28202,Adolph.C.Salvaggio@dodgit.com,704-338-4640
Veronica,Jamison,1939 Pringle Drive,Chicago,IL,60606,Veronica.A.Jamison@spambob.com,312-382-3000
Paul,Nathanson,3731 Jerry Toth Drive,North Pole,AK,99705,Paul.E.Nathanson@pookmail.com,907-490-8397
Douglas,Davis,2114 Scenicview Drive,Longview,TX,75601,Douglas.J.Davis@pookmail.com,430-977-0824
Sharon,Hanson,1445 Hickman Street,Wheaton,IL,60187,Sharon.W.Hanson@pookmail.com,630-462-3472
Mark,Christensen,3903 Sarah Drive,Lake Charles,LA,70601,Mark.J.Christensen@spambob.com,337-439-4509
Jean,Pascua,42 Edgewood Road,ASH FLAT,AR,72513,Jean.J.Pascua@spambob.com,870-994-4083
Christina,Moore,4724 Andell Road,Columbus,OH,43215,Christina.B.Moore@trashymail.com,614-887-0059
Mary,Jefferson,3176 Charles Street,SOUTHFIELD,MI,48235,Mary.J.Jefferson@spambob.com,734-471-1817
Dorothy,Marshall,1258 Stanton Hollow Road,LEXINGTON,MA,02421,Dorothy.A.Marshall@spambob.com,781-532-9779
Wendy,Duplessis,1300 Gandy Street,STLOUIS,MO,63101,Wendy.J.Duplessis@trashymail.com,314-974-0064
Elba,Wells,1649 Cunningham Court,Southfield,MI,48075,Elba.W.Wells@mailinator.com,248-636-2417
Kristie,Bell,2863 Nixon Avenue,Chattanooga,TN,37403,Kristie.J.Bell@dodgit.com,423-266-5708
Gerald,Barbour,462 Post Avenue,MILTONA,MN,56354,Gerald.S.Barbour@mailinator.com,218-943-3760
Joe,Adams,2560 John Daniel Drive,Saint Louis,MO,63102,Joe.H.Adams@spambob.com,573-652-8934
Kenneth,Hahn,2968 Prudence Street,Southfield,MI,48076,Kenneth.S.Hahn@trashymail.com,313-302-8826
Jeremy,Woodrow,3047 Cambridge Drive,Phoenix,AZ,85016,Jeremy.H.Woodrow@mailinator.com,623-760-9914
Tiffany,Hartmann,3864 Pine Garden Lane,AUSTELL,GA,30001,Tiffany.C.Hartmann@pookmail.com,770-745-7666
Carole,Ward,166 Richison Drive,Glasgow,MT,59230,Carole.M.Ward@dodgit.com,406-263-5468
Marina,Jackson,4538 Bolman Court,SIDELL,IL,61876,Marina.W.Jackson@mailinator.com,217-288-7169
Allen,Cross,1809 Clifford Street,Hayward,CA,94541,Allen.L.Cross@spambob.com,510-733-0310
Enrique,Cline,4672 Elliott Street,CLAREMONT,NH,03743,Enrique.J.Cline@spambob.com,603-543-8409
Elvira,Kreider,1424 Melville Street,Collierville,TN,38017,Elvira.C.Kreider@dodgit.com,731-332-0577
Louis,Morgan,4345 Sun Valley Road,SUNNYSIDE,WA,98944,Louis.D.Morgan@trashymail.com,509-831-8447
Alva,Porter,983 Saint Francis Way,Portland,PA,97205,Alva.R.Porter@dodgit.com,267-245-6812
Gloria,Garrick,4420 Wolf Pen Road,San Jose,CA,95134,Gloria.K.Garrick@mailinator.com,650-434-7477
Peter,Townsend,4863 Calvin Street,Baltimore,MD,21202,Peter.D.Townsend@pookmail.com,443-392-2599
Jesse,Tatum,3237 Meadow Lane,Napa,CA,94559,Jesse.T.Tatum@spambob.com,707-256-3976
Bert,Gunn,730 Horseshoe Lane,Philadelphia,PA,19103,Bert.A.Gunn@dodgit.com,484-454-0280
Dorothy,Touchstone,3211 Big Elm,Lenexa,MO,66215,Dorothy.B.Touchstone@spambob.com,816-868-4500
Helen,Bartel,4137 Poe Road,Houston,TX,77070,Helen.A.Bartel@dodgit.com,832-912-7974
Jena,Royster,1956 North Street,Charlottesville,VA,22903,Jena.E.Royster@mailinator.com,434-984-9391
Catherine,Hines,3529 Better Street,Mission,KS,66202,Catherine.R.Hines@pookmail.com,913-261-7734
Daniel,Marshall,2578 Tetrick Road,Cypress Gardens,FL,33884,Daniel.E.Marshall@pookmail.com,863-324-3475
Carl,Walker,1526 Pringle Drive,Chicago,IL,60605,Carl.C.Walker@spambob.com,312-316-3447
Debra,Shields,801 Tyler Avenue,MIAMI,FL,33142,Debra.J.Shields@trashymail.com,305-324-1304
Robert,Jhonson,3441 Moore Avenue,Arlington,TX,76010,Robert.M.Jhonson@spambob.com,817-792-9224
Tayna,Hickmon,1265 Margaret Street,Houston,TX,77007,Tayna.R.Hickmon@spambob.com,713-880-2219
Joseph,Ballew,1273 Broadway Street,MONCKS CORNER,SC,29461,Joseph.C.Ballew@trashymail.com,843-761-5648
Jason,Brown,473 Fulton Street,Wheeling,WV,26003,Jason.S.Brown@mailinator.com,304-405-5247
John,Brinn,4995 Locust Court,Long Beach,CA,90808,John.K.Brinn@pookmail.com,562-421-8623
Roger,Bliss,3 Hurry Street,HERNDON,VA,22070,Roger.S.Bliss@trashymail.com,540-318-7579
Jack,Smith,4046 Highland Drive,CEDAR GROVE,WI,53013,Jack.H.Smith@dodgit.com,920-668-5958
Timothy,Mcinturff,3587 Patterson Fork Road,Lombard,IL,60148,Timothy.D.Mcinturff@trashymail.com,312-671-9813
Naomi,Price,997 Hidden Meadow Drive,KULM,ND,58456,Naomi.B.Price@spambob.com,701-647-7800
Keith,Jacob,986 Hart Ridge Road,LAKEVIEW,MI,48850,Keith.D.Jacob@spambob.com,989-352-6540
Shawn,Grindstaff,2076 Terra Street,Seattle,WA,98161,Shawn.C.Grindstaff@mailinator.com,360-361-9056
Rhonda,Akins,4471 Spring Haven Trail,MOUNTAIN VIEW,NJ,07470,Rhonda.D.Akins@mailinator.com,973-696-9494
Frank,Rowlett,3761 Powder House Road,Lake Worth,FL,33463,Frank.N.Rowlett@spambob.com,561-699-4504
Robert,Hartman,4885 Circle Drive,Houston,TX,77063,Robert.G.Hartman@spambob.com,832-492-9107
Eddie,Cash,595 Eagle Lane,CROSS LAKE,MN,56442,Eddie.J.Cash@trashymail.com,218-692-3288
Micheal,Hicks,1957 New Street,Eugene,OR,97401,Micheal.A.Hicks@spambob.com,541-252-0831
Lloyd,Utley,3102 Taylor Street,Scarsdale,NY,10583,Lloyd.I.Utley@mailinator.com,914-713-6527
Willie,Fowler,4768 Bottom Lane,Buffalo,NY,14214,Willie.A.Fowler@mailinator.com,716-832-4197
Nicholas,Rowley,1572 Woodrow Way,Houston,TX,77006,Nicholas.L.Rowley@trashymail.com,936-272-1891
David,Grinnell,4134 Hog Camp Road,Northbrook,IL,60062,David.S.Grinnell@pookmail.com,708-421-3582
Ray,Turcios,2880 Par Drive,Los Angeles,CA,90017,Ray.L.Turcios@dodgit.com,805-830-1324
Gary,Schuyler,4716 Nash Street,Detroit,MI,48219,Gary.T.Schuyler@spambob.com,313-204-0191
Karla,Gutierrez,657 Coal Road,POTTSVILLE,PA,17901,Karla.R.Gutierrez@mailinator.com,570-628-0742
Vickie,Michael,3560 Sardis Station,Golden Valley,MN,55422,Vickie.R.Michael@trashymail.com,612-580-3466
Tony,Bryan,3525 Catherine Drive,Bottineau,ND,58318,Tony.G.Bryan@dodgit.com,701-228-0516
William,Cortez,1902 Marie Street,Bel Air,MD,21014,William.A.Cortez@spambob.com,410-893-4114
Keith,Rubin,1752 Jim Rosa Lane,San Jose,CA,95134,Keith.G.Rubin@trashymail.com,415-758-3006
Brian,Cruz,2066 Radford Street,LOUISVILLE,KY,40299,Brian.R.Cruz@mailinator.com,502-297-3629
Jessica,Carson,4981 Prospect Street,CAMDEN,NJ,08104,Jessica.M.Carson@dodgit.com,856-613-0498
Kenneth,Strong,1840 Parkway Drive,TUCSON,AZ,85701,Kenneth.P.Strong@mailinator.com,520-545-4832
Joy,Greer,3423 Hardesty Street,Albany,NY,12210,Joy.C.Greer@pookmail.com,518-514-0166
Stanley,Staples,1422 Kidd Avenue,KOYUKUK,AK,99754,Stanley.N.Staples@trashymail.com,907-927-3011
Willie,Perez,2385 Goldleaf Lane,NEWARK,NJ,07102,Willie.M.Perez@spambob.com,201-649-9590
Diane,Phillips,615 C Street,Framingham,MA,01702,Diane.C.Phillips@mailinator.com,508-370-9755
Nicholas,Day,4109 Custer Street,Erie,PA,16510,Nicholas.M.Day@trashymail.com,814-899-1598
Brian,Hebert,4869 Laurel Lee,Saint Paul,MN,55104,Brian.G.Hebert@spambob.com,651-989-2431
Selena,Gonzales,3017 Cameron Road,Buffalo,NY,14216,Selena.D.Gonzales@trashymail.com,716-474-2757
Eleanor,Owen,3946 Retreat Avenue,Birmingham,AL,35203,Eleanor.G.Owen@pookmail.com,205-283-0839
Helen,Ross,4716 Primrose Lane,Madison,WI,53703,Helen.W.Ross@mailinator.com,608-636-5537
Nicholas,Chaney,2174 Par Drive,Santa Barbara,CA,93101,Nicholas.A.Chaney@trashymail.com,805-892-2455
Edna,Silvers,3986 Thompson Drive,OAKLAND,CA,94607,Edna.E.Silvers@mailinator.com,510-472-5809
Patricia,Diaz,4942 Huntz Lane,CAMBRIDGE,MA,02141,Patricia.A.Diaz@pookmail.com,978-615-9756
Tara,Verdin,3203 Lucy Lane,Edinburgh,IN,46124,Tara.R.Verdin@spambob.com,812-526-8639
James,Ellis,704 Copperhead Road,SIMSBURY,CT,06070,James.T.Ellis@spambob.com,860-658-6871
Amber,Metzger,501 Richards Avenue,Los Banos,CA,93635,Amber.G.Metzger@spambob.com,209-827-3510
David,Harrison,1601 Cardinal Lane,Cleveland,OH,44115,David.K.Harrison@pookmail.com,216-976-9353
David,Paez,1843 Huntz Lane,Cambridge,MA,02141,David.P.Paez@spambob.com,978-564-1343
Robert,Fox,3036 Lake Forest Drive,New York,NY,10011,Robert.G.Fox@spambob.com,914-290-5125
Charles,Rosen,3937 Stratford Drive,KONA,HI,96740,Charles.C.Rosen@mailinator.com,808-329-8089
Russell,Behnke,106 August Lane,Shreveport,LA,71101,Russell.T.Behnke@trashymail.com,318-455-7853
James,Hoover,629 Roane Avenue,Greenbelt,MD,20770,James.C.Hoover@mailinator.com,301-204-2939
Georgina,Smith,1275 Beech Street,Walnut Creek,CA,94596,Georgina.B.Smith@trashymail.com,925-817-3449
Athena,Brown,19 Blackwell Street,Anchorage,AK,99504,Athena.C.Brown@mailinator.com,907-330-9910
Marcus,Perez,2326 Cambridge Drive,BEARDSLEY,AZ,85345,Marcus.B.Perez@dodgit.com,623-584-3538
Rudy,Naquin,4601 Harron Drive,Easton,MD,21601,Rudy.J.Naquin@pookmail.com,443-496-9501
Laurence,Marshall,2201 Charmaine Lane,WILDORADO,TX,79098,Laurence.T.Marshall@mailinator.com,806-426-0652
Ida,Roosa,4543 Victoria Court,STONINGTON,ME,04681,Ida.R.Roosa@trashymail.com,207-367-8923
Roy,Baskerville,1098 Alpaca Way,Irvine,CA,92614,Roy.S.Baskerville@dodgit.com,714-719-5302
Tiffiny,Runge,581 Ocala Street,Orlando,FL,32801,Tiffiny.J.Runge@trashymail.com,407-426-4079
Earl,Faison,2199 Romrog Way,SCOTIA,NE,68875,Earl.S.Faison@dodgit.com,308-245-4067
Patrick,Farrell,3352 Dale Avenue,LAKEBAY,WA,98349,Patrick.J.Farrell@trashymail.com,253-884-6813
Bob,Briggs,567 Austin Secret Lane,SALT LAKE CITY,UT,84101,Bob.H.Briggs@dodgit.com,435-575-2172
John,Obrian,1479 Trymore Road,WANAMINGO,MN,55983,John.E.Obrian@mailinator.com,507-824-9259
Abel,Griffin,2260 Crestview Terrace,Jourdanton,TX,78026,Abel.M.Griffin@dodgit.com,830-767-1735
Helen,Swearengin,386 Pinnickinnick Street,ASBURY PARK,NJ,07712,Helen.G.Swearengin@trashymail.com,732-897-2099
David,Buster,4714 Pursglove Court,Dayton,OH,45402,David.R.Buster@trashymail.com,937-333-5478
Margaret,Deer,4353 Roosevelt Road,Wellington,KS,67152,Margaret.J.Deer@mailinator.com,620-326-0464
Tiffany,Espada,3422 Camel Back Road,CLAYTON,OK,74536,Tiffany.N.Espada@pookmail.com,918-569-7126
Ken,Harris,3322 Stoney Lonesome Road,Weatherly,PA,18255,Ken.J.Harris@dodgit.com,570-427-3107
Stacie,Huffman,4113 Lightning Point Drive,Memphis,TN,38110,Stacie.J.Huffman@trashymail.com,901-508-8271
Raymond,Moise,4328 Laurel Lane,Pecos,TX,79772,Raymond.J.Moise@trashymail.com,432-445-0781
Jane,Pettway,4292 Stratford Drive,Honolulu,HI,96814,Jane.A.Pettway@pookmail.com,808-358-2431
Sam,Boyd,3034 John Calvin Drive,Chicago,IL,60603,Sam.M.Boyd@spambob.com,708-851-4320
Bill,Andrews,4161 Willison Street,Minnetonka,MN,55343,Bill.K.Andrews@pookmail.com,763-226-9931
Annette,Neill,3197 Carriage Lane,Toledo,OH,43615,Annette.C.Neill@pookmail.com,567-952-8037
Curtis,Mulford,2715 Cedar Lane,BOSTON,MA,02199,Curtis.K.Mulford@trashymail.com,617-600-4451
Charles,Fowler,1962 Essex Court,NEWFANE,VT,05345,Charles.A.Fowler@trashymail.com,802-348-0850
Karen,Bibb,4904 Dane Street,GREEN BLUFF,WA,99003,Karen.M.Bibb@dodgit.com,509-238-6524
Joe,Morris,2762 Burnside Court,Phoenix,AZ,85003,Joe.F.Morris@pookmail.com,602-364-3785
Arthur,Cook,219 Valley Lane,AUSTIN,TX,78746,Arthur.I.Cook@mailinator.com,512-685-8081
Roger,Gause,1477 School Street,Washington,DC,20005,Roger.A.Gause@spambob.com,202-942-4779
Edwin,Brewer,180 Fairway Drive,Oakland,CA,94612,Edwin.A.Brewer@pookmail.com,707-497-6254
Gloria,Renfroe,3771 Lynn Street,BOSTON,MA,02115,Gloria.J.Renfroe@mailinator.com,617-267-7911
Sara,Provencal,4310 Whiteman Street,MERCHANTVILLE,NJ,08109,Sara.K.Provencal@mailinator.com,609-977-3073
Brian,Clark,2801 Harvest Lane,NEW FRANKLIN,MO,65274,Brian.S.Clark@dodgit.com,660-848-7978
Juanita,Angel,3603 Five Points,Baltimore,MD,21201,Juanita.P.Angel@dodgit.com,443-219-1103
William,Vaca,2104 Oakridge Lane,Augusta,GA,30901,William.S.Vaca@dodgit.com,478-295-3087
David,Morris,1538 Hiney Road,LAS VEGAS,NV,89102,David.N.Morris@dodgit.com,702-288-8882
Cecelia,Bachand,2484 Rhode Island Avenue,Beltsville,DC,20705,Cecelia.P.Bachand@mailinator.com,202-413-5317
Ellsworth,Bostic,785 Fieldcrest Road,Long Island City,NY,11101,Ellsworth.L.Bostic@mailinator.com,631-967-6261
Lisa,Bade,3591 Jenna Lane,Des Moines,IA,50309,Lisa.M.Bade@pookmail.com,515-259-1223
Denise,Gibbon,801 Neville Street,SANTA CLAUS,IN,47579,Denise.R.Gibbon@pookmail.com,812-544-5949
Jay,Mcdaniel,801 Wood Street,Saginaw,MI,48607,Jay.A.Mcdaniel@dodgit.com,989-215-6232
Ryan,Horn,1397 Roosevelt Wilson Lane,Rialto,CA,92376,Ryan.D.Horn@pookmail.com,909-919-2524
Adan,Miller,4129 Owen Lane,Traverse City,MI,49684,Adan.J.Miller@pookmail.com,231-932-3691
Warren,Thrash,268 Lonely Oak Drive,Mobile,AL,36602,Warren.N.Thrash@pookmail.com,251-508-0489
Della,Sanchez,4334 Kinney Street,AGAWAM,MA,01001,Della.S.Sanchez@pookmail.com,413-531-4832
Earline,Fournier,2693 Harrison Street,Oakland,CA,94612,Earline.M.Fournier@pookmail.com,415-530-6038
Kristin,Ortiz,1259 Parkview Drive,Santa Ana,CA,92701,Kristin.G.Ortiz@dodgit.com,714-245-7125
Esteban,Lay,3275 Hudson Street,ROCHELLE PARK,NJ,07662,Esteban.K.Lay@mailinator.com,973-907-1271
Gregory,Linder,4032 Adams Avenue,Washington,MD,20004,Gregory.K.Linder@dodgit.com,301-691-6592
Brenda,Joyner,613 Seneca Drive,Portland,OR,97205,Brenda.W.Joyner@dodgit.com,503-886-5731
Kay,Crane,2929 Oliverio Drive,Parsons,KS,67357,Kay.M.Crane@pookmail.com,620-636-2748
Daniel,Barton,4971 Ashford Drive,Washington,VA,20005,Daniel.M.Barton@mailinator.com,703-625-6433
Ashley,Hines,713 Martha Ellen Drive,WENDOVER,NV,84083,Ashley.N.Hines@mailinator.com,775-664-0708
Charles,Williams,2089 Roosevelt Road,Emporia,KS,66801,Charles.J.Williams@trashymail.com,620-341-8059
Elva,Swift,2051 Bond Street,NARRAGANSETT,RI,02882,Elva.J.Swift@dodgit.com,401-788-9815
Allen,Denton,3079 Freedom Lane,Stockton,CA,95202,Allen.K.Denton@spambob.com,209-323-8487
Janet,Davis,2539 Dola Mine Road,Morrisville,NC,27560,Janet.D.Davis@dodgit.com,919-379-4539
Owen,Hansen,4622 Lonely Oak Drive,Mobile,AL,36693,Owen.S.Hansen@pookmail.com,251-602-2082
James,Boyer,1467 Holly Street,Augusta,GA,30901,James.M.Boyer@spambob.com,706-231-7050
Jonathon,West,4678 Philadelphia Avenue,Orem,UT,84058,Jonathon.C.West@pookmail.com,801-225-3979
Elizabeth,Morgan,4715 Carriage Lane,Toledo,OH,43609,Elizabeth.P.Morgan@pookmail.com,567-495-7947
Joyce,Lloyd,4391 Jessie Street,BREMEN,OH,43107,Joyce.D.Lloyd@spambob.com,740-569-4941
Barbara,Chamberlain,2205 Rogers Street,Cincinnati,OH,45236,Barbara.D.Chamberlain@spambob.com,513-607-4466
Leola,Bright,1178 Edington Drive,ALPHARETTA,GA,30201,Leola.D.Bright@dodgit.com,678-746-1454
Herschel,Guerra,2272 Catherine Drive,Jamestown,ND,58401,Herschel.M.Guerra@spambob.com,701-252-9779
Kathryn,Mcelfresh,722 Alexander Drive,Wichita Falls,TX,76308,Kathryn.R.Mcelfresh@trashymail.com,940-352-6284
Rodney,Kent,2566 Austin Avenue,Savannah,GA,31401,Rodney.B.Kent@spambob.com,912-308-8844
Michael,Mcintosh,1153 Reel Avenue,Albuquerque,NM,87102,Michael.C.Mcintosh@trashymail.com,505-314-0714
Petra,Robinson,3777 Sycamore Road,Eugene,OR,97402,Petra.E.Robinson@dodgit.com,541-363-6650
Nga,Thompson,4220 Harley Brook Lane,Altoona,PA,16601,Nga.O.Thompson@spambob.com,814-604-4027
Donna,John,2251 Lena Lane,Jackson,MS,39201,Donna.S.John@pookmail.com,601-530-7307
Joan,Richardson,493 Pine Street,SAXONSBURG,PA,16056,Joan.M.Richardson@spambob.com,724-352-0369
Michelle,Tyler,3617 Pine Garden Lane,ALPHARETTA,GA,30201,Michelle.K.Tyler@mailinator.com,770-754-6326
James,Jones,3929 Sardis Sta,Fort Worth,TX,76102,James.T.Jones@pookmail.com,817-632-2172
James,Averill,2919 Monroe Avenue,Fort Myers,FL,33901,James.L.Averill@dodgit.com,941-651-2570
Beatrice,Byars,3778 Murry Street,Virginia Beach,VA,23464,Beatrice.W.Byars@pookmail.com,757-415-1122
Christopher,Jones,3221 Hinkle Deegan Lake Road,Binghamton,NY,13901,Christopher.A.Jones@pookmail.com,607-245-3226
Larry,Reason,256 Zimmerman Lane,Los Angeles,CA,90014,Larry.J.Reason@spambob.com,213-402-0126
Margarita,Hartzler,2917 Orphan Road,Stevens Point,WI,54481,Margarita.M.Hartzler@spambob.com,715-909-7351
Gloria,Mitchell,4389 Pin Oak Drive,DAVENPORT,IA,52803,Gloria.S.Mitchell@dodgit.com,563-209-6912
Eric,Marcum,958 Valley Lane,Austin,TX,78753,Eric.K.Marcum@spambob.com,512-719-4454
Mae,House,3261 Mulberry Street,Conroe,TX,77301,Mae.T.House@spambob.com,936-522-7761
Michael,Crews,4985 Lyndon Street,Bethlehem,PA,18018,Michael.B.Crews@dodgit.com,610-691-1125
John,Eaves,3693 Carter Street,COULTERVILLE,IL,62237,John.S.Eaves@spambob.com,618-758-8733
Patrick,Schilling,1397 Hilltop Drive,AMARILLO,TX,79108,Patrick.C.Schilling@pookmail.com,806-381-7762
James,Collins,3928 Richards Avenue,Stockton,CA,95204,James.G.Collins@dodgit.com,209-924-7500
Robert,Gutierrez,932 Horner Street,Boardman,OH,44512,Robert.J.Gutierrez@spambob.com,330-986-4813
Charles,Williams,858 Langtown Road,Toledo,OH,43609,Charles.A.Williams@mailinator.com,567-217-3692
Jordan,Moss,4724 Brooklyn Street,Boise,OR,83716,Jordan.D.Moss@pookmail.com,541-212-9785
Lori,Chaffin,4284 Villa Drive,SOUTH BEND,IN,46625,Lori.M.Chaffin@pookmail.com,574-281-6643
Robert,Eiland,266 Renwick Drive,Philadelphia,PA,19107,Robert.S.Eiland@spambob.com,484-266-5525
Nicole,Noel,2878 Waterview Lane,LAS CRUCES,NM,88001,Nicole.J.Noel@spambob.com,505-521-9381
Jason,Lee,4348 Highland View Drive,Sacramento,CA,95817,Jason.J.Lee@pookmail.com,916-703-7709
Bob,Sipes,3297 Sherwood Circle,Lake Charles,LA,70629,Bob.F.Sipes@trashymail.com,337-287-0205
Veronica,Russell,734 Adams Avenue,SUITLAND,MD,20746,Veronica.P.Russell@mailinator.com,301-669-8776
Christopher,Arnold,4045 Flinderation Road,Arlington Heights,IL,60005,Christopher.J.Arnold@mailinator.com,708-393-7674
Richard,Bryant,1743 Briercliff Road,Brooklyn,NY,11238,Richard.D.Bryant@dodgit.com,718-636-7985
Aaron,Hayes,435 Rhode Island Avenue,Silver Spring,DC,20904,Aaron.H.Hayes@spambob.com,202-367-4689
Melissa,Powell,3725 Dancing Dove Lane,New York,NY,10013,Melissa.M.Powell@mailinator.com,347-513-0730
Myles,Fitch,2408 George Street,ORANGE SPRINGS,FL,32682,Myles.M.Fitch@pookmail.com,352-546-5436
Dawn,Andrews,4239 Pickens Way,TEXARKANA,TX,75501,Dawn.B.Andrews@mailinator.com,903-278-6794
Christine,Rice,2645 Hedge Street,CRANFORD,NJ,07016,Christine.C.Rice@pookmail.com,908-653-4520
Pedro,Wallace,826 Arrowood Drive,Jacksonville,FL,32202,Pedro.G.Wallace@dodgit.com,904-457-5236
Darrin,Beard,2439 Bell Street,San Antonio,TX,78205,Darrin.L.Beard@dodgit.com,210-978-4022
Donnie,Chisholm,4311 Don Jackson Lane,Wailuku,HI,96793,Donnie.N.Chisholm@dodgit.com,808-986-0365
Richard,Davis,4422 Ella Street,Mountain View,CA,94041,Richard.H.Davis@trashymail.com,650-318-8308
Thomas,Thom,1944 Ella Street,San Mateo,CA,94403,Thomas.M.Thom@mailinator.com,650-293-9992
Jill,Vinson,4215 Wiseman Street,Knoxville,TN,37902,Jill.G.Vinson@mailinator.com,865-293-5892
Tyler,Reyes,1099 Brookview Drive,Jasper,TX,75951,Tyler.C.Reyes@dodgit.com,409-384-0757
Marita,Harper,2354 Frank Avenue,Crafton,PA,15205,Marita.F.Harper@pookmail.com,412-999-9077
Margret,Tabor,3882 West Fork Street,Hamilton,MT,59840,Margret.R.Tabor@dodgit.com,406-375-9238
Anthony,Arias,2775 Washburn Street,SPRINGFIELD,LA,70462,Anthony.C.Arias@mailinator.com,225-395-2567
Susan,Davis,4810 Alexander Drive,Arlington,TX,76011,Susan.L.Davis@spambob.com,940-367-0370
June,Bryson,2131 Fleming Way,CHESTER,VA,23831,June.E.Bryson@dodgit.com,804-748-2382
Sandra,Maness,644 Olive Street,PANDORA,OH,45877,Sandra.G.Maness@trashymail.com,419-384-6649
James,Monaghan,3248 Waldeck Street,Fort Worth,TX,76102,James.N.Monaghan@trashymail.com,817-420-7192
John,Campos,2320 Poe Road,Florence,SC,29501,John.L.Campos@mailinator.com,843-229-7376
Sylvia,Ohagan,442 Willison Street,Roseville,MN,55113,Sylvia.D.Ohagan@mailinator.com,763-208-0670
Steve,Rodriguez,1610 Aaron Smith Drive,Camp Hill,PA,17011,Steve.M.Rodriguez@spambob.com,717-730-2733
Michele,Bish,2441 Spring Haven Trail,Lyndhurst,NJ,07071,Michele.J.Bish@trashymail.com,973-654-8249
Brian,Tardiff,188 Burnside Court,Phoenix,AZ,85034,Brian.M.Tardiff@pookmail.com,602-403-3326
Berniece,Simmons,4300 Harvest Lane,Bakersfield,CA,93301,Berniece.T.Simmons@spambob.com,661-213-2660
Marjorie,Williamson,3590 Wetzel Lane,Muskegon,MI,49444,Marjorie.P.Williamson@mailinator.com,231-320-0290
Joann,Howell,3640 Khale Street,Charleston,SC,29424,Joann.R.Howell@pookmail.com,843-564-2093
James,Smith,4441 Garrett Street,Grand Rapids,MI,49503,James.S.Smith@spambob.com,269-290-8696
Sheri,Messer,2822 Koontz Lane,Sherman Oaks,CA,91403,Sheri.J.Messer@mailinator.com,818-853-9471
Olga,Wright,4945 Progress Way,Hudson,IA,50643,Olga.W.Wright@pookmail.com,319-988-9521
Bernice,Connolly,3414 Clousson Road,ARMSTRONG,IA,51514,Bernice.L.Connolly@pookmail.com,712-868-9836
Ronald,Davis,3418 Dog Hill Lane,BARNES,KS,66933,Ronald.L.Davis@pookmail.com,785-763-4773
Barbara,Bradshaw,4063 Brown Bear Drive,Riverside,CA,92501,Barbara.A.Bradshaw@dodgit.com,951-684-8605
Shawna,Hyden,943 Camden Street,LOVELOCK,NV,89419,Shawna.R.Hyden@trashymail.com,775-273-6323
Lea,Rhodes,4196 Myra Street,Providence,RI,02904,Lea.N.Rhodes@spambob.com,401-440-3586
Jacquie,Dell,4582 Arthur Avenue,LYNDON,IL,61261,Jacquie.B.Dell@dodgit.com,815-778-9087
Helen,Barber,2553 Renwick Drive,NEWARK,PA,19714,Helen.C.Barber@dodgit.com,484-276-7503
Rhonda,Olsen,2968 Heavens Way,Santa Ana,CA,92705,Rhonda.R.Olsen@mailinator.com,949-231-3678
Sherry,Johnson,2655 Buffalo Creek Road,Nashville,TN,37210,Sherry.J.Johnson@mailinator.com,615-786-3713
Evelyn,Collins,4092 Sunrise Road,MOUNT CHARLESTON,NV,89125,Evelyn.S.Collins@pookmail.com,702-872-9338
Julia,Mcconnell,2744 Matthews Street,Chicago,IL,60631,Julia.J.Mcconnell@dodgit.com,815-603-3897
Juan,Howell,1841 Conference Center Way,Mclean,VA,22102,Juan.T.Howell@spambob.com,571-220-5279
Jerry,Short,4353 Stoney Lonesome Road,Bloomsburg,PA,17815,Jerry.J.Short@spambob.com,570-387-1424
Samantha,Dean,2693 Heavner Court,Garden City,NY,11530,Samantha.R.Dean@pookmail.com,516-222-0139
William,Fleming,3019 Collins Street,Johnstown,PA,15904,William.M.Fleming@spambob.com,814-241-7875
Bernard,Rogers,2078 Burning Memory Lane,Philadelphia,PA,19108,Bernard.L.Rogers@pookmail.com,215-315-0877
Betty,Lemanski,1335 Christie Way,Worcester,MA,01609,Betty.T.Lemanski@mailinator.com,978-780-7363
Lori,Simone,565 Diane Street,Moorpark,CA,93021,Lori.A.Simone@mailinator.com,805-378-4774
Keith,Lopez,644 Freed Drive,COPPEROPOLIS,CA,95228,Keith.L.Lopez@pookmail.com,209-785-4192
Mitchell,Carlson,796 Dovetail Estates,Durant,OK,74701,Mitchell.B.Carlson@trashymail.com,580-931-7356
Nora,Meng,4829 Ryan Road,AKRON,SD,51001,Nora.G.Meng@spambob.com,605-565-7409
Sarah,Thorne,4345 Morningview Lane,Elmsford,NY,10523,Sarah.M.Thorne@mailinator.com,646-210-8890
Myrtle,Battle,2547 Kerry Way,Bellflower,CA,90706,Myrtle.R.Battle@spambob.com,562-804-5013
Chanda,Sullivan,2132 Deer Ridge Drive,Wayne,NJ,07477,Chanda.J.Sullivan@pookmail.com,973-641-7599
Ronald,Mcelroy,4898 Honeysuckle Lane,Seattle,WA,98119,Ronald.M.Mcelroy@pookmail.com,360-525-6290
Ronald,Street,2231 Stockert Hollow Road,SAMMAMISH,WA,98053,Ronald.S.Street@dodgit.com,425-898-6620
Christopher,Bowens,3980 Quilly Lane,Westerville,OH,43081,Christopher.S.Bowens@dodgit.com,614-466-5630
Brenda,Hernandez,3276 Jenna Lane,Cincinnati,OH,45236,Brenda.S.Hernandez@dodgit.com,513-985-8343
Martha,Altieri,3548 Stark Hollow Road,Fort Morgan,CO,80701,Martha.M.Altieri@dodgit.com,970-867-0742
Charles,Gore,1791 Francis Mine,Grass Valley,CA,95945,Charles.H.Gore@dodgit.com,530-272-1797
Donald,Carr,1911 Melville Street,Arlington,TN,38002,Donald.K.Carr@mailinator.com,731-345-2447
Sally,Valdez,551 Single Street,LYNN,MA,01901,Sally.S.Valdez@dodgit.com,781-586-1533
Angel,Atkins,1636 Jett Lane,San Pedro,CA,90731,Angel.E.Atkins@spambob.com,310-732-7509
Jordan,Thomas,3037 Tyler Avenue,Ft Lauderdale,FL,33311,Jordan.S.Thomas@spambob.com,305-342-3952
Chad,Parker,1096 Ferrell Street,DONALDSON,MN,56720,Chad.N.Parker@pookmail.com,218-466-2313
James,Denton,2579 Boggess Street,Fort Worth,TX,76102,James.T.Denton@pookmail.com,940-220-3270
Noah,Graham,2423 Wetzel Lane,Grand Rapids,MI,49508,Noah.J.Graham@mailinator.com,231-230-9983
Elizabeth,Odom,227 Golf Course Drive,Washington,VA,20011,Elizabeth.S.Odom@mailinator.com,703-342-9230
Joyce,Everett,2733 Pinewood Drive,Roselle,IL,60172,Joyce.L.Everett@pookmail.com,847-891-6419
Andrea,Giles,2384 Mayo Street,Winchester,KY,40391,Andrea.J.Giles@dodgit.com,859-661-9829
Ana,Darrell,3157 Butternut Lane,Alton,IL,62002,Ana.E.Darrell@pookmail.com,618-462-2322
Angel,Parker,3902 Chardonnay Drive,SEATTLE,WA,98106,Angel.A.Parker@trashymail.com,360-220-0832
Shu,Roy,2405 Holden Street,San Diego,CA,92107,Shu.K.Roy@spambob.com,619-224-4557
Kim,Witzel,3034 Progress Way,Saint Cloud,MN,56303,Kim.J.Witzel@mailinator.com,320-201-2948
George,Rice,1182 Grove Street,HICKSVILLE,NY,11612,George.B.Rice@trashymail.com,631-761-8400
Jerry,Glasscock,4693 Terry Lane,Orlando,FL,32801,Jerry.S.Glasscock@pookmail.com,321-251-0703
Helen,Johnson,1896 Millbrook Road,Arlington Heights,IL,60004,Helen.C.Johnson@trashymail.com,630-776-6220
Adam,Ramey,3490 Weekley Street,San Antonio,TX,78212,Adam.T.Ramey@pookmail.com,210-386-6445
Donald,Augustin,3381 Southern Street,ROSLYN,NY,11576,Donald.E.Augustin@mailinator.com,516-629-4988
Michael,Root,2999 Par Drive,San Luis Obispo,CA,93401,Michael.M.Root@pookmail.com,805-788-3160
Merrill,Scott,328 Poplar Lane,Miami,FL,33169,Merrill.J.Scott@pookmail.com,305-494-1389
Venessa,Fisher,1592 Byrd Lane,Kenner,LA,70062,Venessa.R.Fisher@spambob.com,504-994-9045
Aubrey,Voight,3449 Brentwood Drive,Austin,TX,78701,Aubrey.R.Voight@dodgit.com,512-855-6213
Rena,Thompson,2540 Woodridge Lane,Memphis,TN,38110,Rena.R.Thompson@trashymail.com,901-268-3032
April,Thompson,2936 Jefferson Street,Newport News,VA,23603,April.S.Thompson@pookmail.com,757-820-9945
Robert,Edmondson,1625 Elm Drive,Elmsford,NY,10523,Robert.L.Edmondson@dodgit.com,646-423-9496
Leona,Queen,1942 Cedarstone Drive,Montpelier,OH,43543,Leona.S.Queen@trashymail.com,419-485-3797
Kevin,Morones,2236 Frum Street,Nashville,TN,37201,Kevin.S.Morones@spambob.com,615-369-6739
David,Stowers,55 Sunset Drive,Little Rock,AR,72212,David.D.Stowers@trashymail.com,870-750-1745
Trina,Glenn,1299 Koontz Lane,Burbank,CA,91502,Trina.C.Glenn@dodgit.com,818-848-7119
Marylou,Pickard,256 Skinner Hollow Road,MYRTLE CREEK,OR,97457,Marylou.K.Pickard@mailinator.com,541-860-4827
Anita,Tierney,1425 Arlington Avenue,Arkadelphia,AR,71923,Anita.C.Tierney@dodgit.com,870-245-0141
Rebecca,Brooks,4700 Primrose Lane,SAUK CITY,WI,53583,Rebecca.F.Brooks@pookmail.com,608-644-8072
Emily,Morales,2951 Beechwood Drive,Annapolis,MD,21401,Emily.H.Morales@trashymail.com,410-974-6501
Chandra,Gore,3300 Boundary Street,Jacksonville,FL,32202,Chandra.R.Gore@pookmail.com,904-665-4190
Andreas,Hardy,3290 Cambridge Drive,Phoenix,AZ,85003,Andreas.C.Hardy@spambob.com,623-476-3992
Steve,Thompson,4606 Oak Ridge Drive,PERRY,MO,63462,Steve.C.Thompson@mailinator.com,573-565-5130
Linda,Duty,4714 Cody Ridge Road,DRUMMOND,OK,73735,Linda.J.Duty@mailinator.com,580-493-0673
Benjamin,Mcclain,4855 Hannah Street,GRANITE FALLS,NC,28630,Benjamin.V.Mcclain@spambob.com,828-313-1008
Mary,Mcpherson,212 Charmaine Lane,BOYS RANCH,TX,79092,Mary.M.Mcpherson@dodgit.com,806-534-3950
Stephen,Adams,4856 Ottis Street,Clinton,OK,73601,Stephen.M.Adams@dodgit.com,405-299-4811
Ethel,Robinson,4355 Dogwood Lane,Marana,AZ,85653,Ethel.D.Robinson@dodgit.com,520-682-9987
Valencia,Blackwell,3341 Pooh Bear Lane,GREENVILLE,SC,29607,Valencia.D.Blackwell@dodgit.com,864-675-0699
Christopher,Campbell,3053 Hart Country Lane,GAY,GA,30218,Christopher.A.Campbell@pookmail.com,706-538-8053
Anita,Cook,154 Amethyst Drive,Adrian,MI,49221,Anita.J.Cook@pookmail.com,517-270-5879
Esmeralda,Walsh,206 Caldwell Road,Rochester,NY,14623,Esmeralda.G.Walsh@trashymail.com,585-257-0912
Mary,Gough,1830 Wescam Court,Cambridge,MA,02141,Mary.C.Gough@spambob.com,781-205-4354
Preston,Scott,2783 Byers Lane,Chico,CA,95928,Preston.J.Scott@spambob.com,530-853-8011
Harold,Mcgee,4604 Edington Drive,Atlanta,GA,30308,Harold.N.Mcgee@pookmail.com,678-850-3249
Thomas,Kirsch,1264 Lodgeville Road,Richfield,MN,55423,Thomas.V.Kirsch@pookmail.com,612-243-4424
Patrick,Shumaker,3114 Charter Street,Leavenworth,KS,66048,Patrick.B.Shumaker@pookmail.com,913-684-8291
Patricia,Stubbs,2764 Dawson Drive,Little Rock,AR,72211,Patricia.G.Stubbs@mailinator.com,501-812-8169
Lee,Gray,3419 Tyler Avenue,Miami,FL,33128,Lee.S.Gray@mailinator.com,305-349-0962
Charles,Gonzalez,3729 D Street,Detroit,MI,48226,Charles.I.Gonzalez@dodgit.com,586-430-4669
Jim,Parker,501 Stutler Lane,Somerset,PA,15501,Jim.K.Parker@spambob.com,814-445-6887
William,Lecuyer,2774 Evergreen Lane,Los Angeles,CA,90017,William.M.Lecuyer@spambob.com,323-623-3549
Owen,Heger,2994 Marigold Lane,Coral Gables,FL,33134,Owen.A.Heger@mailinator.com,305-447-5632
Eddie,Post,211 White Oak Drive,Kansas City,MO,64106,Eddie.J.Post@pookmail.com,816-600-6758
Susan,Viera,2861 Sunny Day Drive,Los Angeles,CA,90017,Susan.M.Viera@dodgit.com,714-860-5598
Barbara,Newman,1435 Stockert Hollow Road,North Bend,WA,98045,Barbara.K.Newman@spambob.com,425-831-6745
Leona,Hodges,4187 Brown Avenue,Greenville,SC,29601,Leona.S.Hodges@dodgit.com,864-906-5486
Billy,Malone,1428 Melm Street,PROVIDENCE,RI,02908,Billy.N.Malone@pookmail.com,401-271-4793
Deana,Greene,1676 Cinnamon Lane,SAN ANTONIO,TX,78238,Deana.W.Greene@spambob.com,210-767-3030
Lara,Martin,4125 Candlelight Drive,Katy,TX,77494,Lara.D.Martin@mailinator.com,281-392-9930
Curtis,Boswell,4439 Duke Lane,FORDS,NJ,08863,Curtis.L.Boswell@spambob.com,732-661-8567
Clyde,Chacon,4634 Webster Street,EATONTOWN,NJ,07724,Clyde.A.Chacon@mailinator.com,732-544-2497
John,Garrett,4388 Roguski Road,Monroe,LA,71201,John.R.Garrett@trashymail.com,318-324-4909
David,Porter,1049 Hanifan Lane,Lithonia,GA,30058,David.C.Porter@mailinator.com,678-526-0659
John,Lott,2624 Haul Road,Maplewood,MN,55119,John.C.Lott@mailinator.com,651-264-5583
Victoria,Bautista,3857 Rocket Drive,Minneapolis,MN,55415,Victoria.S.Bautista@mailinator.com,612-990-0072
David,Lambert,1972 Mutton Town Road,Marysville,WA,98270,David.S.Lambert@dodgit.com,360-658-5224
Rory,Brown,3223 Fannie Street,CLUTE,TX,77566,Rory.C.Brown@mailinator.com,979-292-9813
Moises,Isaac,2769 Brookside Drive,Birmingham,AL,35203,Moises.K.Isaac@trashymail.com,205-353-5182
Deborah,Bowens,2296 Woodhill Avenue,Hanover,MD,21076,Deborah.G.Bowens@dodgit.com,410-802-6680
William,Baggett,3263 Williams Lane,Wichita,KS,67202,William.K.Baggett@trashymail.com,316-352-9495
Adolph,Appell,1561 Lynn Street,CAMBRIDGE,MA,02141,Adolph.V.Appell@dodgit.com,617-279-8434
Carla,Elliott,2040 Sycamore Circle,Dallas,TX,75202,Carla.G.Elliott@trashymail.com,682-222-0165
Mary,Gill,573 Milford Street,Portsmouth,NH,03801,Mary.D.Gill@pookmail.com,603-676-5661
Juan,Fields,4768 Conifer Drive,Bellevue,WA,98004,Juan.C.Fields@spambob.com,425-454-3385
Reginald,Stackhouse,1953 Hillview Street,Columbia,SC,29210,Reginald.K.Stackhouse@spambob.com,803-709-6396
Sandra,Burrowes,2596 Hickory Heights Drive,Hanover,MD,21076,Sandra.J.Burrowes@pookmail.com,443-848-9114
Kristina,Bushway,534 Broaddus Avenue,RADCLIFF,KY,40160,Kristina.C.Bushway@mailinator.com,270-272-0822
Bianca,Lewis,396 Laurel Lee,BURNSVILLE,MN,55337,Bianca.A.Lewis@mailinator.com,651-882-7808
Mindy,Drake,1379 Calico Drive,Wenatchee,WA,98801,Mindy.J.Drake@spambob.com,509-587-4417
Kathy,Orta,1758 West Fork Street,Helena,MT,59601,Kathy.B.Orta@pookmail.com,406-381-8648
Clara,Mercer,1577 Frum Street,HARTSVILLE,TN,37074,Clara.K.Mercer@dodgit.com,615-374-2707
Virginia,Dalke,2919 Browning Lane,FRANKLIN (DELEWARE),NY,13775,Virginia.T.Dalke@mailinator.com,607-829-5968
Jessica,Ganz,1445 Irving Road,Columbus,OH,43215,Jessica.C.Ganz@spambob.com,740-490-6384
Leticia,Downing,2091 Meadowcrest Lane,Lexington,KY,40507,Leticia.J.Downing@trashymail.com,606-415-9953
Jennie,Howell,1935 Worthington Drive,Dallas,TX,75207,Jennie.M.Howell@trashymail.com,972-573-2709
Harold,Maddox,2198 Pursglove Court,Dayton,OH,45406,Harold.N.Maddox@mailinator.com,937-276-3928
Katherine,Blauser,1972 Norman Street,Bellflower,CA,90706,Katherine.V.Blauser@trashymail.com,323-345-2559
Ricky,Ferguson,2746 Roane Avenue,Washington,MD,20005,Ricky.R.Ferguson@spambob.com,301-266-4766
David,Graver,3587 Davis Lane,Denver,CO,80202,David.J.Graver@dodgit.com,720-306-4330
Mary,Lambert,3807 Cecil Street,Chicago,IL,60605,Mary.J.Lambert@trashymail.com,312-213-6890
Peter,Almanza,1649 Hillside Street,Phoenix,AZ,85003,Peter.C.Almanza@mailinator.com,480-612-1297
Johnathan,Millet,4947 Badger Pond Lane,Tampa,FL,33619,Johnathan.J.Millet@mailinator.com,727-216-0761
Deborah,Gilbreath,1697 Turnpike Drive,Birmingham,AL,35222,Deborah.D.Gilbreath@pookmail.com,256-397-2408
Christopher,Corona,617 Hawks Nest Lane,Saint Louis,MO,63108,Christopher.C.Corona@pookmail.com,314-715-1476
Miguel,Mejia,4035 Deans Lane,West Nyack,NY,10994,Miguel.D.Mejia@dodgit.com,914-806-6082
Clayton,Jones,1472 Green Acres Road,Rocky Mount,NC,27801,Clayton.J.Jones@dodgit.com,252-477-4674
Michael,Jones,420 Hill Haven Drive,Waco,TX,76701,Michael.M.Jones@dodgit.com,254-299-0926
Bonnie,Rayford,1218 Aspen Court,BOSTON,MA,02110,Bonnie.W.Rayford@spambob.com,617-406-1881
Jessica,Ferguson,1359 Harrison Street,SAN FRANCISCO,CA,94107,Jessica.J.Ferguson@mailinator.com,415-593-0490
Helen,Roberts,3529 Heather Sees Way,MUSKOGEE,OK,74401,Helen.G.Roberts@dodgit.com,918-686-2526
Ruthie,Young,4289 Green Gate Lane,Hanover,MD,21076,Ruthie.K.Young@spambob.com,443-801-4442
Robert,Archambault,996 Austin Secret Lane,BOULDER,UT,84716,Robert.J.Archambault@pookmail.com,435-335-5305
Donald,Olivo,2356 Joanne Lane,Worcester,MA,01608,Donald.B.Olivo@pookmail.com,978-520-4058
Andrew,Nickel,2457 Andell Road,NEW ALBANY,OH,43054,Andrew.M.Nickel@trashymail.com,614-933-9793
Gerard,Monteith,13 Rinehart Road,Sunrise,FL,33323,Gerard.M.Monteith@dodgit.com,786-357-5473
Regina,Spinella,244 Grant Street,NAPLES,TX,75568,Regina.M.Spinella@spambob.com,903-897-7894
David,Austin,1311 Buck Drive,Kearns,UT,84118,David.S.Austin@mailinator.com,801-968-6244
James,Little,4930 Bedford Street,Birmingham,AL,35291,James.E.Little@trashymail.com,205-219-7732
Justine,Backus,2251 Colony Street,CHESHIRE,CT,06410,Justine.D.Backus@pookmail.com,203-272-9906
Christopher,Crist,4917 Henery Street,Wichita,KS,67226,Christopher.F.Crist@spambob.com,316-844-2543
Steven,Cornwell,1388 Brooke Street,Houston,TX,77006,Steven.J.Cornwell@trashymail.com,713-639-6099
Tonya,Nguyen,4505 Marcus Street,Anniston,AL,36201,Tonya.F.Nguyen@pookmail.com,256-610-9418
Arnoldo,Keller,293 Pickens Way,Longview,TX,75604,Arnoldo.A.Keller@mailinator.com,903-291-4780
Rosemary,Kauffman,1245 Gandy Street,Saint Louis,MO,63141,Rosemary.J.Kauffman@mailinator.com,314-993-9945
Diego,Murray,4281 Hickman Street,Chicago,IL,60654,Diego.A.Murray@dodgit.com,630-468-4498
Pamela,King,1036 Simons Hollow Road,MOUNT POCONO,PA,18344,Pamela.T.King@mailinator.com,570-839-3692
Cory,Montgomery,2700 Comfort Court,Madison,WI,53711,Cory.V.Montgomery@mailinator.com,608-278-0862
Kelly,Santos,3412 Gateway Road,Portland,OR,97214,Kelly.D.Santos@mailinator.com,503-231-0503
Lynn,Countryman,4467 Mattson Street,Salem,OR,97301,Lynn.J.Countryman@trashymail.com,503-362-8985
Raymond,Lewis,3826 Spadafore Drive,LEEPER,PA,16233,Raymond.K.Lewis@trashymail.com,814-744-5244
Antonia,Barbour,2157 Cook Hill Road,HARTFORD,CT,06103,Antonia.R.Barbour@trashymail.com,203-441-7536
Travis,Schafer,4934 May Street,SHOPVILLE,KY,42554,Travis.C.Schafer@trashymail.com,606-274-1436
Everett,Alvarez,1730 Walnut Street,Jackson,MS,39211,Everett.J.Alvarez@dodgit.com,601-620-3928
Larry,Tews,1535 Bailey Drive,Cedar Rapids,IA,52401,Larry.Q.Tews@trashymail.com,319-295-7746
Kenneth,Shorter,3378 Hardman Road,BRATTLEBORO,VT,05301,Kenneth.A.Shorter@pookmail.com,802-732-9654
Michael,Fullerton,872 Dye Street,SCOTTSDALE,AZ,85259,Michael.M.Fullerton@spambob.com,480-657-9068
Gregory,Shepard,584 Meadow Drive,Miles City,MT,59301,Gregory.Y.Shepard@mailinator.com,406-233-7361
Joseph,Shannon,1008 Webster Street,Wayne,NJ,07477,Joseph.R.Shannon@pookmail.com,732-581-0017
Beverly,Morris,774 Lawman Avenue,HERNDON,VA,22090,Beverly.R.Morris@mailinator.com,703-303-0132
Barbara,Pehrson,735 Windy Ridge Road,Berne,IN,46711,Barbara.L.Pehrson@pookmail.com,260-589-3180
Josephine,Mayhew,3977 Boone Crockett Lane,Bremerton,WA,98337,Josephine.R.Mayhew@dodgit.com,360-415-2543
Josephine,Mcdonald,3234 Glenview Drive,Corpus Christi,TX,78401,Josephine.C.Mcdonald@mailinator.com,361-442-2904
David,Ross,164 Hershell Hollow Road,Anaheim,CA,92805,David.J.Ross@dodgit.com,424-264-1361
Patrick,Reed,3827 Quiet Valley Lane,North Hollywood,CA,91605,Patrick.E.Reed@trashymail.com,818-983-2089
Scott,Dews,492 Woodhill Avenue,Columbia,MD,21044,Scott.M.Dews@mailinator.com,410-772-6762
Walter,Beaird,1912 Oral Lake Road,Golden Valley,MN,55427,Walter.H.Beaird@dodgit.com,952-548-0597
Mary,Jones,2003 Owen Lane,Grand Rapids,MI,49503,Mary.D.Jones@mailinator.com,231-962-2435
Walter,Jackson,865 Corpening Drive,Troy,MI,48084,Walter.L.Jackson@trashymail.com,248-404-2028
Gregory,Jones,2718 Hidden Pond Road,DEFEATED,TN,37145,Gregory.M.Jones@mailinator.com,615-774-0145
Concepcion,Thomson,1787 Buckhannan Avenue,Syracuse,NY,13224,Concepcion.T.Thomson@trashymail.com,315-480-9995
Dwayne,Brown,2798 Camel Back Road,Tulsa,OK,74145,Dwayne.S.Brown@pookmail.com,918-669-2320
Deborah,Smith,4207 Locust Court,Long Beach,CA,90805,Deborah.T.Smith@dodgit.com,562-423-4916
May,Samson,4390 Bryan Street,Burlington,NC,27215,May.A.Samson@dodgit.com,336-228-2351
Richard,Garrison,3372 Randall Drive,MOANALUA,HI,96819,Richard.B.Garrison@pookmail.com,808-861-2440
Elizabeth,Posey,3444 Farland Street,Chicago,IL,60631,Elizabeth.A.Posey@trashymail.com,773-934-5450
Amy,Yan,282 Grant View Drive,Milwaukee,WI,53207,Amy.W.Yan@spambob.com,414-482-3357
Norma,Diaz,1427 Payne Street,Cypress,TX,77429,Norma.F.Diaz@spambob.com,281-213-4375
Erin,Mcauley,461 Short Street,Austin,TX,78741,Erin.R.Mcauley@trashymail.com,512-965-8622
Theresa,Velez,1857 C Street,MEDFIELD,MA,02052,Theresa.S.Velez@mailinator.com,508-359-4361
Jean,Clark,816 Black Oak Hollow Road,San Jose,CA,95113,Jean.J.Clark@spambob.com,408-817-9395
Richard,Deckard,1469 B Street,Minneapolis,MN,55402,Richard.S.Deckard@spambob.com,651-555-3734
Julio,Melton,540 Ella Street,Mountain View,CA,94041,Julio.M.Melton@mailinator.com,650-210-2724
Aracely,Barras,694 Abner Road,Almond,WI,54909,Aracely.D.Barras@pookmail.com,715-366-8092
Jamie,Robertson,270 Melody Lane,KILMARNOCK,VA,22482,Jamie.W.Robertson@trashymail.com,804-435-9150
Cecilia,Pierce,2230 Pyramid Valley Road,Cedar Rapids,IA,52401,Cecilia.V.Pierce@pookmail.com,319-651-2072
John,Crisp,4799 Willow Oaks Lane,Lafayette,LA,70507,John.C.Crisp@spambob.com,337-335-4410
Ruth,Talley,3332 South Street,Big Spring,TX,79720,Ruth.A.Talley@mailinator.com,432-714-7896
Jimmie,Meza,3938 Primrose Lane,POYNETTE,WI,53955,Jimmie.S.Meza@spambob.com,608-635-1302
James,Underhill,4430 Five Points,Baltimore,MD,21231,James.J.Underhill@dodgit.com,443-287-5033
Grace,Temple,573 Mulberry Lane,West Palm Beach,FL,33404,Grace.J.Temple@spambob.com,561-844-8330
Hazel,Gulledge,2540 Mutton Town Road,Seattle,WA,98101,Hazel.D.Gulledge@mailinator.com,360-680-9164
Harriet,Shires,3482 Elk Street,Anaheim,CA,92805,Harriet.R.Shires@dodgit.com,949-734-6915
Kathy,Jordan,1526 Hope Street,Portland,OR,97230,Kathy.W.Jordan@pookmail.com,971-409-5798
Erma,Patterson,2650 Poe Road,Houston,TX,77027,Erma.J.Patterson@spambob.com,832-987-4732
Carolyn,Brady,1532 Willison Street,Golden Valley,MN,55427,Carolyn.W.Brady@dodgit.com,763-279-0462
Jennifer,Richardson,4319 Sugar Camp Road,Owatonna,MN,55060,Jennifer.R.Richardson@dodgit.com,507-499-5041
Jeremy,Heise,2716 Southside Lane,Los Angeles,CA,90044,Jeremy.C.Heise@trashymail.com,323-778-6363
James,Warren,3268 Jerry Dove Drive,Bluffton,SC,29910,James.R.Warren@mailinator.com,843-505-2359
Terry,Barrett,294 Eagle Lane,Warren,MN,56762,Terry.S.Barrett@pookmail.com,218-745-3880
James,Hall,1447 Kembery Drive,Oak Brook,IL,60523,James.N.Hall@trashymail.com,630-573-8320
Thomas,Gough,4155 Bastin Drive,Philadelphia,PA,19108,Thomas.M.Gough@spambob.com,484-654-4149
Frank,Irvin,481 Ashmor Drive,DETROIT LAKES,MN,56501,Frank.E.Irvin@trashymail.com,218-298-5912
Denise,Bell,4732 Ocala Street,Apopka,FL,32703,Denise.L.Bell@trashymail.com,407-464-9866
Christina,York,3869 Lang Avenue,VERNAL,UT,84078,Christina.K.York@spambob.com,435-828-2580
Dawn,Warner,979 Eagle Street,CARTERVILLE,IL,62918,Dawn.J.Warner@dodgit.com,618-353-3421
Eleanor,Brittain,1120 Jewell Road,Minneapolis,MN,55406,Eleanor.J.Brittain@pookmail.com,612-770-9204
Jonathan,Grimsley,589 Bell Street,New York,NY,10004,Jonathan.J.Grimsley@pookmail.com,212-250-2530
Robert,Bond,3548 Burke Street,Cambridge,MA,02141,Robert.G.Bond@spambob.com,781-241-0171
Mary,West,4291 Hope Street,Lancaster,TX,75146,Mary.J.West@trashymail.com,972-218-3328
Jami,Dibble,4584 Richards Avenue,Stockton,CA,95219,Jami.T.Dibble@pookmail.com,209-917-9727
Jewell,Collins,3947 Jacobs Street,Crafton,PA,15205,Jewell.D.Collins@trashymail.com,412-317-5688
Norma,Kelley,2604 Lochmere Lane,Stamford,CT,06902,Norma.P.Kelley@pookmail.com,860-398-0765
Katina,Ball,3096 Glenwood Avenue,Brook Park,OH,44142,Katina.M.Ball@spambob.com,216-265-6555
Olga,Matney,2195 Goodwin Avenue,Walla Walla,WA,99362,Olga.C.Matney@trashymail.com,509-341-4127
Dorothy,Higa,3125 Mesa Drive,Las Vegas,NV,89101,Dorothy.E.Higa@trashymail.com,702-377-6379
Aurelia,King,3334 Kyle Street,Grand Island,NE,68801,Aurelia.A.King@pookmail.com,308-385-0296
Justin,Johnson,2130 Blue Spruce Lane,WESTMINSTER,MD,21157,Justin.E.Johnson@trashymail.com,410-386-5362
Steven,Hensley,3478 Rose Avenue,New Orleans,LA,70139,Steven.V.Hensley@mailinator.com,504-224-3918
Robert,Prince,4657 Moonlight Drive,Camden,NJ,08102,Robert.S.Prince@dodgit.com,609-578-8956
George,Hom,4259 Main Street,Tukwila,WA,98168,George.D.Hom@mailinator.com,425-671-1994
Kathleen,Ford,2597 Cunningham Court,Troy,MI,48084,Kathleen.P.Ford@spambob.com,248-655-5564
Richard,Hooks,2516 West Virginia Avenue,Albany,NY,12207,Richard.D.Hooks@dodgit.com,518-972-4107
Samantha,Vazquez,2478 Duke Lane,KEYPORT,NJ,07735,Samantha.T.Vazquez@spambob.com,732-739-3164
Donna,Duarte,3927 Hurry Street,Roanoke,VA,24011,Donna.C.Duarte@pookmail.com,540-309-3886
Doris,Coleman,1811 Washburn Street,Baton Rouge,LA,70806,Doris.D.Coleman@pookmail.com,225-304-6233
Kristina,Ferrell,1482 Williams Mine Road,Elmsford,NJ,10523,Kristina.R.Ferrell@dodgit.com,908-296-4693
Francis,Koons,311 Oakway Lane,Los Angeles,CA,90017,Francis.M.Koons@mailinator.com,818-290-9622
Maureen,Watson,2034 Wilson Street,HESPERIA,CA,92345,Maureen.C.Watson@trashymail.com,760-947-7288
Daniel,Gutierrez,4902 D Street,Southfield,MI,48075,Daniel.K.Gutierrez@trashymail.com,586-529-3426
Daisy,Dilday,4556 Alfred Drive,Brooklyn,NY,11204,Daisy.J.Dilday@spambob.com,718-236-3408
Kathy,Askew,4476 Roosevelt Wilson Lane,FULLERTON,CA,93632,Kathy.A.Askew@trashymail.com,909-851-3498
Melinda,Roach,3105 Davis Avenue,Fremont,CA,94539,Melinda.M.Roach@dodgit.com,707-672-2325
Richard,Mabry,961 Mill Street,Greenville,SC,29615,Richard.L.Mabry@mailinator.com,864-266-8109
Rickey,Hamilton,3458 Goff Avenue,Grand Rapids,MI,49503,Rickey.L.Hamilton@dodgit.com,269-547-4387
Terri,Yancy,3441 Windy Ridge Road,Fort Wayne,IN,46802,Terri.B.Yancy@dodgit.com,260-461-5527
Alice,Remmers,2276 Orchard Street,APPLE VALLEY,MN,55124,Alice.C.Remmers@trashymail.com,952-891-4408
Dana,Henshaw,2309 Davis Place,Springfield,MO,65804,Dana.M.Henshaw@mailinator.com,417-988-8574
Betty,Prather,2145 Sunny Glen Lane,Cleveland,OH,44114,Betty.A.Prather@spambob.com,216-816-7000
Michael,Foote,953 Orphan Road,Appleton,WI,54913,Michael.J.Foote@pookmail.com,715-905-1793
Barbara,Knight,3388 Chapmans Lane,ZUNI,NM,87327,Barbara.R.Knight@dodgit.com,505-782-7701
Miguel,Judge,481 Steve Hunt Road,Miami,FL,33128,Miguel.K.Judge@trashymail.com,305-748-8003
Brian,Estrada,3505 Chardonnay Drive,CASTLE ROCK,WA,98611,Brian.C.Estrada@dodgit.com,360-274-9011
Michael,Hill,3488 Payne Street,SUGAR LAND,TX,77487,Michael.T.Hill@spambob.com,281-240-8948
Leann,Hall,1188 Wescam Court,Reno,NV,89501,Leann.K.Hall@dodgit.com,775-871-4464
Josephine,Byrne,4432 South Street,Kermit,TX,79745,Josephine.R.Byrne@spambob.com,432-586-9675
Angela,Singleton,2346 Walkers Ridge Way,Downers Grove,IL,60515,Angela.L.Singleton@spambob.com,630-241-8038
Priscilla,Williams,654 Radford Street,Louisville,KY,40299,Priscilla.H.Williams@spambob.com,502-345-0705
Harry,Mullin,4762 Mahlon Street,HOLMDEL,NJ,07733,Harry.E.Mullin@spambob.com,732-946-0876
Christopher,Quiroz,374 Burnside Avenue,KANAB,UT,84741,Christopher.L.Quiroz@dodgit.com,435-644-3545
James,Thrash,2118 Mount Street,Saginaw,MI,48607,James.S.Thrash@pookmail.com,989-579-4306
Edgar,Glover,3161 Round Table Drive,Cincinnati,OH,45202,Edgar.A.Glover@spambob.com,513-773-9357
Rene,Gaffney,1342 Collins Street,Tampa,FL,33634,Rene.S.Gaffney@dodgit.com,813-810-8079
Ernestine,Vankirk,3684 Marcus Street,Huntsville,AL,35802,Ernestine.S.Vankirk@mailinator.com,256-588-6614
David,Wilson,3837 Elmwood Avenue,Scottsdale,AZ,85251,David.M.Wilson@spambob.com,480-949-8864
Katherine,Defreitas,2960 Jerome Avenue,Harlingen,TX,78550,Katherine.R.Defreitas@mailinator.com,956-306-5866
Bennie,Goslin,4337 Berkshire Circle,Knoxville,TN,37918,Bennie.R.Goslin@spambob.com,865-688-1618
Mireya,Sears,759 Ella Street,Menlo Park,CA,94025,Mireya.T.Sears@spambob.com,650-234-8223
Gordon,Ramon,685 Seth Street,COLEMAN,TX,76834,Gordon.D.Ramon@spambob.com,325-625-6907
Peggy,Kimes,1405 Felosa Drive,Los Angeles,CA,90017,Peggy.R.Kimes@mailinator.com,323-988-5548
Saul,Ellison,4739 Dogwood Lane,Tucson,AZ,85704,Saul.J.Ellison@mailinator.com,520-712-6778
John,Knight,801 Aviation Way,Pomona,CA,91766,John.J.Knight@trashymail.com,213-807-6308
Stephen,Larsen,1499 Still Street,Kenton,OH,43326,Stephen.J.Larsen@spambob.com,419-673-8258
Joshua,Cardenas,1206 Sunny Day Drive,Huntington Beach,CA,92647,Joshua.M.Cardenas@mailinator.com,714-841-5654
Peter,Hill,367 Frum Street,Nashville,TN,37212,Peter.H.Hill@spambob.com,615-269-4315
Robyn,Faulk,2631 Hall Place,Athens,TX,75751,Robyn.L.Faulk@pookmail.com,903-676-9135
William,Miller,2156 Straford Park,HAROLD,KY,41635,William.L.Miller@dodgit.com,606-569-1949
Ronald,Goldstein,2775 Ryder Avenue,Kent,WA,98032,Ronald.H.Goldstein@spambob.com,425-284-8569
Warren,Bryan,1873 Junkins Avenue,PARROTT,GA,31777,Warren.M.Bryan@spambob.com,229-623-1507
Susan,Comacho,2678 Midway Road,Rogers,AR,72756,Susan.K.Comacho@mailinator.com,479-619-3399
Henrietta,Baysinger,1174 Freshour Circle,San Antonio,TX,78205,Henrietta.J.Baysinger@spambob.com,210-271-7039
Joseph,Weeden,1155 Glenwood Avenue,Independence,OH,44131,Joseph.H.Weeden@pookmail.com,216-326-5056
Judith,Goin,678 Callison Lane,Wilmington,DE,19801,Judith.A.Goin@dodgit.com,302-498-4132
Michael,Russell,4277 Mcwhorter Road,Belmont,MS,38827,Michael.A.Russell@spambob.com,662-454-2245
Raquel,Krajewski,2534 Glendale Avenue,Los Angeles,CA,90071,Raquel.D.Krajewski@spambob.com,818-627-1876
Mary,Tapp,793 State Street,Livonia,MI,48150,Mary.E.Tapp@dodgit.com,313-937-6339
Roger,Allen,2865 Friendship Lane,Concord,CA,94520,Roger.F.Allen@mailinator.com,408-644-0885
Laura,Schultz,2107 John Avenue,Jackson,MI,49201,Laura.H.Schultz@dodgit.com,517-784-7847
Thomas,Williams,3058 Asylum Avenue,PROSPECT,CT,06712,Thomas.J.Williams@dodgit.com,203-758-9879
Sylvia,Sanderson,1318 Patterson Road,Brooklyn,NY,11221,Sylvia.V.Sanderson@spambob.com,718-919-1004
Gregory,Roe,2350 Diane Street,Santa Barbara,CA,93101,Gregory.K.Roe@mailinator.com,805-478-4383
Robert,Rojas,1879 Lewis Street,Chicago,IL,60606,Robert.A.Rojas@mailinator.com,630-912-0517
Linda,Grace,4464 Charles Street,Livonia,MI,48150,Linda.R.Grace@mailinator.com,734-466-4926
Pamela,Arena,3007 Walnut Street,Jackson,MS,39201,Pamela.V.Arena@pookmail.com,601-608-0437
Morgan,Durham,3638 Wakefield Street,Churchville,PA,18966,Morgan.L.Durham@pookmail.com,215-396-9041
Dawn,Moore,4971 Goldcliff Circle,Washington,DC,20019,Dawn.E.Moore@trashymail.com,202-582-7051
Jesse,Grigsby,483 Gregory Lane,Louisville,KY,40299,Jesse.D.Grigsby@dodgit.com,502-558-4057
Martin,Jeffcoat,4289 Steve Hunt Road,Miami,FL,33196,Martin.V.Jeffcoat@trashymail.com,305-752-5925
Christina,Morris,4112 Pearlman Avenue,QUINCY,MA,02169,Christina.R.Morris@dodgit.com,978-285-8217
David,Muniz,3897 Ritter Street,Huntsville,AL,35816,David.M.Muniz@trashymail.com,256-270-7875
Pam,Wood,2011 Poe Lane,KANSAS CITY,KS,66215,Pam.S.Wood@pookmail.com,913-588-0415
Jacqueline,Le,1632 Southern Street,ROSLYN,NY,11576,Jacqueline.R.Le@mailinator.com,516-629-3284
Ernest,Geer,2185 Collins Avenue,Westerville,OH,43081,Ernest.A.Geer@dodgit.com,614-774-1137
Candace,Carter,4918 Brooke Street,Houston,TX,77026,Candace.V.Carter@dodgit.com,713-629-2990
Margaret,Nguyen,3825 Roy Alley,Centennial,CO,80112,Margaret.T.Nguyen@mailinator.com,303-961-4566
Emma,Wilson,4306 Fancher Drive,Dallas,TX,75219,Emma.M.Wilson@pookmail.com,214-252-2113
Lucy,West,3132 Bottom Lane,Fredonia,NY,14063,Lucy.J.West@spambob.com,716-672-0283
Raymond,Carlberg,3887 Sundown Lane,Austin,TX,78759,Raymond.D.Carlberg@dodgit.com,512-242-0688
Lawrence,Bucher,12 Saint Clair Street,Cleveland,MS,38732,Lawrence.E.Bucher@mailinator.com,662-579-7148
Glenn,Kennedy,4066 Coal Street,ALTOONA,PA,16601,Glenn.K.Kennedy@spambob.com,814-386-3159
Hans,Schulte,12 Coburn Hollow Road,HENRY,IL,61537,Hans.K.Schulte@spambob.com,309-363-3182
Alfred,Ohara,3535 Ridenour Street,Miami,FL,33128,Alfred.J.Ohara@trashymail.com,786-250-1553
Noah,Silverman,1752 Goodwin Avenue,MOSES LAKE,WA,98837,Noah.S.Silverman@pookmail.com,509-361-1485
Heath,Pruett,1583 Bedford Street,STAMFORD,CT,06901,Heath.K.Pruett@spambob.com,203-921-3432
Kathy,Cope,1212 Lake Floyd Circle,REHOBOTH BEACH,DE,19971,Kathy.H.Cope@dodgit.com,302-226-4295
Deborah,Hinton,891 Prospect Street,Camden,NJ,08102,Deborah.T.Hinton@spambob.com,856-603-8477
Joseph,Hansen,2562 Dovetail Estates,Clinton,OK,73601,Joseph.M.Hansen@dodgit.com,580-865-7529
Martha,Cleek,264 Timberbrook Lane,Greeley,CO,80631,Martha.A.Cleek@mailinator.com,970-378-7429
Thomas,Webb,2820 Biddie Lane,Richmond,VA,23219,Thomas.S.Webb@mailinator.com,804-591-6389
Jesus,Jamerson,1462 Ferry Street,Huntsville,AL,35802,Jesus.N.Jamerson@trashymail.com,256-754-1856
Charles,Jones,3510 Johnstown Road,Deerfield,IL,60015,Charles.R.Jones@dodgit.com,847-374-2254
Carol,Studebaker,1180 Fieldcrest Road,Bohemia,NY,11716,Carol.B.Studebaker@dodgit.com,631-974-8035
Marni,Parrish,109 Farland Avenue,Pleasanton,TX,78064,Marni.L.Parrish@trashymail.com,830-569-6605
Kim,Payne,2654 Maple Avenue,Coeur D Alene,ID,83814,Kim.D.Payne@dodgit.com,208-946-2403
Chris,Lee,1340 Pallet Street,West Nyack,NY,10994,Chris.B.Lee@trashymail.com,914-406-7081
David,Rowe,2068 Baker Avenue,Fort Worth,TX,76102,David.E.Rowe@spambob.com,817-882-4119
Annie,Unruh,3545 Sycamore Road,Eugene,OR,97401,Annie.H.Unruh@trashymail.com,541-405-6958
Kathleen,Nelson,4250 Rowes Lane,CLINTON,KY,42031,Kathleen.J.Nelson@dodgit.com,270-653-5375
Deborah,Lindsay,2779 Canis Heights Drive,Los Angeles,CA,90071,Deborah.A.Lindsay@dodgit.com,213-630-7315
Emily,Brown,258 Caynor Circle,Red Bank,NJ,07701,Emily.A.Brown@dodgit.com,908-491-5184
Reginald,Hebert,1551 Joyce Street,CASTLEBERRY,AL,36432,Reginald.E.Hebert@trashymail.com,251-966-7793
Maria,Worrell,1018 Orphan Road,Eau Claire,WI,54701,Maria.M.Worrell@mailinator.com,715-912-5257
Arthur,Novoa,1779 Southern Street,New York,NY,10001,Arthur.N.Novoa@mailinator.com,516-720-8435
Nannette,James,4785 Rhapsody Street,Gainesville,FL,32601,Nannette.T.James@pookmail.com,352-367-8425
Joaquin,James,3862 Dovetail Drive,Arlington Heights,IL,60005,Joaquin.P.James@trashymail.com,847-313-1874
Carol,Sanders,4702 Pointe Lane,Pompano Beach,FL,33062,Carol.A.Sanders@dodgit.com,954-876-4359
Carl,Malone,1478 Willow Greene Drive,MONTGOMERY,AL,36117,Carl.D.Malone@pookmail.com,334-301-6327
Lillie,Torres,2360 Tree Top Lane,Philadelphia,PA,19108,Lillie.V.Torres@pookmail.com,610-312-1489
Amber,Bender,2063 Timber Ridge Road,Rancho Cordova,CA,95742,Amber.B.Bender@mailinator.com,916-779-5020
Kevin,Sampson,4402 Rainbow Road,Rosemead,CA,91770,Kevin.M.Sampson@mailinator.com,626-280-5875
Linda,Myers,1198 Radford Street,Louisville,KY,40202,Linda.S.Myers@dodgit.com,502-318-6157
Arvilla,Lopez,4 Fowler Avenue,Newnan,GA,30263,Arvilla.B.Lopez@pookmail.com,770-254-2724
Geraldine,Robinson,3077 Tetrick Road,Sebring,FL,33870,Geraldine.J.Robinson@pookmail.com,863-382-5098
Jeffery,Martucci,3929 Mulberry Avenue,North Little Rock,AR,72114,Jeffery.P.Martucci@dodgit.com,501-348-8236
William,Goldman,184 University Street,VASHON,WA,98070,William.S.Goldman@pookmail.com,206-463-3111
Johnathan,Purdy,2046 Long Street,Gainesville,FL,32641,Johnathan.S.Purdy@mailinator.com,352-280-1592
Ruth,Taylor,2135 Polk Street,Tucson,AZ,85716,Ruth.J.Taylor@trashymail.com,520-874-6923
Ronald,Galan,3024 Fairmont Avenue,CLIFTON HILL,MO,65244,Ronald.N.Galan@dodgit.com,660-261-1660
Jennifer,Gray,1840 Brown Street,San Francisco,CA,94107,Jennifer.R.Gray@trashymail.com,925-951-3184
Calvin,Call,4770 Hope Street,Portland,OR,97209,Calvin.J.Call@spambob.com,971-285-1702
Norman,Snyder,2060 Maloy Court,Topeka,KS,66608,Norman.P.Snyder@pookmail.com,785-431-5834
David,Kramer,192 Hartland Avenue,MAPLETON,WI,53066,David.M.Kramer@trashymail.com,920-355-6923
Scott,Corrales,4268 Fairway Drive,Vacaville,CA,95688,Scott.J.Corrales@dodgit.com,707-446-5437
Gertrude,Mccaa,318 Colony Street,Wallingford,CT,06492,Gertrude.R.Mccaa@pookmail.com,203-247-8887
Jerry,White,465 Riverwood Drive,SACRAMENTO,CA,95814,Jerry.G.White@trashymail.com,530-329-0185
Heriberto,Backlund,3763 Still Pastures Drive,COLUMBIA,SC,29210,Heriberto.M.Backlund@trashymail.com,803-468-5648
Regina,Scribner,2969 Columbia Boulevard,GLENWOOD,MD,21738,Regina.J.Scribner@mailinator.com,410-489-3021
Cary,Lopez,2176 Stout Street,Fawn Grove,PA,17321,Cary.B.Lopez@pookmail.com,717-382-7208
Carol,Sanchez,1266 Rosewood Court,Mankato,MN,56001,Carol.R.Sanchez@pookmail.com,507-344-5778
Scott,Lockard,4918 Camden Place,Charleston,SC,29407,Scott.S.Lockard@dodgit.com,843-852-2245
Tanya,Klaus,1718 Parkway Street,Thousand Palms,CA,92276,Tanya.R.Klaus@trashymail.com,760-343-3933
Frances,Mangrum,3673 Locust Court,Pomona,CA,91766,Frances.J.Mangrum@trashymail.com,562-398-5254
Cary,Jenson,357 Hart Ridge Road,Alma,MI,48801,Cary.M.Jenson@spambob.com,989-265-4299
Young,Mosely,1913 Linda Street,Reston,PA,20191,Young.S.Mosely@dodgit.com,267-829-8846
Leo,Bryant,69 Swick Hill Street,CHARLOTTE,NC,28263,Leo.K.Bryant@mailinator.com,980-241-9579
Christine,Moore,1540 Haymond Rocks Road,Eugene,OR,97401,Christine.M.Moore@trashymail.com,541-513-7573
Gloria,Ortiz,1540 Robinson Court,Bay City,MI,48706,Gloria.T.Ortiz@mailinator.com,989-513-7540
Ivan,Harris,1752 Gorby Lane,Mccomb,MS,39648,Ivan.C.Harris@pookmail.com,601-233-1470
Raymond,Wynn,386 Cameron Road,Buffalo,NY,14214,Raymond.H.Wynn@mailinator.com,716-404-9197
Irma,Roberts,1852 Cemetery Street,Salinas,CA,93901,Irma.M.Roberts@mailinator.com,831-920-3650
Gretchen,Deville,3441 Owen Lane,Fort Myers,FL,33905,Gretchen.D.Deville@mailinator.com,239-200-8851
Hattie,Rasco,66 Summit Park Avenue,FLINT,MI,48548,Hattie.L.Rasco@trashymail.com,248-955-8976
Pamela,Galindo,2384 New York Avenue,City Of Commerce,CA,90040,Pamela.B.Galindo@dodgit.com,818-207-8200
Jacqueline,Ceaser,4132 Traction Street,Spartanburg,SC,29302,Jacqueline.C.Ceaser@dodgit.com,864-582-8317
Hector,Mcdonald,4331 Medical Center Drive,Venice,FL,34285,Hector.M.Mcdonald@mailinator.com,941-488-7154
Kenneth,Rudolph,536 Spadafore Drive,Erie,PA,16509,Kenneth.G.Rudolph@spambob.com,814-823-9311
Debra,Morris,1247 Villa Drive,Plymouth,IN,46563,Debra.K.Morris@dodgit.com,574-540-5544
Marian,Cope,127 Washburn Street,Baton Rouge,LA,70802,Marian.R.Cope@spambob.com,225-285-4232
Wanda,Gantt,715 Davis Avenue,TRINIDAD,CA,95570,Wanda.P.Gantt@spambob.com,707-677-1896
Lawrence,Holloway,1045 Columbia Road,Greenwood Village,CO,80111,Lawrence.S.Holloway@mailinator.com,303-208-8376
Jacob,Rhoades,1560 Hillview Street,Columbia,SC,29210,Jacob.B.Rhoades@dodgit.com,803-798-0817
Martha,Crystal,4980 Pringle Drive,Chicago,IL,60606,Martha.J.Crystal@trashymail.com,312-357-0159
Laurene,Crafton,1103 Dale Avenue,KENT,WA,98031,Laurene.E.Crafton@dodgit.com,253-850-9908
Laurie,Tillman,1364 State Street,Detroit,MI,48226,Laurie.D.Tillman@dodgit.com,313-964-0640
Barbara,Cook,3895 Green Gate Lane,ODENTON,MD,21113,Barbara.J.Cook@mailinator.com,443-734-3724
Teresa,Birch,3406 Tanglewood Road,Jackson,MS,39202,Teresa.K.Birch@spambob.com,662-921-6390
Charlotte,Parisi,2575 Carter Street,Olney,IL,62450,Charlotte.S.Parisi@pookmail.com,618-843-8465
Mary,Pound,3259 Agriculture Lane,Miami,FL,33179,Mary.D.Pound@dodgit.com,305-209-7473
Larry,Walker,4125 Philadelphia Avenue,Murray,UT,84107,Larry.K.Walker@mailinator.com,801-267-7578
Bailey,Taylor,3769 Taylor Street,Scarsdale,NY,10583,Bailey.E.Taylor@dodgit.com,914-721-4739
Alice,Capp,691 Zimmerman Lane,Los Angeles,CA,90071,Alice.L.Capp@mailinator.com,213-554-1007
Josephine,Marion,2983 Maple Lane,MORGAN CITY,AL,35016,Josephine.E.Marion@spambob.com,256-471-1210
Sharon,Morgan,4717 Villa Drive,SOUTH BEND,IN,46625,Sharon.R.Morgan@dodgit.com,574-356-4887
Dorothy,Aguirre,2140 Grand Avenue,Orlando,FL,32801,Dorothy.D.Aguirre@trashymail.com,407-781-2603
Ingeborg,Brown,4861 Ashcraft Court,CHULA VISTA,CA,92010,Ingeborg.L.Brown@pookmail.com,619-425-1972
Brandon,Moody,4707 Neuport Lane,Atlanta,GA,30303,Brandon.L.Moody@mailinator.com,770-330-1197
Amalia,Ford,2178 Jail Drive,OQUAWKA,IL,61469,Amalia.T.Ford@dodgit.com,309-867-5541
Jesse,Garcia,2377 Northwest Boulevard,Jersey City,NJ,07304,Jesse.R.Garcia@mailinator.com,201-988-2107
Kent,Robertson,4728 Hott Street,Oklahoma City,OK,73102,Kent.W.Robertson@dodgit.com,405-641-3298
Rosaline,Branham,696 Pointe Lane,Pompano Beach,FL,33069,Rosaline.R.Branham@dodgit.com,954-960-7022
Brian,Swanson,3550 Carriage Lane,Scranton,PA,18503,Brian.E.Swanson@trashymail.com,570-273-1005
Charles,Melvin,1522 Collins Street,Tampa,FL,33614,Charles.S.Melvin@mailinator.com,813-857-9975
Courtney,Alvarez,3846 Thompson Street,Los Angeles,CA,90017,Courtney.C.Alvarez@spambob.com,562-567-3778
William,Huffman,2963 Bloomfield Way,Westbrook,ME,04092,William.B.Huffman@trashymail.com,207-632-7969
Ronnie,Stewart,3924 Clement Street,Norcross,GA,30092,Ronnie.E.Stewart@mailinator.com,404-422-4867
Ralph,Wallace,2552 Warner Street,Miami,FL,33179,Ralph.C.Wallace@pookmail.com,305-986-7666
Gloria,Stapleton,3863 Johnson Street,Raleigh,NC,27604,Gloria.M.Stapleton@spambob.com,919-862-5005
Dennis,Pollack,1912 Boundary Street,ORANGE PARK,FL,32073,Dennis.S.Pollack@mailinator.com,904-682-7326
John,Fitzpatrick,4066 Meadow Drive,GREAT FALLS,MT,59405,John.R.Fitzpatrick@dodgit.com,406-217-8664
Melissa,Rivera,1324 Pooh Bear Lane,BLACKSBURG,SC,29702,Melissa.J.Rivera@pookmail.com,864-839-2680
Kacie,Rojas,836 Maxwell Street,Stamford,CT,06902,Kacie.D.Rojas@spambob.com,860-777-0308
Daniel,Haynes,4520 Reel Avenue,Las Cruces,NM,88001,Daniel.D.Haynes@mailinator.com,505-313-2151
Preston,Burton,4664 Biddie Lane,Richmond,VA,23220,Preston.K.Burton@mailinator.com,804-573-8910
Charles,Matlock,2701 Limer Street,Atlanta,GA,30308,Charles.A.Matlock@spambob.com,706-408-9950
Lori,Grund,268 Lucy Lane,Terre Haute,IN,47807,Lori.E.Grund@spambob.com,812-478-4910
Anthony,Petterson,3701 Gerald L. Bates Drive,Cambridge,MA,02141,Anthony.E.Petterson@mailinator.com,617-860-4225
Alan,Kramer,494 College View,STLOUIS,IL,63101,Alan.K.Kramer@mailinator.com,618-604-8857
Richard,Smith,4541 Grasselli Street,SALEM,NH,03079,Richard.M.Smith@dodgit.com,603-386-0301
Jesse,Dowdy,692 Turkey Pen Road,New York,NY,10016,Jesse.P.Dowdy@pookmail.com,917-247-0516
Willis,Smith,3760 Hickory Street,Salt Lake City,UT,84104,Willis.S.Smith@spambob.com,801-784-0000
Mario,Blair,3634 Copperhead Road,NEWINGTON,CT,06111,Mario.V.Blair@dodgit.com,860-696-4804
Lee,Payne,4977 Jarvisville Road,Hicksville,NY,11801,Lee.C.Payne@trashymail.com,516-949-7929
Ronald,Felton,1348 Bryan Avenue,Minneapolis,MN,55415,Ronald.S.Felton@trashymail.com,651-398-2842
Anthony,Day,4072 Cemetery Street,San Francisco,CA,94107,Anthony.T.Day@mailinator.com,831-706-8181
Caroline,Ball,3449 Tecumsah Lane,Shreveport,LA,71101,Caroline.P.Ball@spambob.com,318-902-4015
Leroy,Zamora,994 Davisson Street,RICHMOND,IN,47374,Leroy.S.Zamora@mailinator.com,765-960-0736
Craig,Good,4323 Cardinal Lane,Champaign,IL,61820,Craig.J.Good@spambob.com,217-265-0982
Alma,Foster,383 Cherry Camp Road,Chicago,IL,60636,Alma.H.Foster@trashymail.com,773-476-0372
Jesse,King,4325 Matthews Street,Chicago,IL,60654,Jesse.A.King@dodgit.com,815-649-2892
James,Kelly,4443 Dog Hill Lane,TOPEKA,KS,66612,James.A.Kelly@trashymail.com,785-806-8876
Janice,Tate,2420 Margaret Street,Houston,TX,77040,Janice.L.Tate@spambob.com,713-895-6709
John,Erickson,632 Scott Street,Poughkeepsie,NY,12603,John.A.Erickson@pookmail.com,845-462-4456
Barbara,Jarrett,1766 East Avenue,SCOTTSDALE,AZ,85253,Barbara.M.Jarrett@spambob.com,480-368-0627
Sharon,Erb,1415 Ryder Avenue,Kent,WA,98032,Sharon.I.Erb@dodgit.com,425-282-7628
David,Hess,4802 Leisure Lane,San Luis Obispo,CA,93401,David.G.Hess@dodgit.com,805-602-5143
Rita,Hamer,3766 Garrett Street,Grand Rapids,MI,49503,Rita.D.Hamer@trashymail.com,269-232-5632
Shirley,Hunt,4680 Hide A Way Road,Santa Clara,CA,95050,Shirley.S.Hunt@dodgit.com,408-246-1606
Tony,Mcclellan,117 Florence Street,Longview,TX,75601,Tony.A.Mcclellan@mailinator.com,903-475-0047
Sarah,Collins,3994 American Drive,Panama City,FL,32401,Sarah.M.Collins@dodgit.com,850-913-3659
Laurie,Shattuck,250 Milford Street,NORTH HAVERHILL,NH,03774,Laurie.H.Shattuck@pookmail.com,603-787-2165
Mark,Stewart,1388 Poplar Lane,Miami Springs,FL,33166,Mark.P.Stewart@trashymail.com,305-583-8447
Jose,Mendoza,2434 Trymore Road,DAKOTA,MN,55925,Jose.J.Mendoza@mailinator.com,507-643-9485
Rick,Martin,367 Arlington Avenue,MARYVILLE,TN,37801,Rick.E.Martin@pookmail.com,865-985-7656
Sam,Brown,1664 Main Street,Seattle,WA,98109,Sam.P.Brown@dodgit.com,425-677-3037
Christiana,Fiske,4413 Heritage Road,Fresno,CA,93706,Christiana.E.Fiske@dodgit.com,559-804-8748
Kenneth,Turner,3520 Marshall Street,Essex,MD,21221,Kenneth.B.Turner@pookmail.com,410-686-0187
Michele,Barnes,1806 Willow Greene Drive,Montgomery,AL,36104,Michele.R.Barnes@trashymail.com,334-219-5909
Michael,West,2824 Fairfax Drive,Ontario,CA,91762,Michael.J.West@spambob.com,909-221-3106
Mary,Sowell,4061 Whitman Court,STAMFORD,CT,06995,Mary.J.Sowell@pookmail.com,203-584-8061
Jose,Oropeza,4533 Cheshire Road,HICKSVILLE,CT,11612,Jose.M.Oropeza@mailinator.com,203-340-6704
Michael,Schaeffer,4792 Gorby Lane,FAYETTE,MS,39069,Michael.C.Schaeffer@trashymail.com,601-256-3125
James,Mendoza,3678 Haul Road,Mountain View,CA,94041,James.M.Mendoza@dodgit.com,650-934-0258
Joy,Blackman,3517 Oak Ridge Drive,MIDDLETOWN,MO,63359,Joy.M.Blackman@pookmail.com,573-549-3684
Tonia,Mcbride,4343 Lucy Lane,Evansville,IN,47714,Tonia.J.Mcbride@mailinator.com,812-476-5514
Jacqueline,Jones,2535 Coventry Court,Gulfport,MS,39501,Jacqueline.R.Jones@pookmail.com,228-246-7239
Elizabeth,Gabriel,1577 Raccoon Run,Burien,WA,98168,Elizabeth.C.Gabriel@pookmail.com,206-835-9613
Ronda,Joy,4515 Flynn Street,BEREA,OH,44017,Ronda.D.Joy@mailinator.com,440-826-8140
Carol,Jackson,1986 Elk Rd Little,Tucson,AZ,85701,Carol.C.Jackson@pookmail.com,520-205-5417
David,Dowell,3000 Stutler Lane,Altoona,PA,16601,David.S.Dowell@spambob.com,814-410-4043
Angel,Patten,941 Michigan Avenue,Pittsburgh,PA,15212,Angel.D.Patten@pookmail.com,724-634-8737
Christine,Hartley,1130 Joes Road,Albany,NY,12207,Christine.J.Hartley@pookmail.com,518-682-7231
Dylan,Casey,2878 Tennessee Avenue,Southfield,MI,48034,Dylan.R.Casey@pookmail.com,248-341-0784
Jerry,Lynch,4167 Virgil Street,Tallahassee,FL,32301,Jerry.R.Lynch@pookmail.com,850-254-0949
Deborah,Walker,1403 Todds Lane,San Antonio,TX,78212,Deborah.K.Walker@spambob.com,210-573-4715
Tina,Morgan,3510 Prospect Valley Road,Hawthorne,CA,90250,Tina.V.Morgan@mailinator.com,310-970-4722
Albert,Emanuel,4320 Leroy Lane,HAROLD,KY,41635,Albert.C.Emanuel@pookmail.com,606-243-0124
Clifford,Guy,2255 Haven Lane,Southfield,MI,48075,Clifford.M.Guy@trashymail.com,517-618-3605
Aleisha,Johnson,4657 Viking Drive,DILLONVALE,OH,43917,Aleisha.V.Johnson@trashymail.com,740-769-1862
Donna,Galvin,387 Raccoon Run,Seattle,WA,98109,Donna.A.Galvin@pookmail.com,206-810-0174
Brenda,Davis,1708 Timbercrest Road,Anchorage,AK,99503,Brenda.C.Davis@pookmail.com,907-762-7737
Holly,Cohen,491 Mandan Road,Farmington,MO,63640,Holly.K.Cohen@trashymail.com,573-783-3092
Jennifer,Peterson,2301 Windy Ridge Road,New Haven,IN,46774,Jennifer.R.Peterson@dodgit.com,260-493-4277
Vincent,Ortega,1647 Jody Road,Bangor,PA,18013,Vincent.J.Ortega@spambob.com,610-588-9868
Stephen,Cooke,445 Clarence Court,Pomona,CA,91766,Stephen.E.Cooke@pookmail.com,909-978-7332
Rachel,Moreno,1400 Sampson Street,Denver,CO,80265,Rachel.R.Moreno@mailinator.com,303-551-6600
Michael,Lawrence,1672 Pringle Drive,Chicago,IL,60606,Michael.K.Lawrence@dodgit.com,312-422-7250
Wesley,Strong,2743 Roy Alley,Centennial,CO,80112,Wesley.B.Strong@mailinator.com,303-946-0168
Laura,Roberts,3275 Norma Lane,Shreveport,LA,71101,Laura.B.Roberts@mailinator.com,318-489-0327
Elizabeth,Huddleston,2345 Jones Avenue,Greensboro,NC,27406,Elizabeth.H.Huddleston@mailinator.com,336-808-0701
John,Sutton,4409 Quilly Lane,Westerville,OH,43081,John.A.Sutton@pookmail.com,614-522-5933
Stanley,Crawford,388 Calico Drive,Coeur D Alene,WA,83814,Stanley.S.Crawford@spambob.com,509-715-6813
Daisy,Begley,2890 Elkview Drive,West Palm Beach,FL,33401,Daisy.J.Begley@spambob.com,772-453-6160
Eric,Hilliard,2932 Scott Street,WASHINGTONVILLE,NY,10992,Eric.R.Hilliard@pookmail.com,845-497-5870
Connie,Ong,327 Russell Street,WOBURN,MA,01801,Connie.B.Ong@pookmail.com,978-884-6103
Grace,Cabral,4035 New Street,Eugene,OR,97401,Grace.W.Cabral@trashymail.com,541-302-3751
Paul,Steele,4060 Waterview Lane,ALAMOGORDO,NM,88330,Paul.L.Steele@pookmail.com,505-475-2739
Nadine,Tucker,4216 Fantages Way,Norway,ME,04268,Nadine.C.Tucker@trashymail.com,207-739-9341
Bobby,Parker,4349 Oak Avenue,Rolling Meadows,IL,60008,Bobby.C.Parker@trashymail.com,847-978-3258
Walter,Hartman,2758 Broadway Avenue,Chattanooga,TN,37403,Walter.S.Hartman@mailinator.com,423-763-6795
James,Donis,3382 Cimmaron Road,Anaheim,CA,92806,James.J.Donis@mailinator.com,714-632-1056
Heather,Peterson,2743 B Street,STILLWATER,MN,55082,Heather.R.Peterson@mailinator.com,651-491-8847
Jay,Zank,3709 Nixon Avenue,Toledo,OH,43609,Jay.V.Zank@spambob.com,419-956-8237
Shauna,Grant,812 Barnes Avenue,Cincinnati,OH,45217,Shauna.H.Grant@mailinator.com,513-627-6923
Jack,Washington,4384 Steve Hunt Road,Miami,FL,33179,Jack.A.Washington@mailinator.com,305-797-6269
Sharon,Thibodeau,3585 Andy Street,WILMOT,SD,57279,Sharon.M.Thibodeau@trashymail.com,605-434-6039
Andrew,Loden,358 Pallet Street,New York,NY,10011,Andrew.A.Loden@pookmail.com,914-407-4037
Hanna,Garcia,4847 Harvest Lane,Palmdale,CA,93550,Hanna.W.Garcia@pookmail.com,661-233-8176
Myrtle,Berg,353 Dogwood Lane,Tucson,AZ,85701,Myrtle.J.Berg@spambob.com,520-727-8545
Elsie,Shannon,375 Garfield Road,SHERRARD,IL,61281,Elsie.B.Shannon@pookmail.com,309-593-1368
Jason,Jenkins,4004 Park Street,San Jose,CA,95110,Jason.S.Jenkins@dodgit.com,925-415-5944
Cynthia,Judd,3672 Mulberry Lane,Jupiter,FL,33458,Cynthia.J.Judd@dodgit.com,561-744-0949
Grace,Li,4792 Public Works Drive,FALL BRANCH,TN,37656,Grace.D.Li@dodgit.com,423-348-6908
Ida,Torres,4072 Ashton Lane,Austin,TX,78701,Ida.D.Torres@dodgit.com,512-482-8219
Mary,Hartman,2033 Sycamore Lake Road,MENASHA,WI,54952,Mary.J.Hartman@dodgit.com,920-428-7512
Alfred,Ridenour,3754 Charack Road,Bedford,IN,47421,Alfred.B.Ridenour@pookmail.com,812-278-8711
Luz,Taylor,598 Tennessee Avenue,SOUTHFIELD,MI,48075,Luz.D.Taylor@spambob.com,248-295-3442
Tonya,Jones,3479 Drummond Street,BLOOMFIELD,NJ,07003,Tonya.L.Jones@mailinator.com,973-281-8117
Darrell,Mims,2550 Pheasant Ridge Road,Philadelphia,PA,19103,Darrell.J.Mims@spambob.com,215-562-2882
Janelle,Parsons,2964 Bird Street,Silver City,NM,88061,Janelle.K.Parsons@pookmail.com,505-534-8100
Leslie,Mckinney,1082 Spinnaker Lane,Chicago,IL,60654,Leslie.N.Mckinney@spambob.com,815-665-9964
Judith,Fulks,1810 Scott Street,Poughkeepsie,NY,12601,Judith.B.Fulks@mailinator.com,845-449-4816
Carol,Machuca,571 Quarry Drive,DOTHAN,AL,36303,Carol.S.Machuca@spambob.com,334-816-0068
Jose,Gill,3354 Old House Drive,Summerfield,OH,43788,Jose.J.Gill@pookmail.com,740-838-9561
Michael,Johnson,2111 Pearl Street,SACRAMENTO,CA,95814,Michael.L.Johnson@dodgit.com,916-325-1348
Patricia,Smock,92 Drummond Street,NEW BRUNSWICK,NJ,08901,Patricia.M.Smock@mailinator.com,973-315-2840
Jennifer,Lewis,2719 Ash Street,Dallas,TX,75204,Jennifer.L.Lewis@mailinator.com,972-839-0297
Viva,Shepard,4023 Ridge Road,HOPE,KS,67451,Viva.F.Shepard@trashymail.com,620-787-7688
Sondra,Crow,4929 Ashmor Drive,E GRAND FORKS,MN,58201,Sondra.R.Crow@pookmail.com,218-230-6069
Kim,Lehman,4984 Brown Street,Walnut Creek,CA,94596,Kim.A.Lehman@dodgit.com,925-938-6430
James,Diaz,3241 Mill Street,Greenville,SC,29601,James.B.Diaz@mailinator.com,864-215-0800
Sheri,Peak,589 Ralph Drive,Lorain,OH,44052,Sheri.M.Peak@dodgit.com,440-288-3919
Chad,Holley,3794 Griffin Street,Phoenix,AZ,85012,Chad.J.Holley@spambob.com,602-260-1593
Michelle,Ward,4365 Farland Avenue,San Antonio,TX,78218,Michelle.G.Ward@pookmail.com,830-549-1644
Frederick,Smith,443 Briarwood Road,SPRINGFIELD,MO,65806,Frederick.E.Smith@pookmail.com,417-864-2885
Cindy,Glasgow,2901 Lakeland Park Drive,NORCROSS,GA,30091,Cindy.J.Glasgow@spambob.com,770-596-5985
Jimmy,Clark,633 Lakewood Drive,PISCATAWAY,NJ,08854,Jimmy.M.Clark@pookmail.com,201-890-3263
Stanley,Cervantes,2098 Bicetown Road,New York,NY,10022,Stanley.H.Cervantes@pookmail.com,917-367-3700
Jessica,Anderson,2748 Barrington Court,Pine Bluff,AR,71602,Jessica.J.Anderson@trashymail.com,870-592-3287
Walter,Galloway,681 Walton Street,SALT LAKE CITY,UT,84111,Walter.V.Galloway@spambob.com,801-437-0487
John,Jefferson,4055 Jehovah Drive,Winchester,VA,22601,John.L.Jefferson@mailinator.com,540-450-1274
Brenda,Foster,3267 Beechwood Drive,Coraopolis,PA,15108,Brenda.V.Foster@mailinator.com,412-264-7621
Joan,Atkins,61 Raver Croft Drive,Chattanooga,TN,37403,Joan.R.Atkins@mailinator.com,423-618-7532
Sharon,Devries,4996 Birch Street,Greenwood,IN,46142,Sharon.C.Devries@trashymail.com,317-883-5020
Randy,Johnson,3146 Harley Vincent Drive,Independence,OH,44131,Randy.H.Johnson@mailinator.com,440-749-7751
Joseph,Shier,3494 Coburn Hollow Road,Washington,IL,61571,Joseph.E.Shier@trashymail.com,309-444-8839
Tim,Bailey,2314 Freedom Lane,MOKELUMNE HILL,CA,95245,Tim.L.Bailey@dodgit.com,209-286-2520
John,Wagner,4491 Rafe Lane,Jackson,MS,39201,John.S.Wagner@dodgit.com,662-670-5701
Danielle,Southworth,2097 Washington Avenue,Hattiesburg,MS,39402,Danielle.D.Southworth@trashymail.com,601-988-1694
Robert,Garcia,3910 Goldleaf Lane,UNION CITY,NJ,07087,Robert.G.Garcia@trashymail.com,201-583-8069
Shirley,Cuellar,1872 Robinson Lane,Delaware,OH,43015,Shirley.T.Cuellar@trashymail.com,740-362-6534
Carl,Henderson,1927 Chipmunk Lane,PORTLAND,ME,04101,Carl.S.Henderson@spambob.com,207-776-8886
Robert,Lay,558 Counts Lane,HARTFORD,CT,06103,Robert.S.Lay@mailinator.com,860-216-3714
Janise,Gomez,2296 Diamond Street,Asheville,NC,28801,Janise.H.Gomez@mailinator.com,828-550-6713
Tom,Garner,158 Virgil Street,PANAMA CITY,FL,32405,Tom.S.Garner@dodgit.com,850-258-3776
Jose,Bartlett,700 Kovar Road,BRIDGEWATER,MA,02324,Jose.K.Bartlett@pookmail.com,508-531-5657
Loyd,Applegate,1647 Biddie Lane,Richmond,VA,23219,Loyd.M.Applegate@pookmail.com,804-588-3367
Jason,Rubin,2810 Huntz Lane,North Billerica,MA,01862,Jason.L.Rubin@dodgit.com,978-604-0054
Lori,Music,4515 Franklin Street,WICKSBURG,AL,36301,Lori.V.Music@dodgit.com,334-692-5586
Nicholas,Sanchez,1920 Lakeland Park Drive,Marietta,GA,30067,Nicholas.G.Sanchez@mailinator.com,770-612-7578
Alfredo,Miranda,1865 Pyramid Valley Road,WEST BRANCH,IA,52358,Alfredo.C.Miranda@mailinator.com,319-643-8707
Melvin,Torres,2166 Ripple Street,Hubbard Lake,MI,49747,Melvin.C.Torres@dodgit.com,989-727-2440
George,Bonds,1663 Woodland Drive,SPENCER,IA,51301,George.P.Bonds@trashymail.com,712-270-5495
Fredericka,Scott,3773 Kincheloe Road,Portland,OR,97205,Fredericka.M.Scott@trashymail.com,503-525-4091
Patrick,Keithley,1490 Columbia Boulevard,Severna Park,MD,21146,Patrick.J.Keithley@trashymail.com,410-421-3919
Teresa,Johnson,4525 Clair Street,TEAGUE,TX,75860,Teresa.H.Johnson@mailinator.com,254-739-6075
Deborah,Clark,3364 Retreat Avenue,Birmingham,AL,35203,Deborah.W.Clark@dodgit.com,205-281-7358
Matthew,Baca,1173 Raccoon Run,Seattle,WA,98116,Matthew.C.Baca@dodgit.com,206-932-9337
Neal,Costello,2949 Limer Street,Augusta,GA,30901,Neal.S.Costello@spambob.com,706-526-5660
Randal,Roberge,4359 Twin Oaks Drive,Traverse City,MI,49684,Randal.B.Roberge@dodgit.com,231-486-3831
Jack,Salls,1828 Hannah Street,Asheville,NC,28801,Jack.B.Salls@spambob.com,828-423-2484
Andrew,Wesley,3106 Laurel Lane,ALAMITO,TX,79843,Andrew.B.Wesley@mailinator.com,432-358-9704
Charles,Pyles,4226 Pinnickinnick Street,Lyndhurst,NJ,07071,Charles.P.Pyles@mailinator.com,732-808-9428
Norma,Schuette,372 Tanglewood Road,Jackson,MS,39211,Norma.C.Schuette@mailinator.com,662-947-5743
Patrick,Bryant,3611 Buffalo Creek Road,Franklin,TN,37064,Patrick.F.Bryant@pookmail.com,615-791-4264
Gerald,Bartee,2499 Charack Road,Terre Haute,IN,47807,Gerald.M.Bartee@trashymail.com,812-242-7886
Wayne,Roark,1334 Johnson Street,Raleigh,NC,27615,Wayne.M.Roark@pookmail.com,919-870-2942
Theresa,Mcgeehan,866 Khale Street,Conway,SC,29526,Theresa.M.Mcgeehan@trashymail.com,843-591-5438
Elizabeth,Parish,1861 Woodland Drive,SERGEANT BLUFF,IA,51054,Elizabeth.R.Parish@trashymail.com,712-228-5222
Jerry,Mcelroy,953 Hog Camp Road,Northbrook,IL,60062,Jerry.J.Mcelroy@mailinator.com,708-533-9572
Michael,Johnson,4281 Oxford Court,Grenada,MS,38901,Michael.M.Johnson@dodgit.com,662-226-6667
Patricia,Foster,3989 Central Avenue,ROCHELLE PARK,NJ,07662,Patricia.T.Foster@spambob.com,201-357-4452
Kyle,Dean,1608 Taylor Street,New York,NY,10007,Kyle.N.Dean@trashymail.com,914-649-7197
Ethel,Ayers,3397 Lena Lane,Collins,MS,39428,Ethel.D.Ayers@mailinator.com,601-489-9060
Maude,Jensen,4471 Meadow Drive,GREAT FALLS,MT,59401,Maude.K.Jensen@pookmail.com,406-231-0288
Thomas,Montes,518 Woodlawn Drive,New Berlin,WI,53151,Thomas.V.Montes@pookmail.com,414-690-2986
Christina,Garcia,948 Willison Street,Anoka,MN,55303,Christina.S.Garcia@spambob.com,763-422-1081
Kathy,Broome,181 Pinewood Avenue,Marquette,MI,49855,Kathy.R.Broome@spambob.com,906-844-6132
Carole,White,4503 Parkway Street,Los Angeles,CA,90017,Carole.R.White@dodgit.com,760-302-3039
Patricia,Wilson,4008 Morningview Lane,New York,NY,10013,Patricia.M.Wilson@spambob.com,646-205-9107
Les,Grego,2093 Turkey Pen Lane,Montgomery,AL,36104,Les.L.Grego@mailinator.com,334-549-5636
Brenda,Hubbs,2579 Virginia Street,Chicago,IL,60603,Brenda.J.Hubbs@mailinator.com,773-560-3365
Martin,Martinez,2046 Mcwhorter Road,Jackson,MS,39211,Martin.M.Martinez@trashymail.com,662-422-8182
Donald,Lenard,1732 Nixon Avenue,Toledo,OH,43604,Donald.R.Lenard@dodgit.com,419-976-4367
Lucy,Matson,1231 Harrison Street,SAN FRANCISCO,CA,94122,Lucy.K.Matson@trashymail.com,415-514-9233
Jon,Murray,3058 Hood Avenue,San Diego,CA,92103,Jon.E.Murray@pookmail.com,858-763-2099
Raul,Kennedy,4744 Lucky Duck Drive,Bethel Park,PA,15102,Raul.T.Kennedy@trashymail.com,412-835-1541
Susan,Hoover,4208 Lady Bug Drive,Brooklyn,NY,11226,Susan.J.Hoover@trashymail.com,718-940-3231
Rebecca,Pantoja,3607 Clark Street,Brentwood,NY,11717,Rebecca.D.Pantoja@trashymail.com,631-251-2281
Patrick,Naquin,615 Meadow View Drive,Hartford,CT,06103,Patrick.J.Naquin@dodgit.com,860-524-1134
Cherie,Kelley,4907 Musgrave Street,Atlanta,GA,30303,Cherie.J.Kelley@pookmail.com,404-946-7350
Claudia,Randle,4781 Conifer Drive,Kent,WA,98032,Claudia.R.Randle@pookmail.com,425-408-3723
Gary,Oquendo,3679 Jadewood Farms,Newark,NJ,07102,Gary.G.Oquendo@trashymail.com,973-415-5429
Jonathan,Johnson,4135 Gateway Road,Portland,OR,97220,Jonathan.V.Johnson@spambob.com,503-258-0686
Shawanda,Coe,644 Centennial Farm Road,Kansas City,IA,64106,Shawanda.P.Coe@mailinator.com,712-693-8465
Eric,Duke,359 Seneca Drive,Portland,OR,97214,Eric.K.Duke@dodgit.com,503-963-5345
Albertina,Good,4941 Del Dew Drive,Washington,MD,20024,Albertina.W.Good@trashymail.com,301-848-6685
Ivan,Morgan,4642 Chardonnay Drive,PORTLAND,WA,97232,Ivan.W.Morgan@mailinator.com,360-261-7524
Eric,Gray,1468 State Street,Canton,MI,48187,Eric.V.Gray@pookmail.com,313-912-0940
Frances,Haberman,747 Cherry Tree Drive,JACKSONVILLE,FL,32044,Frances.K.Haberman@dodgit.com,904-317-7633
Eliseo,Thomas,3134 Travis Street,West Palm Beach,FL,33401,Eliseo.R.Thomas@mailinator.com,772-713-6857
Ethel,Hall,563 Hall Valley Drive,Clarksburg,WV,26301,Ethel.L.Hall@spambob.com,304-622-6283
Anita,Hoover,781 Columbia Boulevard,Laurel,MD,20707,Anita.E.Hoover@pookmail.com,410-509-9247
David,Benefield,570 Hewes Avenue,Baltimore,MD,21202,David.C.Benefield@trashymail.com,443-593-9869
Clyde,Johnson,2709 Monroe Avenue,Palmetto,FL,34221,Clyde.R.Johnson@dodgit.com,941-729-7486
Sonia,Knapp,1032 August Lane,ALEXANDRIA,LA,71301,Sonia.C.Knapp@dodgit.com,318-466-0988
Clarence,Sagers,2878 Rockford Road,Reno,NV,89501,Clarence.M.Sagers@trashymail.com,775-233-8325
Alberto,Morfin,4740 Whiteman Street,PLEASANTVILLE,NJ,08232,Alberto.D.Morfin@spambob.com,609-928-7882
Bryan,Jackson,3745 Martha Ellen Drive,Sparks,NV,89431,Bryan.A.Jackson@dodgit.com,775-685-4997
Amanda,Peterson,1391 Westwood Avenue,Westbury,NY,11590,Amanda.M.Peterson@spambob.com,516-780-5563
Mamie,Geist,4735 Moonlight Drive,Camden,NJ,08102,Mamie.T.Geist@pookmail.com,609-680-3938
Katie,Young,3325 Marigold Lane,Miami,FL,33176,Katie.R.Young@trashymail.com,305-394-4970
Thomas,Ramirez,4885 New Creek Road,Huntsville,AL,35802,Thomas.V.Ramirez@trashymail.com,256-874-0742
Pamela,Roberts,2711 Kenwood Place,Fort Lauderdale,FL,33306,Pamela.I.Roberts@spambob.com,954-566-5572
Rochell,Springs,3831 Hawks Nest Lane,Saint Louis,MO,63123,Rochell.S.Springs@pookmail.com,314-765-9764
Helen,Barlow,909 Joseph Street,New Berlin,WI,53151,Helen.C.Barlow@mailinator.com,262-758-2953
Steven,Cochran,3940 Benson Park Drive,Oklahoma City,OK,73102,Steven.D.Cochran@dodgit.com,405-488-0315
Brett,Posner,342 Ritter Street,GRAYSON,AL,35562,Brett.K.Posner@spambob.com,256-292-3567
Michael,Faulkner,3814 Carriage Court,COACHELLA,CA,92236,Michael.K.Faulkner@pookmail.com,760-392-4127
Ida,Brundidge,3101 Sycamore Lake Road,New Berlin,WI,53151,Ida.J.Brundidge@trashymail.com,920-418-7436
Melanie,Michel,4873 Elk Street,IRVINE,CA,92714,Melanie.C.Michel@pookmail.com,949-733-6575
Ricky,Williams,1483 Fairmont Avenue,BRASHEAR,MO,63533,Ricky.C.Williams@mailinator.com,660-323-7985
Charles,Gebhart,2612 Stone Lane,Philadelphia,PA,19103,Charles.C.Gebhart@mailinator.com,610-343-6495
Kathryn,Morgan,163 College View,Centralia,IL,62801,Kathryn.A.Morgan@pookmail.com,618-598-6717
Marion,Mckelvey,1936 Goodwin Avenue,Spokane,WA,99201,Marion.S.Mckelvey@dodgit.com,509-362-0997
William,Cabe,251 Sharon Lane,SOUTH BEND,IN,46625,William.T.Cabe@pookmail.com,574-244-4707
Franklin,Czajkowski,687 Dovetail Estates,CARTWRIGHT,OK,74731,Franklin.T.Czajkowski@trashymail.com,580-965-5324
Joel,Riggs,2040 Northwest Boulevard,Washington,DC,20007,Joel.A.Riggs@dodgit.com,202-229-8839
Albert,Bodnar,1312 Karen Lane,Louisville,KY,40202,Albert.J.Bodnar@pookmail.com,502-851-7015
Zoe,Kohlmeier,375 Clay Lick Road,DENVER,CO,80202,Zoe.D.Kohlmeier@dodgit.com,720-548-5896
James,Luby,531 Hinkle Lake Road,BOSTON,MA,02109,James.H.Luby@pookmail.com,617-457-6088
Robert,Mcgee,184 West Fork Street,GRASS  RANGE,MT,59032,Robert.K.Mcgee@pookmail.com,406-428-4764
Johnny,Lowe,1601 Fairway Drive,Eureka,CA,95501,Johnny.N.Lowe@spambob.com,707-444-5632
Leonore,Negron,337 Sun Valley Road,Sunnyside,WA,98944,Leonore.J.Negron@dodgit.com,509-839-5436
Christina,Bidwell,427 Bloomfield Way,ROCKLAND,ME,04841,Christina.R.Bidwell@pookmail.com,207-596-3913
Nancy,Garcia,2320 Frank Avenue,Pittsburgh,PA,15205,Nancy.M.Garcia@dodgit.com,412-949-4101
Beatrice,Salter,3535 Lyon Avenue,Bolton,MA,01740,Beatrice.F.Salter@trashymail.com,508-981-8281
Patricia,Parker,589 Cedar Lane,Cambridge,MA,02141,Patricia.P.Parker@trashymail.com,617-613-5662
Billy,Moreno,4072 Briarhill Lane,Wooster,OH,44691,Billy.J.Moreno@pookmail.com,330-231-5589
Andrew,Sanchez,4736 Martha Ellen Drive,Reno,NV,89502,Andrew.M.Sanchez@trashymail.com,775-761-1751
Renate,Crawley,4030 Clark Street,Huntington Station,NY,11746,Renate.L.Crawley@trashymail.com,631-271-4902
Alma,Krout,1150 New Street,Eugene,OR,97402,Alma.J.Krout@mailinator.com,541-274-4208
Richard,Gutierrez,4751 Seth Street,MILES,TX,76861,Richard.A.Gutierrez@mailinator.com,325-468-6192
Edgar,Anderson,4243 Werninger Street,Houston,TX,77032,Edgar.V.Anderson@spambob.com,832-724-6057
Jamie,Linden,3851 Ralph Drive,Mentor On The Lake,OH,44060,Jamie.C.Linden@trashymail.com,440-209-1929
Cruz,Lizotte,426 Mulberry Street,Nacogdoches,TX,75961,Cruz.D.Lizotte@spambob.com,936-564-2433
Nathaniel,Wilson,4671 Fowler Avenue,Norcross,GA,30071,Nathaniel.L.Wilson@pookmail.com,770-300-5531
Leo,Sharp,2040 Filbert Street,Fort Washington,PA,19034,Leo.M.Sharp@pookmail.com,610-871-2082
Shayne,Luce,4529 Clair Street,MARLIN,TX,76661,Shayne.J.Luce@dodgit.com,254-625-2983
David,Brown,1860 Oakwood Avenue,New York,NY,10011,David.M.Brown@dodgit.com,212-655-1023
Jessica,Clark,682 Spring Avenue,Philadelphia,PA,19108,Jessica.R.Clark@dodgit.com,267-641-7141
Maria,Dubose,1434 Elk City Road,Indianapolis,IN,46268,Maria.M.Dubose@dodgit.com,317-918-4111
Thomas,Walter,3504 Eastland Avenue,SOSO,MS,39480,Thomas.C.Walter@mailinator.com,601-375-8091
Jean,Moye,2013 Westfall Avenue,SANTA FE,NM,87501,Jean.M.Moye@spambob.com,505-989-3961
Kim,Simon,1359 Big Elm,Kansas City,MO,64134,Kim.R.Simon@trashymail.com,816-767-8494
Virginia,Cason,2532 Lyndon Street,NORTHAMPTON,PA,18067,Virginia.M.Cason@trashymail.com,610-781-5098
Mike,Brown,774 Meadowview Drive,Leesburg,VA,20175,Mike.J.Brown@dodgit.com,540-878-6805
Danny,Ryckman,2895 Hott Street,Oklahoma City,OK,73109,Danny.M.Ryckman@spambob.com,405-634-1978
John,Holm,2973 Edgewood Road,PINE BLUFF,AR,71601,John.E.Holm@spambob.com,870-944-0267
Joseph,Day,2018 Neuport Lane,DULUTH,GA,30097,Joseph.D.Day@spambob.com,770-313-5880
Yolanda,Davis,2995 Havanna Street,Greensboro,NC,27401,Yolanda.J.Davis@spambob.com,336-383-4618
Kathryn,Peterson,298 Walnut Drive,Fargo,ND,58103,Kathryn.R.Peterson@mailinator.com,701-367-7809
Willie,Kilgore,1299 Ridenour Street,Miami,FL,33145,Willie.W.Kilgore@spambob.com,786-314-4693
Virginia,Riddle,261 Edwards Street,Scotland Neck,NC,27874,Virginia.J.Riddle@dodgit.com,252-826-9837
Della,Robinson,2442 Lucy Lane,Salem,IN,47167,Della.W.Robinson@dodgit.com,812-493-2763
Alan,Smith,3478 Heritage Road,Fresno,CA,93721,Alan.S.Smith@trashymail.com,559-772-6399
Richard,Kelly,3184 Cambridge Drive,Phoenix,AZ,85040,Richard.L.Kelly@pookmail.com,623-433-7936
Donald,Townsend,3528 Chapmans Lane,Albuquerque,NM,87109,Donald.M.Townsend@spambob.com,505-828-2861
Daniel,Stansfield,3469 Duke Lane,SOUTH RIVER,NJ,08882,Daniel.T.Stansfield@pookmail.com,732-698-9467
Ivan,Burke,3136 Charmaine Lane,Lubbock,TX,79401,Ivan.N.Burke@pookmail.com,806-589-1773
Jeannette,Parker,1002 Williams Mine Road,ROCHELLE PARK,NJ,07662,Jeannette.J.Parker@spambob.com,908-313-9287
Elise,Erickson,2631 Old Dear Lane,New York,NY,10011,Elise.D.Erickson@pookmail.com,845-770-6247
Alan,Willis,4139 Washburn Street,Baton Rouge,LA,70801,Alan.K.Willis@mailinator.com,225-410-6927
Rex,Howell,581 Simpson Street,Bloomington,IL,61701,Rex.C.Howell@spambob.com,309-821-1443
Christy,Gordon,2204 Court Street,Chesterfield,MO,63005,Christy.C.Gordon@mailinator.com,636-735-1610
Donna,Rhodes,1143 Snider Street,CAMPO,CO,81029,Donna.P.Rhodes@mailinator.com,719-787-0161
Carlton,Ramirez,3896 Sunny Glen Lane,Brook Park,OH,44142,Carlton.B.Ramirez@dodgit.com,216-813-8772
Mark,Peterson,3430 Jewell Road,Minneapolis,MN,55402,Mark.M.Peterson@trashymail.com,612-659-6408
James,Hart,87 Heron Way,Portland,OR,97214,James.C.Hart@trashymail.com,503-797-9644
Thomas,Meadows,2298 Highland View Drive,SACRAMENTO,CA,95814,Thomas.D.Meadows@trashymail.com,916-557-6647
Kenneth,Skaggs,34 Ashford Drive,Arlington,VA,22204,Kenneth.K.Skaggs@pookmail.com,703-685-1124
Jay,Burruss,4534 Farland Street,Chicago,IL,60626,Jay.I.Burruss@trashymail.com,773-973-9120
Ronald,Johnson,3697 Wilkinson Street,Springfield,TN,37172,Ronald.C.Johnson@pookmail.com,615-384-0144
Hermina,Harris,4559 Breezewood Court,Emporia,KS,66801,Hermina.B.Harris@dodgit.com,620-412-4080
Sandy,Schurman,2191 Snowbird Lane,OMAHA,NE,68144,Sandy.J.Schurman@trashymail.com,402-691-0912
Jerry,Pfeifer,1510 Sycamore Street,San Jose,CA,95129,Jerry.L.Pfeifer@spambob.com,408-867-1149
Benjamin,Gonzalez,146 Woodbridge Lane,Southfield,MI,48075,Benjamin.J.Gonzalez@trashymail.com,313-557-8862
Matthew,Velasquez,4191 Hummingbird Way,NEEDHAM,MA,02192,Matthew.E.Velasquez@trashymail.com,781-924-6911
Collin,Bradley,3964 Bassell Avenue,LITTLE ROCK,AR,72201,Collin.A.Bradley@trashymail.com,501-626-1734
Sharon,Tigner,2915 Moore Avenue,Dallas,TX,75201,Sharon.D.Tigner@mailinator.com,817-708-7609
Thomas,Deck,4693 Webster Street,METUCHEN,NJ,08840,Thomas.C.Deck@trashymail.com,732-548-9166
Patrick,Elliott,32 Foley Street,Jupiter,FL,33478,Patrick.M.Elliott@dodgit.com,954-707-1632
Jennifer,Colston,2413 Trymore Road,WOODSTOCK,MN,56186,Jennifer.J.Colston@trashymail.com,507-777-1515
Jared,Hicks,4608 Olive Street,Toledo,OH,43602,Jared.H.Hicks@mailinator.com,419-366-9047
Robert,Fogarty,1054 Riverside Drive,CHATTANOOGA,GA,30741,Robert.C.Fogarty@dodgit.com,706-866-7119
Floyd,Munroe,4522 Johnstown Road,Bensenville,IL,60106,Floyd.L.Munroe@trashymail.com,847-385-0788
Jesse,Lester,2664 Sugar Camp Road,MANTORVILLE,MN,55955,Jesse.A.Lester@dodgit.com,507-635-2672
Brent,Hamby,772 Gregory Lane,Louisville,KY,40299,Brent.N.Hamby@pookmail.com,502-548-7654
Anne,Thomas,2754 Buffalo Creek Road,Nashville,TN,37212,Anne.J.Thomas@trashymail.com,615-783-7643
Thomas,Mcnamara,3984 Fairway Drive,San Jose,CA,95113,Thomas.D.Mcnamara@spambob.com,707-517-2812
Norman,Covey,764 Jail Drive,Kewanee,IL,61443,Norman.R.Covey@trashymail.com,309-853-6886
Noreen,Starks,582 Freedom Lane,Stockton,CA,95219,Noreen.T.Starks@dodgit.com,209-304-3167
Angela,Lima,1440 Woodridge Lane,Memphis,TN,38134,Angela.C.Lima@spambob.com,901-382-6599
Matthew,Costa,1732 Post Farm Road,Clarkston,GA,30021,Matthew.S.Costa@dodgit.com,404-298-6408
Joseph,Anderson,1384 Frank Avenue,Pittsburgh,PA,15205,Joseph.J.Anderson@mailinator.com,412-955-6762
Fernando,Thornhill,2148 Chardonnay Drive,Renton,WA,98055,Fernando.L.Thornhill@spambob.com,360-229-1665
Melvin,Dailey,2544 Oakway Lane,Los Angeles,CA,90017,Melvin.P.Dailey@trashymail.com,818-290-1632
Alice,Cooksey,3268 Michael Street,Houston,TX,77002,Alice.R.Cooksey@mailinator.com,713-730-0415
Gerald,Davison,774 Seth Street,Abilene,TX,79601,Gerald.R.Davison@mailinator.com,325-665-7650
Joseph,Robinette,925 Heliport Loop,Bloomington,IN,47404,Joseph.G.Robinette@spambob.com,812-750-8217
Walter,Barnes,4229 Saint Marys Avenue,Syracuse,NY,13202,Walter.R.Barnes@pookmail.com,315-799-4523
Mary,Pepin,3386 Meadow Drive,Helena,MT,59601,Mary.J.Pepin@spambob.com,406-204-3075
Darryl,King,4592 Norma Lane,Shreveport,LA,71101,Darryl.M.King@trashymail.com,318-542-2954
Mark,Bowers,4349 Red Maple Drive,Los Angeles,CA,90044,Mark.C.Bowers@spambob.com,323-418-7084
Joan,Olander,166 Morgan Street,Pensacola,FL,32514,Joan.J.Olander@spambob.com,850-484-4463
Derek,Bowles,4558 Romines Mill Road,Dallas,TX,75247,Derek.K.Bowles@pookmail.com,214-590-1333
Lorenzo,Kessler,779 University Hill Road,Springfield,IL,62701,Lorenzo.A.Kessler@trashymail.com,217-535-7136
Heidi,Johnson,1721 Woodlawn Drive,Milwaukee,WI,53213,Heidi.L.Johnson@pookmail.com,414-778-7799
Manda,Hendley,802 Camden Place,Mount Pleasant,SC,29464,Manda.K.Hendley@trashymail.com,843-884-3778
Rosalie,Fenderson,3434 D Street,MOUNT CLEMENS,MI,48045,Rosalie.L.Fenderson@mailinator.com,586-421-0997
Paul,Mejia,2932 Davis Lane,Centennial,CO,80112,Paul.M.Mejia@dodgit.com,720-371-0335
Jacque,Macdonald,4084 Clay Lick Road,Denver,CO,80239,Jacque.S.Macdonald@dodgit.com,720-436-6143
James,Bolan,642 Essex Court,South Burlington,VT,05403,James.K.Bolan@mailinator.com,802-278-6692
Elizabeth,Acuna,3313 Court Street,HARVESTER,MO,63301,Elizabeth.E.Acuna@mailinator.com,636-851-1418
Benita,Smith,4405 Walnut Avenue,NEW BRUNSWICK,NJ,08901,Benita.R.Smith@pookmail.com,201-499-3356
David,Ledford,3101 Crosswind Drive,Cecilia,KY,42724,David.A.Ledford@pookmail.com,270-862-4160
Darrell,Ball,4469 Clay Street,Indianapolis,IN,46219,Darrell.A.Ball@spambob.com,317-352-1324
Barbara,Campbell,3811 Walnut Street,Monticello,MS,39654,Barbara.R.Campbell@trashymail.com,601-615-7781
Joanne,Thornhill,714 Parrish Avenue,LACOSTE,TX,78039,Joanne.J.Thornhill@pookmail.com,830-985-5335
Ella,Dolce,1456 Cerullo Road,Louisville,KY,40202,Ella.W.Dolce@mailinator.com,502-378-3486
Mary,Negrete,1829 Meadow View Drive,HARTFORD,CT,06103,Mary.R.Negrete@spambob.com,860-531-5486
Mary,Krieger,1886 Dola Mine Road,Morrisville,NC,27560,Mary.A.Krieger@spambob.com,919-326-6767
Armanda,Lorenzen,2147 Lynch Street,New London,WI,54961,Armanda.J.Lorenzen@pookmail.com,920-982-1414
Peggy,Jones,4046 Langtown Road,Toledo,OH,43609,Peggy.T.Jones@dodgit.com,567-203-8712
Daisy,Dudley,1072 Myra Street,EAST PROVIDENCE,RI,02914,Daisy.A.Dudley@mailinator.com,401-431-1284
Timothy,Mcduffie,1381 Deer Ridge Drive,ROCHELLE PARK,NJ,07662,Timothy.D.Mcduffie@trashymail.com,973-556-6110
Elisa,Peterson,3347 Park Avenue,West Sacramento,CA,95605,Elisa.D.Peterson@mailinator.com,916-529-6011
Carl,Fisher,4524 White Pine Lane,BLACKSBURG,VA,24060,Carl.E.Fisher@mailinator.com,540-557-9045
Kevin,Campbell,8 Willison Street,OSSEO,MN,55369,Kevin.P.Campbell@mailinator.com,763-315-2806
Paul,Kelly,4390 Hart Ridge Road,Grayling,MI,49738,Paul.P.Kelly@trashymail.com,989-344-7452
Karen,Whitten,3118 Glory Road,Nashville,TN,37201,Karen.K.Whitten@pookmail.com,931-898-2627
Karl,Brown,2791 Deer Ridge Drive,PASSAIC,NJ,07055,Karl.E.Brown@spambob.com,973-614-0304
Matthew,Sellers,1813 Giraffe Hill Drive,CEDAR HILL,TX,75253,Matthew.M.Sellers@pookmail.com,972-291-9745
Elizabeth,Barr,2239 Jett Lane,Santa Monica,CA,90404,Elizabeth.M.Barr@pookmail.com,310-745-5989
Elizabeth,Paul,3424 Vesta Drive,Chicago,IL,60605,Elizabeth.W.Paul@pookmail.com,773-673-2081
Cecil,Hannah,4560 White Oak Drive,Kansas City,MO,64106,Cecil.K.Hannah@pookmail.com,816-717-7605
Lynn,Crowder,3401 Chestnut Street,NORTH GULF BEACH,FL,34642,Lynn.M.Crowder@dodgit.com,727-397-5008
Carol,Crowe,1459 Stanton Hollow Road,Bedford,MA,01730,Carol.D.Crowe@spambob.com,781-474-9007
Robert,Parker,3691 Hummingbird Way,BOSTON,MA,02210,Robert.M.Parker@dodgit.com,781-972-1262
Gail,Curry,3309 Cimmaron Road,Santa Ana,CA,92701,Gail.R.Curry@dodgit.com,714-568-9817
Victoria,Thompson,3592 Big Indian,Kenner,LA,70062,Victoria.C.Thompson@pookmail.com,504-541-1495
William,Gleason,2397 Corpening Drive,Detroit,MI,48226,William.D.Gleason@spambob.com,248-390-8397
William,Lamb,3175 Front Street,Southfield,MI,48075,William.D.Lamb@mailinator.com,810-471-3333
Tammy,Carrington,792 Fire Access Road,ADVANCE,NC,27006,Tammy.W.Carrington@pookmail.com,336-909-7010
Anthony,Sica,1639 Heather Sees Way,LEFLORE,OK,74942,Anthony.J.Sica@trashymail.com,918-753-4046
Barbara,Milligan,2111 Diane Street,Los Angeles,CA,90017,Barbara.E.Milligan@dodgit.com,805-433-5478
Jeff,Martin,1731 Margaret Street,Sugar Land,TX,77478,Jeff.K.Martin@trashymail.com,713-904-8051
Michael,Smith,3499 Willison Street,OSSEO,MN,55369,Michael.B.Smith@mailinator.com,763-424-9551
Terri,Cottrell,4332 Lost Creek Road,Phoenixville,PA,19460,Terri.J.Cottrell@trashymail.com,610-935-4682
Mary,Gracey,3009 Shadowmar Drive,Metairie,LA,70001,Mary.T.Gracey@trashymail.com,504-843-5329
Myrtle,Cota,272 Mulberry Street,MONTGOMERY,TX,77356,Myrtle.R.Cota@spambob.com,936-597-1647
John,Stackhouse,2064 Clover Drive,Colorado Springs,CO,80903,John.J.Stackhouse@spambob.com,719-325-9961
Sherry,Allen,4292 Raintree Boulevard,CUTLER,IN,46920,Sherry.D.Allen@dodgit.com,765-268-1426
Regina,Grieco,3619 Goff Avenue,Scotts,MI,49088,Regina.E.Grieco@trashymail.com,269-626-8379
Salvador,Hill,710 Red Dog Road,Charlotte,NC,28208,Salvador.S.Hill@trashymail.com,704-308-3634
Patricia,Bates,3620 Saint Francis Way,New Berlin,WI,53151,Patricia.H.Bates@mailinator.com,262-994-5460
Edward,Lavender,1579 Elk City Road,Shreveport,LA,71101,Edward.L.Lavender@dodgit.com,318-226-9815
Kevin,Caylor,1930 Meadow View Drive,STAMFORD,CT,06995,Kevin.P.Caylor@pookmail.com,860-553-4174
Don,Trevino,3560 Station Street,Walnut Creek,CA,94597,Don.H.Trevino@dodgit.com,510-969-1248
Harold,Workman,504 Lynn Street,BOSTON,MA,02107,Harold.T.Workman@mailinator.com,617-261-6320
Laura,Benninger,4606 Collins Avenue,New Rome,OH,43228,Laura.P.Benninger@spambob.com,614-870-2086
Joe,Ambriz,4558 Java Lane,Columbia,SC,29201,Joe.G.Ambriz@trashymail.com,803-545-5911
Teresa,Ramos,4969 Little Street,Youngstown,OH,44503,Teresa.R.Ramos@pookmail.com,330-599-5021
Jorge,Snow,4600 Cecil Street,Chicago,IL,60606,Jorge.M.Snow@mailinator.com,312-201-1898
Anne,Stonebraker,4250 Masonic Hill Road,CONWAY,AR,72032,Anne.R.Stonebraker@spambob.com,501-505-5828
Bruce,Joseph,2610 Armory Road,Wilmington,NC,28403,Bruce.A.Joseph@trashymail.com,910-792-6762
Robert,Mckinney,2195 Karen Lane,Louisville,KY,40220,Robert.D.Mckinney@mailinator.com,502-963-3779
Cherie,Crowell,753 Brooke Street,Houston,TX,77026,Cherie.M.Crowell@dodgit.com,713-625-8480
Amanda,Grant,4026 Graystone Lakes,Macon,GA,31201,Amanda.A.Grant@spambob.com,478-738-4391
William,Fern,1420 Geneva Street,Floral Park,NY,11005,William.J.Fern@pookmail.com,917-503-7642
Yolanda,Montalvo,515 River Road,Colorado Springs,CO,80908,Yolanda.H.Montalvo@trashymail.com,719-495-3281
Mildred,Barnes,1861 Coal Street,Erie,PA,16501,Mildred.J.Barnes@spambob.com,814-314-5649
Malcom,Weigel,123 Polk Street,Chandler,AZ,85226,Malcom.N.Weigel@spambob.com,520-796-1435
Bill,Stolte,4276 Hickory Lane,Washington,DC,20036,Bill.E.Stolte@mailinator.com,202-463-7157
Walter,Mckey,1376 Hill Haven Drive,MARLIN,TX,76661,Walter.M.Mckey@spambob.com,254-234-4904
Cornelius,Russo,2505 Clover Drive,Colorado Springs,CO,80918,Cornelius.D.Russo@trashymail.com,719-268-5107
Ann,Paul,1177 College Avenue,Bellefontaine,OH,43311,Ann.D.Paul@spambob.com,937-404-6656
Matthew,Page,1040 Monroe Avenue,Polk City,FL,33868,Matthew.W.Page@spambob.com,941-735-0095
Marietta,Petillo,4807 Westfall Avenue,ALBUQUERQUE,NM,87106,Marietta.C.Petillo@pookmail.com,505-994-9505
Andrea,Cervantes,3928 Alpha Avenue,Jacksonville,FL,32202,Andrea.J.Cervantes@dodgit.com,904-205-4805
Gerardo,Lafrance,1065 Hart Ridge Road,ELKTON,MI,48731,Gerardo.P.Lafrance@trashymail.com,989-375-3772
Sarah,Brill,2980 Riverwood Drive,Chico,CA,95928,Sarah.P.Brill@mailinator.com,530-332-7830
Dorothy,Carney,1985 Marietta Street,San Francisco,CA,94107,Dorothy.D.Carney@mailinator.com,707-655-3570
Miles,Kitchens,4332 Crestview Manor,Indianapolis,IN,46254,Miles.E.Kitchens@pookmail.com,317-280-2936
Thelma,Mckeever,2695 Sampson Street,Englewood,CO,80112,Thelma.R.Mckeever@trashymail.com,303-549-9600
Kimberly,Bostic,4293 Drummond Street,SUMMIT,NJ,07901,Kimberly.A.Bostic@spambob.com,973-212-3308
Victor,Nixon,1516 Denver Avenue,Riverside,CA,92507,Victor.K.Nixon@spambob.com,951-537-9053
Lorraine,Pina,3257 Lauren Drive,La Crosse,WI,54601,Lorraine.S.Pina@mailinator.com,608-385-4658
Steven,Whitfield,3138 Hillview Street,Sumter,SC,29150,Steven.L.Whitfield@mailinator.com,803-773-4392
Sandra,Bell,4259 Pheasant Ridge Road,Philadelphia,PA,19131,Sandra.R.Bell@dodgit.com,215-477-3305
Francis,Bardwell,3333 Randolph Street,Franklin,MA,02038,Francis.P.Bardwell@mailinator.com,508-670-5203
Valerie,Holt,2569 Bird Street,Albuquerque,NM,87106,Valerie.R.Holt@trashymail.com,505-608-4771
Maria,Fleming,163 Findley Avenue,HAZELTON,ND,58544,Maria.S.Fleming@dodgit.com,701-782-6473
Anthony,Edwards,258 Southside Lane,Los Angeles,CA,90029,Anthony.K.Edwards@spambob.com,323-671-1699
Lawrence,James,1624 Counts Lane,Wallingford,CT,06492,Lawrence.A.James@mailinator.com,860-227-8765
Douglas,Soto,3662 Station Street,Oakland,CA,94612,Douglas.N.Soto@trashymail.com,510-892-5356
David,Gregg,397 Liberty Street,Dallas,TX,75248,David.L.Gregg@mailinator.com,214-912-2353
Paul,Brown,387 Arron Smith Drive,Aiea,HI,96701,Paul.M.Brown@spambob.com,808-486-4417
Brenda,Guinyard,3976 Confederate Drive,SYRACUSE,NY,13221,Brenda.A.Guinyard@pookmail.com,315-743-4069
Guy,Neal,3705 Duncan Avenue,New York,NY,10013,Guy.L.Neal@mailinator.com,917-588-8813
Harold,Jones,4214 Meadow View Drive,WEST HARTFORD,CT,06105,Harold.M.Jones@trashymail.com,860-523-3947
Margarita,Campbell,4922 Drummond Street,NEW BRUNSWICK,NJ,08901,Margarita.B.Campbell@mailinator.com,973-310-9133
Jennifer,Noah,4645 Poe Lane,Fort Worth,KS,76102,Jennifer.H.Noah@spambob.com,913-570-9384
Juan,Goodwin,2053 Timbercrest Road,NEW STUYAHOK,AK,99636,Juan.S.Goodwin@pookmail.com,907-693-6344
Anna,Willson,2210 Bridge Avenue,Jennings,LA,70546,Anna.G.Willson@mailinator.com,337-821-6794
Tracey,Colon,3962 Tenmile,Belle Haven,VA,23306,Tracey.G.Colon@mailinator.com,757-990-6862
Carlotta,Gifford,2283 Radford Street,Louisville,KY,40202,Carlotta.D.Gifford@spambob.com,502-333-8675
Allen,Chen,3604 Parrill Court,Oak Brook,IN,60523,Allen.E.Chen@pookmail.com,219-381-4690
Todd,High,865 Leroy Lane,SIOUX FALLS,SD,57102,Todd.S.High@spambob.com,605-977-4493
Jacqueline,Perez,736 Woodlawn Drive,New Berlin,WI,53151,Jacqueline.S.Perez@mailinator.com,414-779-5568
George,Vaughn,3662 Mayo Street,Lexington,KY,40507,George.H.Vaughn@mailinator.com,859-619-4051
Seth,Robinson,1161 Oral Lake Road,Minneapolis,MN,55415,Seth.J.Robinson@spambob.com,952-314-8716
Daniel,Walker,2634 Fittro Street,PINE BLUFF,AR,71601,Daniel.R.Walker@trashymail.com,870-377-7925
David,Moore,1714 Spring Street,Effingham,IL,62401,David.B.Moore@mailinator.com,217-821-7561
Helen,Stover,315 Sundown Lane,KYLE,TX,78640,Helen.G.Stover@trashymail.com,512-262-8691
Josephine,Pickett,4756 Angus Road,New York,NY,10004,Josephine.N.Pickett@pookmail.com,212-413-3119
James,Sherman,259 Southside Lane,Santa Fe Springs,CA,90670,James.G.Sherman@dodgit.com,323-718-7119
Samantha,Russell,1599 Rhapsody Street,Ocala,FL,34471,Samantha.S.Russell@trashymail.com,352-312-4009
Mary,Mckinney,731 Allison Avenue,Norfolk,VA,23502,Mary.M.Mckinney@dodgit.com,757-556-2217
Julie,Vasquez,1951 Grove Street,Bohemia,NY,11716,Julie.H.Vasquez@dodgit.com,631-748-5349
Reiko,Hargrove,564 Par Drive,Los Angeles,CA,90017,Reiko.J.Hargrove@pookmail.com,805-823-6580
Mario,Bliss,4755 Upland Avenue,Lima,OH,45801,Mario.B.Bliss@pookmail.com,419-912-3540
John,Thrash,996 Terra Cotta Street,PINE RIVER,MN,56474,John.T.Thrash@trashymail.com,218-587-2270
Joseph,Smith,4463 Yorkshire Circle,Greenville,NC,27834,Joseph.S.Smith@trashymail.com,252-347-7223
Jamie,Herring,3461 White Oak Drive,Kansas City,MO,64106,Jamie.D.Herring@mailinator.com,816-698-8359
Richard,Lee,950 Ray Court,KENANSVILLE,NC,28349,Richard.A.Lee@mailinator.com,910-275-4515
Frances,Maxwell,4076 Elk Rd Little,NOGALES,AZ,85621,Frances.J.Maxwell@dodgit.com,520-281-3884
John,Edwards,2579 Mudlick Road,Spokane,WA,99201,John.K.Edwards@trashymail.com,509-561-8083
Paul,Keel,3259 Maryland Avenue,GANDY,FL,33702,Paul.E.Keel@dodgit.com,727-578-2601
Scott,Fishman,171 Maple Court,GRAVOIS MILLS,MO,65037,Scott.J.Fishman@dodgit.com,573-372-8063
Joseph,Gladney,914 Hawks Nest Lane,Saint Louis,MO,63130,Joseph.A.Gladney@dodgit.com,314-746-9844
Dawn,Butler,4714 Hall Street,HENDERSON,NV,89014,Dawn.A.Butler@dodgit.com,702-448-1775
Brenda,Race,367 Junior Avenue,ATLANTA,GA,30309,Brenda.R.Race@spambob.com,404-575-0455
John,Jones,10 Hott Street,Oklahoma City,OK,73109,John.L.Jones@pookmail.com,405-616-1569
Donald,Hubbard,2371 Jerry Dove Drive,FLORENCE,SC,29501,Donald.M.Hubbard@pookmail.com,843-400-2457
Ivette,Gentry,2125 Oakdale Avenue,AVON PARK,FL,33825,Ivette.A.Gentry@trashymail.com,863-452-6286
Anna,Fredrickson,669 Maud Street,Philadelphia,DE,19103,Anna.K.Fredrickson@trashymail.com,302-752-2942
Clifford,Spencer,3376 Lauren Drive,Madison,WI,53718,Clifford.M.Spencer@mailinator.com,608-344-7979
Megan,Lindsey,728 Elk Creek Road,Tucker,GA,30084,Megan.M.Lindsey@spambob.com,770-493-0342
Richard,Morales,1559 Agriculture Lane,Boca Raton,FL,33486,Richard.H.Morales@pookmail.com,305-210-6308
Amanda,Alcantara,4233 Tenmile Road,Boston,MA,02215,Amanda.E.Alcantara@pookmail.com,781-760-5513
William,Eldridge,696 Ashford Drive,Mc Lean,VA,22102,William.M.Eldridge@dodgit.com,703-674-3617
Frank,Sylvester,3713 West Fork Drive,FORT LAUDERDALE,FL,33308,Frank.E.Sylvester@mailinator.com,954-412-7714
Eleanor,Zook,3866 Gordon Street,Ontario,CA,91762,Eleanor.F.Zook@pookmail.com,909-462-5276
Veronica,Canfield,314 Hedge Street,WEEHAWKEN,NJ,07087,Veronica.K.Canfield@dodgit.com,908-645-3882
Nicole,Getty,2550 Neuport Lane,Cartersville,GA,30120,Nicole.D.Getty@dodgit.com,770-383-8012
Gary,Yerger,3441 Kelly Street,Charlotte,NC,28202,Gary.J.Yerger@dodgit.com,704-902-0468
Carl,Fannin,3696 Chenoweth Drive,Mc Minnville,TN,37110,Carl.N.Fannin@spambob.com,931-507-0107
Gary,Suarez,589 Columbia Boulevard,Baltimore,MD,21202,Gary.L.Suarez@pookmail.com,410-468-5157
Jesse,Gregory,2141 Bryan Street,Winston Salem,NC,27101,Jesse.D.Gregory@pookmail.com,336-254-7899
Karen,Smith,4085 Cambridge Drive,Phoenix,AZ,85027,Karen.D.Smith@dodgit.com,623-879-0160
Gail,Smith,4652 Oak Ridge Drive,GRANDIN,MO,63943,Gail.M.Smith@pookmail.com,573-593-6117
Stephanie,Clark,3424 Alpha Avenue,JACKSONVILLE BEACH,FL,32250,Stephanie.J.Clark@mailinator.com,904-220-3439
Carolyn,Moore,2534 Flanigan Oaks Drive,DAMASCUS,MD,20872,Carolyn.B.Moore@spambob.com,301-391-0012
Robert,Pepper,1816 Findley Avenue,FORTUNA,ND,58844,Robert.P.Pepper@mailinator.com,701-834-6955
Joe,Ivery,4495 Ventura Drive,Scotts Valley,CA,95066,Joe.R.Ivery@dodgit.com,831-440-9548
Nancy,Lee,414 Fidler Drive,SAN ANTONIO,TX,78148,Nancy.A.Lee@trashymail.com,210-659-9656
Tracey,Barton,1952 Hall Valley Drive,WOLF SUMMIT,WV,26462,Tracey.E.Barton@trashymail.com,304-631-5159
Raymond,Willie,3092 Cameron Road,Jamestown,NY,14701,Raymond.L.Willie@trashymail.com,716-488-9761
Katie,Waters,201 Rosebud Avenue,MOUNT JUDEA,AR,72655,Katie.D.Waters@trashymail.com,870-434-6309
Marie,Johnson,1347 Sugar Camp Road,ELKTON,MN,57026,Marie.K.Johnson@spambob.com,507-548-9896
Sarah,Beck,4863 Marshall Street,Baltimore,MD,21202,Sarah.J.Beck@dodgit.com,410-710-4614
Mark,Neiman,2644 Dawson Drive,Little Rock,AR,72211,Mark.S.Neiman@pookmail.com,501-980-7519
Alicia,Pulley,1676 Hanifan Lane,Atlanta,GA,30328,Alicia.D.Pulley@pookmail.com,678-578-0419
Michael,Mefford,3132 Pennsylvania Avenue,PISCATAWAY,NJ,08854,Michael.A.Mefford@spambob.com,732-307-0843
Robert,Strawbridge,2955 Brookview Drive,Galveston,TX,77550,Robert.C.Strawbridge@mailinator.com,409-266-4962
Theron,Driscoll,3106 Harron Drive,Pikesville,MD,21208,Theron.A.Driscoll@mailinator.com,443-455-0710
Linda,Montano,4498 Timbercrest Road,Eagle River,AK,99577,Linda.Z.Montano@dodgit.com,907-694-3567
Pat,Franklin,4099 Woodbridge Lane,Detroit,MI,48226,Pat.K.Franklin@mailinator.com,313-433-5185
Linda,Downs,4392 Walnut Street,Jackson,MS,39211,Linda.W.Downs@mailinator.com,601-589-5933
Deborah,Aguiar,2541 Randolph Street,AUBURN,MA,01501,Deborah.J.Aguiar@mailinator.com,508-729-3503
Tracy,Hargrave,1973 Court Street,WRIGHT CITY,MO,63390,Tracy.C.Hargrave@spambob.com,636-745-7869
Ronald,Goss,4631 Caynor Circle,BEDMINSTER,NJ,07921,Ronald.K.Goss@trashymail.com,908-532-9396
Jesus,Coleman,3290 Green Avenue,Oakland,CA,94612,Jesus.M.Coleman@trashymail.com,510-802-7969
Paul,Sellers,1934 Cambridge Drive,LITCHFIELD PARK,AZ,85340,Paul.J.Sellers@dodgit.com,623-535-6415
George,Johnson,2394 Little Acres Lane,JACKSONVILLE,IL,62650,George.S.Johnson@spambob.com,217-883-4224
Heather,Beaubien,4236 Corpening Drive,Southfield,MI,48076,Heather.S.Beaubien@dodgit.com,248-395-9311
Arthur,Smith,538 Lena Lane,Jackson,MS,39211,Arthur.R.Smith@trashymail.com,601-448-5480
Reba,Johnson,3719 Drummond Street,Wayne,NJ,07477,Reba.E.Johnson@mailinator.com,973-262-5185
Lester,Jackson,2494 Wilkinson Street,Murfreesboro,TN,37130,Lester.D.Jackson@trashymail.com,615-494-2137
Twana,Gonzalez,3606 Mutton Town Road,Vancouver,WA,98663,Twana.J.Gonzalez@pookmail.com,360-694-5886
James,Myers,3798 Bluff Street,Bowie,MD,20720,James.A.Myers@pookmail.com,301-809-9760
Mildred,Brown,1650 Shobe Lane,STEAMBOAT SPRINGS,CO,80487,Mildred.M.Brown@pookmail.com,970-421-6107
Christie,Smith,4201 Alexander Avenue,Oakland,CA,94612,Christie.L.Smith@dodgit.com,925-664-5428
Tommie,Lopez,195 Giraffe Hill Drive,Grand Prairie,TX,75050,Tommie.A.Lopez@dodgit.com,972-260-4945
Jessica,King,412 Elsie Drive,Aberdeen,SD,57401,Jessica.J.King@dodgit.com,605-226-5917
George,Ryan,1545 Tori Lane,West Valley City,UT,84120,George.A.Ryan@mailinator.com,801-623-3025
Ryan,Holloway,4010 Glenview Drive,CORPUS CHRISTI,TX,78401,Ryan.A.Holloway@trashymail.com,361-563-2051
Rebecca,Whitaker,4168 Lamberts Branch Road,Miami,FL,33128,Rebecca.J.Whitaker@dodgit.com,786-735-4754
Clifford,Green,768 Vernon Street,San Diego,CA,92101,Clifford.L.Green@dodgit.com,760-704-4134
Larry,Jacobs,897 Midway Road,ALTUS,AR,72821,Larry.K.Jacobs@trashymail.com,479-468-7721
Alexis,Yun,4639 Hill Street,Celina,OH,45822,Alexis.M.Yun@dodgit.com,419-786-4033
Kyle,Tetreault,3179 Hillcrest Drive,Tacoma,WA,98402,Kyle.K.Tetreault@trashymail.com,253-272-6075
Alexander,Herndon,3669 Cinnamon Lane,San Antonio,TX,78209,Alexander.T.Herndon@trashymail.com,210-882-6768
David,Coleman,2360 Chapel Street,Houston,TX,77032,David.J.Coleman@dodgit.com,281-704-5545
Beatrice,Blankenship,4862 Gateway Avenue,Los Angeles,CA,90017,Beatrice.R.Blankenship@pookmail.com,661-977-6219
Alan,Taylor,3068 Hickory Street,Orem,UT,84058,Alan.P.Taylor@pookmail.com,801-722-8777
Thomas,Rocco,1144 Yorkshire Circle,SHILOH,NC,27974,Thomas.D.Rocco@trashymail.com,252-336-9505
Quyen,Jefferson,3705 Twin Oaks Drive,Brethren,MI,49619,Quyen.V.Jefferson@trashymail.com,231-477-5844
Dave,Mitchell,133 Rogers Street,Cincinnati,OH,45241,Dave.K.Mitchell@mailinator.com,513-577-0449
Larry,King,1413 Tuna Street,Southfield,MI,48075,Larry.J.King@trashymail.com,810-973-7257
Gilbert,Grill,1301 Edgewood Road,WHITEVILLE,TN,38075,Gilbert.A.Grill@dodgit.com,901-231-6090
Rudolph,Downey,1584 Oakridge Farm Lane,MENOMONEE FALLS,WI,53051,Rudolph.A.Downey@spambob.com,262-253-6268
Kelly,Clark,1877 Ford Street,San Jose,CA,95131,Kelly.K.Clark@spambob.com,408-456-0633
Alanna,Kane,2456 Victoria Court,FORT FAIRFIELD,ME,04742,Alanna.J.Kane@spambob.com,207-476-3071
Johnny,Laney,3640 Valley Drive,Philadelphia,PA,19128,Johnny.P.Laney@mailinator.com,267-385-6727
Tricia,Wiseman,768 Stratford Drive,Waipahu,HI,96797,Tricia.T.Wiseman@pookmail.com,808-341-2966
Scott,Hansen,2308 Hood Avenue,San Diego,CA,92121,Scott.N.Hansen@spambob.com,858-736-0029
Norma,Smith,3254 Village View Drive,Fort Myers,FL,33905,Norma.J.Smith@spambob.com,239-823-3402
Martin,Cook,943 Oak Ridge Drive,Columbia,MO,65202,Martin.M.Cook@trashymail.com,573-462-7344
Antonio,Rodriquez,2098 Conference Center Way,Scranton,PA,18503,Antonio.R.Rodriquez@spambob.com,570-969-7839
Elizabeth,Christian,3661 College View,Carbondale,IL,62901,Elizabeth.R.Christian@mailinator.com,618-645-0183
Jose,Alexander,1659 Patterson Street,Houston,TX,77092,Jose.D.Alexander@trashymail.com,713-263-4514
Richard,Tirrell,790 Lake Floyd Circle,Gaithersburg,MD,20877,Richard.N.Tirrell@dodgit.com,301-990-7737
Victor,Schultz,1455 Brown Street,Phoenix,AZ,85034,Victor.D.Schultz@mailinator.com,928-224-1831
Viola,Nelson,1452 Bluff Street,BETHESDA,MD,20014,Viola.P.Nelson@pookmail.com,301-803-6576
Kayla,Wills,108 Woodlawn Drive,New Berlin,WI,53151,Kayla.A.Wills@dodgit.com,414-698-3669
James,Stumpf,2972 Alexander Avenue,Concord,CA,94520,James.L.Stumpf@spambob.com,925-603-9855
Mamie,Conte,371 James Avenue,Wichita,KS,67202,Mamie.M.Conte@mailinator.com,316-291-3570
Charles,Stewart,2678 Parrill Court,Valparaiso,IN,46385,Charles.B.Stewart@trashymail.com,219-617-7450
Anton,Reese,3995 Kinney Street,PITTSFIELD,MA,01201,Anton.M.Reese@mailinator.com,413-499-2585
Kevin,Dugan,3443 Clousson Road,CURLEW,IA,50527,Kevin.N.Dugan@dodgit.com,712-855-3259
Jeffery,Hendrix,2311 Canis Heights Drive,Los Angeles,CA,90071,Jeffery.M.Hendrix@spambob.com,213-628-4324
Alice,Borquez,4125 Bubby Drive,Austin,TX,78701,Alice.L.Borquez@trashymail.com,512-397-4140
Tom,Mcbride,4790 Keyser Ridge Road,Greensboro,NC,27401,Tom.S.Mcbride@dodgit.com,336-432-3147
Willard,Tackett,4131 Duffy Street,SAN PIERRE,IN,46374,Willard.K.Tackett@pookmail.com,219-828-9349
Jonathan,Rivera,1351 Benson Park Drive,OKLA CITY,OK,73107,Jonathan.G.Rivera@trashymail.com,405-514-7776
Albert,Elliott,554 Oakwood Circle,LAGUNA BEACH,CA,92651,Albert.R.Elliott@mailinator.com,949-371-4555
Mary,Egan,2285 Carson Street,San Diego,CA,92103,Mary.W.Egan@dodgit.com,858-964-0342
Wendy,Henson,2050 Walnut Street,ENTERPRISE,MS,39330,Wendy.M.Henson@dodgit.com,601-659-8656
Alberto,Garrison,3241 Clifford Street,Oakland,CA,94612,Alberto.J.Garrison@trashymail.com,510-699-0354
Tamara,Savage,2046 Neuport Lane,DUNWOODY,GA,30338,Tamara.G.Savage@spambob.com,770-351-8570
Robin,Fuller,2645 Cambridge Court,Fort Smith,AR,72901,Robin.S.Fuller@dodgit.com,479-785-3066
Andrew,Hopson,3481 Brooklyn Street,Eugene,OR,97401,Andrew.N.Hopson@spambob.com,541-221-4371
Inga,Sanfilippo,35 Hilltop Drive,Amarillo,TX,79109,Inga.R.Sanfilippo@trashymail.com,806-359-0363
Tammy,Nickerson,2814 Elmwood Avenue,Philadelphia,PA,19103,Tammy.R.Nickerson@pookmail.com,484-200-7081
Tammy,Stevens,2913 Matthews Street,Dekalb,IL,60115,Tammy.D.Stevens@pookmail.com,815-595-5475
William,Ellis,1600 Martha Ellen Drive,ALAMO,NV,89001,William.M.Ellis@dodgit.com,775-725-3033
David,Mcmillin,3962 Quilly Lane,Westerville,OH,43081,David.M.Mcmillin@pookmail.com,614-536-5514
Helen,Matthews,1645 Selah Way,BRATTLEBORO,VT,05301,Helen.R.Matthews@dodgit.com,802-628-9238
Peter,Walling,4973 Clair Street,Killeen,TX,76541,Peter.D.Walling@mailinator.com,254-628-7295
Jessica,Kiernan,3334 Lincoln Drive,Harrisburg,PA,17109,Jessica.G.Kiernan@mailinator.com,717-652-5957
Michael,Bowman,2380 Hillside Drive,Opelousas,LA,70570,Michael.L.Bowman@trashymail.com,337-943-7541
Stephanie,Miller,3724 Crestview Terrace,LYTLE,TX,78052,Stephanie.R.Miller@dodgit.com,830-772-7979
Ana,Hobson,2840 West Drive,Bridgeview,IL,60455,Ana.T.Hobson@pookmail.com,312-498-2563
Don,Jackson,3026 Davis Avenue,Oakland,CA,94612,Don.K.Jackson@trashymail.com,707-699-6545
Kathleen,Wilson,1072 Bungalow Road,Omaha,NE,68104,Kathleen.D.Wilson@mailinator.com,402-981-3099
Rebecca,Bridges,1069 Nuzum Court,MAPLEHURST,NY,14743,Rebecca.G.Bridges@trashymail.com,716-557-2952
Carlton,Hendrickson,2927 Old House Drive,Baltimore,OH,43105,Carlton.A.Hendrickson@spambob.com,740-862-9859
Stephen,Sprinkle,3725 Stiles Street,Bethel Park,PA,15102,Stephen.J.Sprinkle@pookmail.com,412-595-6377
John,Hall,4334 Coventry Court,GULFPORT,MS,39501,John.M.Hall@trashymail.com,228-243-1502
Max,Kistner,4244 Sand Fork Road,YEOMAN,IN,47997,Max.D.Kistner@dodgit.com,574-965-4163
Corrine,Fink,2722 Glory Road,OLD ZION,TN,38583,Corrine.M.Fink@trashymail.com,931-761-9192
Ryan,Burgess,2270 Shady Pines Drive,Scottsville,KY,42164,Ryan.S.Burgess@trashymail.com,270-943-0535
Portia,Gomes,986 Deercove Drive,Dallas,TX,75212,Portia.J.Gomes@dodgit.com,214-926-6023
Don,Yamashita,2930 Denver Avenue,Mira Loma,CA,91752,Don.M.Yamashita@pookmail.com,951-377-2264
Albert,Coomer,4085 Maple Court,PARMA,MO,63870,Albert.A.Coomer@mailinator.com,573-357-2561
Michael,Vogel,3292 Coventry Court,Baton Rouge,LA,70814,Michael.M.Vogel@trashymail.com,225-907-9753
Caroline,Deutsch,3177 Oakdale Avenue,Tampa,FL,33610,Caroline.C.Deutsch@spambob.com,863-608-3926
Brian,Taylor,3808 Abner Road,BOULDER JUNCTION,WI,54512,Brian.J.Taylor@trashymail.com,715-385-9935
Virginia,Howard,2498 Masonic Hill Road,Little Rock,AR,72201,Virginia.W.Howard@mailinator.com,501-575-1975
Jake,Cochran,4183 Clearview Drive,Denver,CO,80265,Jake.L.Cochran@trashymail.com,303-729-5244
Lionel,Gonzales,3643 Lindale Avenue,Oakland,CA,94621,Lionel.A.Gonzales@spambob.com,510-569-8886
Elizabeth,Montgomery,2179 Alfred Drive,Brooklyn,NY,11234,Elizabeth.M.Montgomery@dodgit.com,718-209-8245
David,Packard,691 Columbia Boulevard,Elkton,MD,21921,David.M.Packard@dodgit.com,410-398-1298
Harry,Wall,244 Illinois Avenue,Tigard,OR,97223,Harry.Y.Wall@trashymail.com,503-752-7359
Mary,Ellison,3721 Duncan Avenue,New York,NY,10005,Mary.T.Ellison@pookmail.com,917-530-6050
Loretta,Tran,2563 James Street,Fairport,NY,14450,Loretta.K.Tran@dodgit.com,585-755-7778
John,Richardson,1608 Valley View Drive,CAMBRIDGE,MA,02141,John.J.Richardson@pookmail.com,617-679-4175
Carla,Graham,672 Westwood Avenue,Wantagh,NY,11793,Carla.O.Graham@mailinator.com,516-826-2252
Roger,Massingill,4581 Duff Avenue,BRATTLEBORO,VT,05301,Roger.J.Massingill@pookmail.com,802-515-0735
Robert,Gallegos,4152 Passaic Street,RUTHERFORD,NJ,07070,Robert.E.Gallegos@dodgit.com,201-438-8839
Ryan,Kimbler,2565 Rainbow Road,Los Angeles,CA,90017,Ryan.T.Kimbler@spambob.com,626-250-9323
Robert,Ewell,1852 Marigold Lane,Fort Lauderdale,FL,33311,Robert.S.Ewell@trashymail.com,305-389-0418
Daisy,Daniels,642 Grove Street,Bethpage,NY,11714,Daisy.J.Daniels@trashymail.com,631-801-9202
Joel,Comeau,1450 Hanover Street,Whitestone,NY,11357,Joel.J.Comeau@pookmail.com,917-648-7718
Janine,Vazquez,2955 Fairway Drive,Concord,CA,94520,Janine.J.Vazquez@dodgit.com,707-481-5195
Beverly,Price,3151 Foley Street,Jupiter,FL,33478,Beverly.J.Price@pookmail.com,954-732-7836
Latoya,Welch,2061 Weekley Street,San Antonio,TX,78237,Latoya.T.Welch@trashymail.com,210-431-4054
Mathilde,Rivera,3650 Marion Street,Columbia,SC,29201,Mathilde.J.Rivera@trashymail.com,803-248-2901
Angela,Mcdonald,883 Duncan Avenue,New York,NY,10011,Angela.C.Mcdonald@trashymail.com,917-531-5424
James,Reid,69 Tanglewood Road,Greenwood,MS,38930,James.P.Reid@mailinator.com,662-903-3667
Edgar,Corning,4069 Blackwell Street,Cordova,AK,99574,Edgar.S.Corning@pookmail.com,907-429-6255
George,Kisner,4230 State Street,Detroit,MI,48219,George.A.Kisner@mailinator.com,313-970-9475
Verda,Griffin,97 Flint Street,SUSUPE(SAIPAN),NN,96950,Verda.R.Griffin@dodgit.com,670-286-1947
Patricia,Jones,94 Coburn Hollow Road,HOPEDALE,IL,61747,Patricia.K.Jones@pookmail.com,309-449-5865
Martha,Bush,4415 Poco Mas Drive,Dallas,TX,75219,Martha.B.Bush@mailinator.com,214-559-3806
Peggy,Gilles,2477 Paul Wayne Haggerty Road,Metairie,LA,70001,Peggy.T.Gilles@dodgit.com,504-458-2628
Dawn,Mancuso,1598 Hidden Meadow Drive,DEERING,ND,58731,Dawn.J.Mancuso@trashymail.com,701-728-9732
Patricia,Henry,1389 Hart Street,FARMINGTON,CT,06032,Patricia.I.Henry@spambob.com,860-284-7980
Laurel,Carr,3994 Fairfield Road,WAUKESHA,WI,53188,Laurel.R.Carr@dodgit.com,262-627-6478
Imelda,Thomas,369 Waterview Lane,Alamogordo,NM,88310,Imelda.G.Thomas@mailinator.com,505-443-7792
Elizabeth,Caldwell,2769 Martha Ellen Drive,Reno,NV,89509,Elizabeth.M.Caldwell@spambob.com,775-770-3635
George,Locke,4235 D Street,Southfield,MI,48075,George.S.Locke@dodgit.com,586-354-1439
Daniel,Bright,115 Morgan Street,Fort Walton Beach,FL,32548,Daniel.S.Bright@mailinator.com,850-496-0136
Thomas,Ziegler,1434 Farm Meadow Drive,Nashville,TN,37210,Thomas.A.Ziegler@mailinator.com,931-205-0810
Scott,Snyder,2904 Austin Secret Lane,FOUNTAIN GREEN,UT,84632,Scott.W.Snyder@trashymail.com,435-445-3687
Arthur,Watson,661 Kerry Way,Gardena,CA,90248,Arthur.L.Watson@trashymail.com,562-884-6760
Edward,Logan,3287 Happy Hollow Road,Wilmington,NC,28405,Edward.S.Logan@pookmail.com,910-512-5369
James,Eilers,3933 Eagle Street,Belleville,IL,62220,James.J.Eilers@spambob.com,618-310-3694
Vicky,Bradshaw,4757 Rainbow Road,Los Angeles,CA,90017,Vicky.B.Bradshaw@pookmail.com,626-226-7550
Scott,Pearson,535 Callison Lane,Wilmington,DE,19801,Scott.M.Pearson@dodgit.com,302-467-2659
Cleveland,Butler,575 Summit Park Avenue,Bloomfield Township,MI,48302,Cleveland.K.Butler@pookmail.com,248-882-1572
Margaret,Bartolome,444 Finwood Road,Freehold,NJ,07728,Margaret.J.Bartolome@dodgit.com,732-472-5811
David,Fiore,4582 Kennedy Court,Taunton,MA,02780,David.N.Fiore@mailinator.com,774-266-5572
Josephine,Phillips,376 College Avenue,Wilmington,OH,45177,Josephine.D.Phillips@dodgit.com,937-382-0588
Aaron,Barksdale,437 Grant View Drive,Hales Corners,WI,53130,Aaron.D.Barksdale@dodgit.com,414-525-2088
Joann,Stitt,1503 Canis Heights Drive,Los Angeles,CA,90007,Joann.G.Stitt@dodgit.com,213-747-5625
David,Stover,4312 Boring Lane,San Francisco,CA,94108,David.M.Stover@pookmail.com,415-732-2260
Aida,Cooper,924 Private Lane,Valdosta,GA,31601,Aida.J.Cooper@pookmail.com,229-333-8919
Valorie,Bohrer,2333 Ingram Street,Dayton,OH,45402,Valorie.J.Bohrer@mailinator.com,937-482-4312
Connie,Kelley,3362 Hickory Heights Drive,Baltimore,MD,21201,Connie.L.Kelley@pookmail.com,443-922-9748
Johnny,Wells,4551 Big Indian,METAIRIE,LA,70007,Johnny.C.Wells@dodgit.com,504-704-7054
Frank,Sprague,4513 Rowes Lane,Madisonville,KY,42431,Frank.K.Sprague@pookmail.com,270-675-9187
Michelle,Robertson,3788 Archwood Avenue,SHOSHONI,WY,82649,Michelle.K.Robertson@dodgit.com,307-876-4002
Daniel,Ferrer,3472 Grant View Drive,Milwaukee,WI,53203,Daniel.A.Ferrer@spambob.com,414-433-7243
William,Black,4173 Fairfax Drive,NEW BRUNSWICK,NJ,08901,William.T.Black@spambob.com,908-947-3069
James,Richmond,4577 Harry Place,ALTON,NC,28112,James.N.Richmond@trashymail.com,704-764-7380
Sylvia,Greenberg,4010 Haymond Rocks Road,TYGH VALLEY,OR,97063,Sylvia.R.Greenberg@mailinator.com,541-483-7891
Edward,Cardwell,3624 Breezewood Court,ST PAUL,KS,66771,Edward.K.Cardwell@pookmail.com,620-449-0351
William,Hull,1282 Mahlon Street,Farmington Hills,MI,48335,William.A.Hull@spambob.com,734-220-7008
Steven,Rush,319 Grim Avenue,San Diego,CA,92103,Steven.J.Rush@dodgit.com,619-692-7165
Victor,Ballard,2164 Ruckman Road,Oklahoma City,OK,73102,Victor.A.Ballard@pookmail.com,405-735-7038
John,Leon,2511 Pleasant Hill Road,Long Beach,CA,90802,John.M.Leon@spambob.com,562-245-3130
Lynda,Jackson,4394 Daylene Drive,Ann Arbor,MI,48104,Lynda.J.Jackson@trashymail.com,734-565-5706
Lisa,Carson,3795 Olen Thomas Drive,SCOTLAND,TX,76379,Lisa.J.Carson@spambob.com,940-541-3947
John,Cheatham,2976 Poplar Street,Chicago,IL,60605,John.G.Cheatham@dodgit.com,708-768-5935
Malinda,Wallace,3883 Jacobs Street,Pittsburgh,PA,15213,Malinda.B.Wallace@spambob.com,412-383-9104
Bruce,Harris,1973 White Oak Drive,Blue Springs,MO,64015,Bruce.A.Harris@mailinator.com,816-598-7092
Jill,Sosa,4569 Logan Lane,Denver,CO,80202,Jill.R.Sosa@mailinator.com,303-285-0358
Thomas,Hacker,423 Badger Pond Lane,SKYWAY,FL,33711,Thomas.W.Hacker@dodgit.com,727-328-5514
Gerald,Harris,2401 Finwood Road,New Brunswick,NJ,08901,Gerald.B.Harris@dodgit.com,732-415-5545
Kim,Howe,977 Patton Lane,Raleigh,NC,27603,Kim.S.Howe@mailinator.com,919-229-5898
Michael,Foreman,2119 Saint Marys Avenue,Syracuse,NY,13202,Michael.J.Foreman@dodgit.com,315-847-7831
Douglas,Cottrell,1352 John Daniel Drive,COLUMBIA,MO,65207,Douglas.A.Cottrell@dodgit.com,573-622-8484
Patricia,Wagner,4170 Jett Lane,Gardena,CA,90247,Patricia.B.Wagner@trashymail.com,310-705-7114
Linda,Howell,3094 Fantages Way,LEWISTON,ME,04240,Linda.W.Howell@spambob.com,207-755-3823
Henry,Morgan,1220 Orphan Road,Appleton,WI,54913,Henry.M.Morgan@spambob.com,715-965-5484
Heather,Villa,3304 Pheasant Ridge Road,Philadelphia,PA,19153,Heather.C.Villa@trashymail.com,215-492-0133
Mary,Clifford,1107 Plainfield Avenue,SYRACUSE,NY,13221,Mary.D.Clifford@mailinator.com,315-557-1925
Stephen,Bartlett,1105 Lodgeville Road,Minneapolis,MN,55402,Stephen.K.Bartlett@trashymail.com,612-318-0405
Donna,Murphy,2503 Coulter Lane,Richmond,VA,23222,Donna.M.Murphy@spambob.com,804-228-6868
Robert,Henderson,4783 Argonne Street,Newark,DE,19711,Robert.E.Henderson@mailinator.com,302-317-3360
Dale,Martin,186 Derek Drive,Navarre,OH,44662,Dale.S.Martin@trashymail.com,330-359-2267
Lee,Schaller,340 Bridge Avenue,Welsh,LA,70591,Lee.S.Schaller@mailinator.com,337-734-1649
Modesto,Cooley,140 Walnut Drive,Bowbells,ND,58721,Modesto.L.Cooley@spambob.com,701-377-2368
Tyron,Bevins,766 Nash Street,Detroit,MI,48226,Tyron.P.Bevins@mailinator.com,313-237-1986
Joseph,Beckwith,2843 Devils Hill Road,Jackson,MS,39201,Joseph.J.Beckwith@mailinator.com,601-850-2673
Norman,Welliver,4352 Twin House Lane,Springfield,MO,65804,Norman.P.Welliver@dodgit.com,417-366-7919
Shirley,Smith,943 Kuhl Avenue,Atlanta,GA,30303,Shirley.L.Smith@spambob.com,678-659-1337
Kelly,Osullivan,2449 Haul Road,Saint Paul,MN,55102,Kelly.L.Osullivan@spambob.com,651-220-9811
Susan,Hogan,1939 Fannie Street,Bay City,TX,77414,Susan.R.Hogan@dodgit.com,979-240-0104
Charlotte,Peeples,4137 Brentwood Drive,Austin,TX,78753,Charlotte.P.Peeples@trashymail.com,512-836-4898
Frank,Manuel,2881 Ingram Road,Asheboro,NC,27203,Frank.M.Manuel@mailinator.com,336-588-4425
Frances,Mcdaniel,2694 Clay Lick Road,Aurora,CO,80014,Frances.W.Mcdaniel@dodgit.com,720-533-8678
Carole,Amore,477 Bottom Lane,Buffalo,NY,14202,Carole.B.Amore@pookmail.com,716-740-6976
Maria,Wilson,2744 Lincoln Street,EGG HARBOR,NJ,08232,Maria.E.Wilson@dodgit.com,609-432-6939
Karen,Rosa,4767 Timber Ridge Road,ROSEVILLE,CA,95678,Karen.C.Rosa@mailinator.com,916-787-4158
Robert,Ellis,1599 Fidler Drive,San Antonio,TX,78219,Robert.P.Ellis@pookmail.com,210-662-7233
Gabriel,Pate,2537 Baker Avenue,Fort Worth,TX,76102,Gabriel.T.Pate@pookmail.com,817-815-8311
Howard,Lehman,994 Owen Lane,Grand Rapids,MI,49503,Howard.C.Lehman@dodgit.com,231-896-0259
Mary,Choi,3765 Crestview Manor,Indianapolis,IN,46219,Mary.V.Choi@mailinator.com,317-322-5832
Steven,Davidson,169 Bell Street,New York,NY,10019,Steven.P.Davidson@spambob.com,212-275-5185
Deedee,Mcadams,1352 Post Farm Road,Atlanta,GA,30303,Deedee.S.Mcadams@pookmail.com,404-260-5472
Paula,Parker,1938 Penn Street,MORRISON,MO,65061,Paula.R.Parker@mailinator.com,573-294-3911
Carrie,Gonzalez,1204 Robinson Court,Midland,MI,48640,Carrie.B.Gonzalez@trashymail.com,989-495-3279
William,Schultz,899 Bedford Street,NEW CANAAN,CT,06840,William.C.Schultz@dodgit.com,203-966-0899
Elizabeth,Norris,26 Raoul Wallenberg Place,NORWALK,CT,06851,Elizabeth.J.Norris@pookmail.com,203-840-5656
Emmett,Travis,929 Buena Vista Avenue,BEND,OR,97701,Emmett.D.Travis@spambob.com,541-678-1181
Barbara,Sanders,3081 Edwards Street,NEW BERN,NC,28560,Barbara.G.Sanders@pookmail.com,252-639-3904
Ruby,Hines,1207 Geraldine Lane,New York,NY,10038,Ruby.D.Hines@trashymail.com,646-276-0594
Tyrone,Thomas,4582 Sycamore Lake Road,Milwaukee,WI,53202,Tyrone.L.Thomas@pookmail.com,920-392-8680
Damon,Pitts,1882 Monroe Avenue,Port Charlotte,FL,33952,Damon.C.Pitts@trashymail.com,941-629-7735
Anna,Geyer,555 State Street,Detroit,MI,48226,Anna.A.Geyer@dodgit.com,313-976-9914
Crystal,Fleming,187 Corpening Drive,Farmington Hills,MI,48335,Crystal.H.Fleming@mailinator.com,248-409-9472
Theodore,Funke,1173 Lilac Lane,OAK PARK,GA,30401,Theodore.J.Funke@dodgit.com,912-578-4784
Scott,Baker,1625 Chestnut Street,Polk City,FL,33868,Scott.S.Baker@pookmail.com,727-460-4156
Randy,Mccarter,4508 John Calvin Drive,Chicago,IL,60606,Randy.G.Mccarter@pookmail.com,708-859-9283
Susan,Smith,4632 Clay Lick Road,Boulder,CO,80302,Susan.G.Smith@pookmail.com,720-562-6090
Arlene,Topper,634 Marshall Street,Severna Park,MD,21146,Arlene.P.Topper@dodgit.com,410-656-0025
Diane,Bernabe,4133 White Avenue,Corpus Christi,TX,78476,Diane.T.Bernabe@pookmail.com,361-774-3930
Charles,Perkins,3524 Trails End Road,Jupiter,FL,33478,Charles.J.Perkins@dodgit.com,954-295-6996
Pamela,Lasky,4982 Scenic Way,CISCO,IL,61830,Pamela.S.Lasky@mailinator.com,217-669-1089
Mary,Carrick,2181 Smith Street,Worcester,MA,01610,Mary.R.Carrick@trashymail.com,508-802-7465
Marjorie,Ramirez,916 Star Trek Drive,Fort Walton Beach,FL,32548,Marjorie.D.Ramirez@spambob.com,850-362-5375
Kevin,Lopez,2921 Java Lane,Orangeburg,SC,29115,Kevin.J.Lopez@dodgit.com,803-515-4115
John,Albright,859 Valley Street,MARLTON,NJ,08053,John.A.Albright@pookmail.com,856-751-7961
Eva,Chen,1399 Charla Lane,ALLEN,TX,75002,Eva.M.Chen@pookmail.com,972-747-3324
Traci,Thorpe,2436 Adamsville Road,Laredo,TX,78040,Traci.E.Thorpe@spambob.com,956-729-7066
Flora,Mercer,4855 Robinson Lane,Saint Clairsville,OH,43950,Flora.S.Mercer@dodgit.com,740-359-9214
Emily,Norris,3108 Heritage Road,Oakhurst,CA,93644,Emily.J.Norris@pookmail.com,559-692-5106
Evan,Ostrander,2869 Palmer Road,Columbus,OH,43215,Evan.M.Ostrander@trashymail.com,614-686-3773
Juan,Brown,3545 Pearlman Avenue,CHELMSFORD,MA,01824,Juan.J.Brown@trashymail.com,978-256-3929
Geneva,Garner,4499 Franklee Lane,Philadelphia,PA,19108,Geneva.D.Garner@pookmail.com,484-581-0670
William,Higgins,3343 Courtright Street,MINNEWAUKAN,ND,58351,William.B.Higgins@trashymail.com,701-473-7605
Jason,Jones,4374 Lunetta Street,Fort Worth,TX,76104,Jason.M.Jones@trashymail.com,940-902-7365
Robert,Ferguson,4251 Tyler Avenue,Fort Lauderdale,FL,33309,Robert.P.Ferguson@pookmail.com,305-334-8925
Anne,Portillo,3265 Bombardier Way,Taylor,MI,48180,Anne.M.Portillo@pookmail.com,734-947-6386
Josefa,Chavez,2494 Brentwood Drive,Austin,TX,78758,Josefa.G.Chavez@dodgit.com,512-789-0561
Deborah,Bissett,1385 Woodland Drive,Chicago,IL,60606,Deborah.J.Bissett@dodgit.com,708-978-2606
Sandra,Hamm,3466 Feathers Hooves Drive,New York,NY,10011,Sandra.M.Hamm@pookmail.com,631-731-6578
Tami,Santana,1925 Lyon Avenue,OAKHAM,MA,01068,Tami.E.Santana@spambob.com,508-882-0278
Sally,Egan,3621 Giraffe Hill Drive,Plano,TX,75074,Sally.V.Egan@pookmail.com,972-319-7684
Cathy,Ferguson,4009 Highland Drive,CEDAR GROVE,WI,53013,Cathy.E.Ferguson@trashymail.com,920-668-6900
Sherry,Smith,1003 Orphan Road,Green Bay,WI,54303,Sherry.J.Smith@mailinator.com,715-880-4106
Michael,Hahn,2382 Huntz Lane,MARLBORO,MA,01752,Michael.A.Hahn@trashymail.com,978-552-8690
Elmer,Brown,2643 Braxton Street,Crystal Lake,IL,60012,Elmer.R.Brown@spambob.com,815-482-2820
John,Garza,3747 Bel Meadow Drive,San Dimas,CA,91773,John.S.Garza@dodgit.com,909-394-2032
Mary,Deramus,4120 Despard Street,ATLANTA,GA,30309,Mary.H.Deramus@dodgit.com,404-724-6156
Charlotte,Simmons,816 Collins Avenue,Hilliard,OH,43026,Charlotte.R.Simmons@dodgit.com,614-771-1845
Marie,Nair,539 Hinkle Lake Road,CAMBRIDGE,MA,02141,Marie.G.Nair@pookmail.com,617-452-8218
Wayne,Kellogg,4542 Water Street,Oakland,CA,94612,Wayne.D.Kellogg@spambob.com,925-361-1968
Brian,Reeves,3969 School Street,Adelphi,DC,20783,Brian.K.Reeves@trashymail.com,202-997-6746
Renee,Collard,4165 Sycamore Circle,Dallas,TX,75234,Renee.K.Collard@trashymail.com,682-554-9362
Bonnie,Alexander,676 Victoria Court,WOODLAND,ME,04694,Bonnie.M.Alexander@dodgit.com,207-427-4623
Mark,Bulter,2967 Shinn Street,New York,NY,10022,Mark.R.Bulter@mailinator.com,212-705-9086
Corey,Quinn,2059 Pooz Street,NEWARK,NJ,07102,Corey.S.Quinn@pookmail.com,732-231-3944
Constance,Doyle,1291 Southern Street,Long Island City,NY,11101,Constance.J.Doyle@dodgit.com,516-634-7937
Allison,Sanchez,4562 Beeghley Street,Huntsville,AL,35816,Allison.J.Sanchez@trashymail.com,256-214-6655
Kellie,Ash,3704 Tenmile,Newport News,VA,23608,Kellie.G.Ash@spambob.com,757-872-7877
Tina,Small,1791 Brannon Street,Los Angeles,CA,90017,Tina.A.Small@mailinator.com,213-246-0091
William,Stults,2033 Badger Pond Lane,Tampa,FL,33602,William.A.Stults@mailinator.com,727-259-8014
Karen,Bahr,3455 Franklee Lane,Fort Washington,PA,19034,Karen.Z.Bahr@mailinator.com,484-623-7139
James,Jackson,1460 Mahlon Street,PISCATAWAY,NJ,08854,James.M.Jackson@mailinator.com,732-932-8151
John,Galiano,3374 Boring Lane,San Francisco,CA,94110,John.A.Galiano@dodgit.com,415-648-5135
Tracy,Gomez,2635 Twin House Lane,PURDY,MO,65734,Tracy.R.Gomez@pookmail.com,417-442-2708
Marilyn,Strain,2301 Hall Place,Longview,TX,75604,Marilyn.J.Strain@spambob.com,903-752-4239
Lynda,Steiger,3629 Meadow Lane,Oakland,CA,94612,Lynda.D.Steiger@dodgit.com,707-327-9293
Beverly,Anderson,1 Libby Street,West Los Angeles,CA,90025,Beverly.D.Anderson@dodgit.com,310-268-4591
Lillian,Sweeney,3973 Elk Avenue,CLARKLAKE,MI,49234,Lillian.W.Sweeney@pookmail.com,517-529-1344
Daniel,Williams,2391 Tea Berry Lane,NAMEKAGON,WI,54821,Daniel.C.Williams@dodgit.com,715-794-5331
Kathleen,Grasty,4512 Hillcrest Avenue,QUINCY,MA,02169,Kathleen.V.Grasty@pookmail.com,781-903-1631
Larry,Her,3864 McDonald Avenue,ALTAMONTE SPRINGS,FL,32701,Larry.J.Her@spambob.com,407-830-2615
James,Emmanuel,3459 Deer Haven Drive,Greenville,SC,29607,James.K.Emmanuel@trashymail.com,864-314-3212
Paul,Hansen,1663 Drainer Avenue,Tallahassee,FL,32304,Paul.T.Hansen@spambob.com,850-576-5222
Shannon,Daniel,169 August Lane,Shreveport,LA,71101,Shannon.A.Daniel@spambob.com,318-465-4466
Ross,Trotter,3971 West Drive,Hickory Hills,IL,60457,Ross.B.Trotter@spambob.com,312-505-6457
Jermaine,Sloan,2687 River Road,KENTON,CO,73946,Jermaine.J.Sloan@pookmail.com,719-461-9412
Bernadette,King,3819 Main Street,SEATTLE,WA,98101,Bernadette.B.King@spambob.com,425-647-3758
Randy,Berk,3100 Ashcraft Court,El Cajon,CA,92020,Randy.J.Berk@mailinator.com,619-442-0518
Paul,Walker,3956 Lucky Duck Drive,Pittsburgh,PA,15210,Paul.S.Walker@mailinator.com,412-881-2369
Patricia,Allen,2830 rue des Églises Est,REMIGNY,QC,J0Z 3H0,Patricia.M.Allen@dodgit.com,819-761-3963
Ted,King,4104 St Jean Baptiste St,VAL BRILLANT,QC,G0J 3L0,Ted.H.King@pookmail.com,418-742-1280
Chana,Cole,989 rue des Églises Est,ST PAUL D'ABBOTSFORD,QC,J0E 1A0,Chana.K.Cole@trashymail.com,450-379-6869
Jorge,White,488 Edson Drive,HINTON,AB,T7V 1E8,Jorge.A.White@trashymail.com,780-817-9820
Heather,Poe,3928 MacLaren Street,OTTAWA,ON,K1P 5M7,Heather.S.Poe@trashymail.com,613-957-4028
Timothy,Coates,229 St. Paul Street,ST CATHARINES,ON,L2R 7L4,Timothy.L.Coates@spambob.com,905-964-7993
Erica,Hutchinson,888 Wascana Parkway,REGINA,SK,S4S 2R3,Erica.J.Hutchinson@dodgit.com,306-359-1750
Terry,Cowman,932 Blind Bay Road,REVELSTOKE,BC,V0E 2S0,Terry.R.Cowman@pookmail.com,250-814-5716
Anna,Ahl,1533 Reserve St,HARROWSMITH,ON,K0H 1V0,Anna.H.Ahl@spambob.com,613-372-5952
Mildred,Garza,4673 Blind Bay Road,SALMON ARM,BC,V0E 2T0,Mildred.M.Garza@pookmail.com,250-833-9686
Esther,Livingston,3707 Maria St,BURLINGTON,ON,L7R 2G6,Esther.C.Livingston@spambob.com,905-638-6940
Assunta,Webb,4932 Lillooet Street,PRINCE ALBERT,SK,S6V 5R4,Assunta.A.Webb@spambob.com,306-961-2907
Irene,Lane,1167 40th Street,CALGARY,AB,T2C 2P3,Irene.T.Lane@pookmail.com,403-570-9226
Earl,Martinez,3171 184th Street,EDMONTON,AB,T5J 2R4,Earl.R.Martinez@mailinator.com,403-999-4033
John,Todd,1838 Reserve St,COLBORNE,ON,K0K 1S0,John.E.Todd@pookmail.com,905-355-9743
Frederick,Cooper,4428 Boulevard Cremazie,QUEBEC,QC,G1R 1B8,Frederick.D.Cooper@trashymail.com,418-529-2275
Mary,Thomson,3006 Victoria Park Ave,TORONTO,ON,M2J 3T7,Mary.C.Thomson@dodgit.com,416-990-5405
Cecil,Webb,3789 Venture Place,HIGH PRAIRIE,AB,T0G 1E0,Cecil.W.Webb@mailinator.com,780-523-1032
Peter,Serrano,1826 Tolmie St,VANCOUVER,BC,V6M 1Y8,Peter.J.Serrano@spambob.com,604-267-6647
Martin,Allard,1061 Yonge Street,TORONTO,ON,M4W 1J7,Martin.S.Allard@mailinator.com,416-358-9842
Scot,Edmonds,4314 MacLaren Street,OTTAWA,ON,K1P 5M7,Scot.V.Edmonds@mailinator.com,613-597-7450
Noel,Hammond,2666 Walsh Street,THUNDER BAY,ON,P7E 1J5,Noel.D.Hammond@mailinator.com,807-957-2853
Lana,Miller,2585 Albert Street,HARRIS,SK,S4P 3Y2,Lana.R.Miller@spambob.com,306-656-0055
Melanie,Case,4436 Roger Street,NANAIMO,BC,V9R 5H9,Melanie.L.Case@dodgit.com,250-758-0214
Karen,Wilcox,2204 Fourth Avenue,CALGARY,AB,T2P 0H3,Karen.C.Wilcox@trashymail.com,403-618-1667
Donald,Herrera,1985 Garafraxa St,PORT ELGIN,ON,N0H 2C0,Donald.J.Herrera@mailinator.com,519-386-2328
Claudia,Harper,1190 Exmouth Street,SARNIA,ON,N7T 4C8,Claudia.J.Harper@mailinator.com,519-383-3660
Michelle,Tang,127 Borough Drive,TORONTO,ON,M1P 4W2,Michelle.L.Tang@spambob.com,416-279-6073
John,Barker,4185 Eagle Rd,TORONTO,ON,M8Z 4H4,John.L.Barker@pookmail.com,416-234-2422
Suzanne,Griffith,3783 Mesa Vista Drive,WELLS,BC,V0K 2R0,Suzanne.R.Griffith@dodgit.com,250-994-6107
Leandro,Williams,382 Exmouth Street,SARNIA,ON,N7T 4C8,Leandro.C.Williams@mailinator.com,519-490-6405
John,Scott,2863 Bay Street,TORONTO,ON,M5J 2R8,John.L.Scott@trashymail.com,416-830-3434
Linda,Herrmann,4728 Woodvale Drive,LAMBETH,ON,N0L 1S2,Linda.J.Herrmann@trashymail.com,519-652-1732
Miguel,Curtsinger,2812 Riedel Street,FORT MCMURRAY,AB,T9H 3J9,Miguel.B.Curtsinger@pookmail.com,780-742-1856
Charlotte,Shafer,3946 Burdett Avenue,VICTORIA,BC,V8W 1B2,Charlotte.G.Shafer@pookmail.com,250-216-9367
Sophia,Spicer,4712 Holdom Avenue,SURREY,BC,V3T 4Y5,Sophia.R.Spicer@trashymail.com,604-587-0174
Mark,Phifer,2750 Robson St,VANCOUVER,BC,V6B 3K9,Mark.K.Phifer@dodgit.com,604-601-4801
George,Hultgren,751 Lockhart Drive,BARRIE,ON,L4M 3B1,George.M.Hultgren@pookmail.com,705-770-4792
Charlene,Troche,2401 Carling Avenue,OTTAWA,ON,K1Z 7B5,Charlene.S.Troche@mailinator.com,613-292-9399
Richard,Williams,1135 Quayside Dr,NEW WESTMINSTER,BC,V3M 6A1,Richard.V.Williams@trashymail.com,778-238-2353
Timothy,Sink,2212 Hammarskjold Dr,BURNABY,BC,V5B 3C9,Timothy.A.Sink@trashymail.com,604-293-7569
Jenny,Parmelee,3931 Lockhart Drive,BARRIE,ON,L4M 3B1,Jenny.S.Parmelee@mailinator.com,705-623-8199
Diana,Lopez,2573 King George Hwy,SURREY,BC,V3W 4E3,Diana.G.Lopez@mailinator.com,604-596-7549
Michelle,Price,2199 102nd Avenue,CRANBROOK,BC,V1C 2R9,Michelle.J.Price@pookmail.com,250-420-6842
John,Danner,3359 Blanshard,VICTORIA,BC,V8W 2H9,John.M.Danner@pookmail.com,250-857-3442
Casey,Sullivan,1076 Dominion St,LANCASTER,ON,K0C 1N0,Casey.K.Sullivan@dodgit.com,613-347-4437
Marie,Rhodes,3366 7th Ave,CALGARY,AB,T2P 0W4,Marie.S.Rhodes@spambob.com,403-241-2272
Stephen,Basso,2602 Charleton Ave,HAMILTON,ON,L8N 3X3,Stephen.R.Basso@pookmail.com,905-865-6474
Ricky,Joseph,4517 University Avenue,TORONTO,ON,M5J 1T1,Ricky.F.Joseph@spambob.com,416-847-7576
Latoya,Smith,2491 Reserve St,CARLETON PLACE,ON,K0G 1K0,Latoya.W.Smith@mailinator.com,613-451-1866
Gail,Astudillo,4924 Eglinton Avenue,TORONTO,ON,M4P 1A6,Gail.B.Astudillo@spambob.com,416-843-6552
Nathaniel,Rios,4024 Merton Street,TORONTO,ON,M1L 3K7,Nathaniel.S.Rios@mailinator.com,416-998-8482
Freda,Groesbeck,302 rue de la Gauchetière,MONTREAL,QC,H3B 2M3,Freda.A.Groesbeck@mailinator.com,514-398-8589
Paul,Smith,3603 Main St,WOLFVILLE,NS,B0P 1X0,Paul.J.Smith@dodgit.com,902-697-3585
Shane,Lane,2730 Carling Avenue,OTTAWA,ON,K1Z 7B5,Shane.P.Lane@dodgit.com,613-293-2078
Steven,Harris,2699 Reserve St,TAMWORTH,ON,K0K 3G0,Steven.F.Harris@trashymail.com,613-379-7291
Charles,Valenzuela,4715 90th Avenue,MORRIN,AB,T0J 2B0,Charles.H.Valenzuela@spambob.com,403-772-8195
James,Buford,4361 Papineau Avenue,MONTREAL,QC,H2K 4J5,James.E.Buford@trashymail.com,514-909-9065
Duane,Lewis,1931 Haaglund Rd,SUMMERLAND,BC,V0H 1Z0,Duane.P.Lewis@mailinator.com,250-494-4975
Roger,Steen,355 Bloor Street,CZAR,AB,T0B 0Z0,Roger.A.Steen@mailinator.com,780-857-1955
Eileen,Smith,560 Côte Joyeuse,BROMPTONVILLE,QC,H0H 0H0,Eileen.H.Smith@spambob.com,819-846-4547
Doris,Roberts,111 rue des Églises Est,CADILLAC,QC,J0Y 1C0,Doris.F.Roberts@mailinator.com,819-759-5224
Forrest,Jack,4670 Manitoba Street,BRACEBRIDGE,ON,P1L 2B7,Forrest.M.Jack@dodgit.com,705-765-5796
Randall,Sanchez,2138 49th Avenue,CAPE DORSET,NT,X0A 0C0,Randall.M.Sanchez@mailinator.com,867-897-0890
Morgan,Marshall,3130 Victoria Park Ave,TORONTO,ON,M4A 2M5,Morgan.S.Marshall@dodgit.com,416-755-4656
Reynaldo,Browder,1144 St Jean Baptiste St,LES ESCOUMINS,QC,G0T 1K0,Reynaldo.S.Browder@trashymail.com,418-233-5863
Rita,Mapes,485 Terry Fox Dr,FOX VALLEY,SK,S4P 3Y2,Rita.J.Mapes@trashymail.com,306-666-2529
James,Heath,3554 Lauzon Parkway,WINDSOR,ON,N9A 7A2,James.P.Heath@trashymail.com,519-566-3194
John,Minyard,435 Lockhart Drive,BARRIE,ON,L4M 3B1,John.M.Minyard@dodgit.com,705-726-1481
Ella,Cage,1853 René-Lévesque Blvd,MONTREAL,QC,H3B 4W8,Ella.R.Cage@trashymail.com,514-965-7284
Elsie,Chumbley,4391 Victoria Park Ave,TORONTO,ON,M2J 3T7,Elsie.B.Chumbley@mailinator.com,647-296-9329
William,Pollman,1507 MacLaren Street,OTTAWA,ON,K1P 5M7,William.E.Pollman@mailinator.com,613-245-5170
Julie,Murphy,1602 Robson St,VANCOUVER,BC,V6B 3K9,Julie.J.Murphy@dodgit.com,604-895-4960
Emma,Crews,3920 Queens Bay,KASLO,BC,V0G 1K0,Emma.B.Crews@dodgit.com,250-353-1133
Emma,Bloomquist,3896 Matheson St,KENORA,ON,P9N 1T8,Emma.M.Bloomquist@mailinator.com,807-465-2455
Lillian,Heitman,2585 René-Lévesque Blvd,MONTREAL,QC,H3B 4W8,Lillian.T.Heitman@mailinator.com,514-572-3728
Warren,Hanscom,4454 rue Ontario Ouest,MONTREAL,QC,H2X 1Y8,Warren.A.Hanscom@mailinator.com,514-288-7809
Harold,Horton,2741 Bridgeport Rd,PORT PERRY,ON,L9L 1K2,Harold.J.Horton@mailinator.com,905-985-3455
Erica,Landeros,4399 Woolwick Drive,TORONTO,ON,M1H 1A8,Erica.T.Landeros@mailinator.com,416-289-8516
Tequila,Rick,3936 Derry Rd,MALTON,ON,L4T 1A8,Tequila.D.Rick@dodgit.com,905-298-1955
Angela,Smith,1691 137th Avenue,EDMONTON,AB,T5C 2L2,Angela.A.Smith@dodgit.com,780-377-3478
George,Koenig,868 Sixth Street,NEW WESTMINISTER,BC,V3L 3C1,George.L.Koenig@dodgit.com,604-868-6102
Kevin,Fern,2864 Bellwood Acres Rd,MAGNETAWAN,ON,P0A 1P0,Kevin.S.Fern@dodgit.com,705-387-1954
Yvonne,Kell,752 Bank St,OTTAWA,ON,K1H 7Z1,Yvonne.T.Kell@pookmail.com,613-808-2272
Donald,Barnett,4702 Wyecroft Road,BURLINGTON,ON,L7P 2S9,Donald.B.Barnett@mailinator.com,905-336-3916
Michael,Gray,44 Weston Rd,TORONTO,ON,M9N 1G4,Michael.M.Gray@dodgit.com,416-248-3579
Ali,Spaulding,1706 Haaglund Rd,OKANAGAN FALLS,BC,V0H 1R0,Ali.D.Spaulding@spambob.com,250-497-9255
Tony,Pridgen,3009 Manitoba Street,HUNTSVILLE,ON,P1H 1P2,Tony.C.Pridgen@dodgit.com,705-380-8479
Eric,Hagerman,800 Islington Ave,TORONTO,ON,M9V 2X5,Eric.C.Hagerman@dodgit.com,416-745-8212
Randi,Sinclair,3099 St Jean Baptiste St,DELISLE,QC,G0W 1L0,Randi.F.Sinclair@dodgit.com,418-347-6516
Juan,Bauer,3319 St Marys Rd,WINNIPEG,MB,R2X 2Y7,Juan.P.Bauer@spambob.com,204-399-3718
Nikki,Bracco,2852 102nd Avenue,DAWSON CREEK,BC,V1G 2C4,Nikki.B.Bracco@spambob.com,250-782-7055
Lucy,Patterson,3119 Kinchant St,QUESNEL,BC,V2J 2R5,Lucy.K.Patterson@pookmail.com,250-255-1752
Frieda,Bray,975 rue Saint-Antoine,ST HYACINTHE,QC,J2S 4Y8,Frieda.S.Bray@mailinator.com,450-230-0907
Rita,Simpson,2292 Orenda Rd,BRAMPTON,ON,L6W 1Z2,Rita.A.Simpson@spambob.com,905-455-9596
Michael,Service,1729 40th Street,CALGARY,AB,T2N 2A7,Michael.K.Service@spambob.com,403-521-3497
Vernon,Crigler,459 Maynard Rd,CALGARY,AB,T2E 6J8,Vernon.K.Crigler@spambob.com,403-466-3361
William,Reed,255 Victoria Park Ave,TORONTO,ON,M2J 3T7,William.M.Reed@mailinator.com,416-491-6775
Michelle,Hefner,1750 Kinchant St,MISSION,BC,V2V 1J7,Michelle.J.Hefner@spambob.com,604-820-7636
Robert,Gonzalez,3302 137th Avenue,EDMONTON,AB,T5M 3K3,Robert.D.Gonzalez@spambob.com,780-452-1735
Dorothy,Nau,1850 Fallon Drive,COMBER,ON,N0P 1J0,Dorothy.M.Nau@dodgit.com,519-687-1043
Norma,Carbone,40 2nd Street,GIMLI,MB,R0C 1B0,Norma.T.Carbone@pookmail.com,204-651-6898
Patrina,Hanks,2722 Pearl Street,STREETSVILLE,ON,L5M 1X2,Patrina.J.Hanks@mailinator.com,905-286-5481
Jennifer,Plott,4562 St. John Street,BIGGAR,SK,S4P 3Y2,Jennifer.R.Plott@pookmail.com,306-948-4376
John,Bryant,1144 boulevard des Laurentides,TROIS RIVIERES,QC,G9A 3Y9,John.J.Bryant@trashymail.com,819-601-0220
Barry,Barber,1658 Bay Street,TORONTO,ON,M5J 2R8,Barry.J.Barber@mailinator.com,416-831-7148
Randy,Stocking,1685 137th Avenue,EDMONTON,AB,T5B 3V4,Randy.C.Stocking@trashymail.com,780-479-7648
Brenda,Jourdan,2060 Saint-Denis Street,MONTREAL,QC,H9R 3J4,Brenda.S.Jourdan@trashymail.com,514-428-0248
Juan,Moore,2446 Pitt St,CORNWALL,ON,K6J 3R2,Juan.T.Moore@trashymail.com,613-933-5360
Linda,Kays,4523 Lock Street,DUNNVILLE,ON,N1A 2H9,Linda.B.Kays@pookmail.com,905-774-4220
Mary,Arnold,3687 Main St,BLACK LAKE,QC,S0J 0H0,Mary.J.Arnold@pookmail.com,418-423-0397
Kandice,Chavez,2831 Davis Drive,MARKHAM,ON,L3P 2M4,Kandice.B.Chavez@trashymail.com,905-201-4392
Ronald,Kirkwood,3270 Victoria Park Ave,TORONTO,ON,M2J 3T7,Ronald.R.Kirkwood@spambob.com,416-718-2203
Gordon,Castillo,114 Cornwall Street,ESTEVAN,SK,S4A 0W6,Gordon.D.Castillo@mailinator.com,306-421-0194
Justin,Bock,4506 Paradise Crescent,HAUTERIVE,QC,G5C 1M1,Justin.E.Bock@spambob.com,418-567-1846
George,Bastien,4095 Tycos Dr,TORONTO,ON,M5T 1T4,George.Z.Bastien@dodgit.com,416-215-5836
Emily,Moran,3785 St-Jacques Est,PRINCEVILLE,QC,G6L 4X7,Emily.L.Moran@spambob.com,819-364-7233
Pamela,Fletcher,1109 Heritage Drive,CALGARY,AB,T2V 2W2,Pamela.C.Fletcher@trashymail.com,403-813-8704
Larry,Haffey,2632 Jasper Ave,EDMONTON,AB,T5J 3N6,Larry.T.Haffey@mailinator.com,780-932-7746
Tracy,Cobb,4330 Islington Ave,TORONTO,ON,M9V 2X5,Tracy.S.Cobb@mailinator.com,416-746-1614
Jacqueline,Heng,2276 rue Principale,AMOS,QC,J9T 1E4,Jacqueline.S.Heng@mailinator.com,819-442-9927
Kristina,Wisniewski,4173 Fallon Drive,PALMERSTON,ON,N0G 2P0,Kristina.R.Wisniewski@trashymail.com,519-343-6586
Patricia,Mata,1461 102nd Avenue,NELSON,BC,V1L 5P4,Patricia.T.Mata@pookmail.com,250-825-2244
Trang,Poland,3069 47th Avenue,DESTRUCTION BAY,NT,Y0B 1H0,Trang.M.Poland@mailinator.com,867-841-3442
Minnie,Gardner,1805 St Marys Rd,WINNIPEG,MB,R3C 0C4,Minnie.D.Gardner@mailinator.com,204-955-5509
Alta,Kellogg,4373 Port Washington Road,COCHRANE,AB,T0L 0W0,Alta.J.Kellogg@pookmail.com,403-851-1112
Margaret,Randle,3077 Merton Street,TORONTO,ON,M1L 3K7,Margaret.S.Randle@spambob.com,416-988-9884
Louie,Valladares,1522 Coldstream Avenue,VERNON,BC,V1T 6N1,Louie.A.Valladares@pookmail.com,250-549-0389
Larry,Snider,3390 Boulevard Laflèche,AMQUI,QC,G5J 1V5,Larry.A.Snider@spambob.com,418-629-4202
Candace,Dandrea,4389 rue Levy,MONTREAL,QC,H3C 5K4,Candace.J.Dandrea@spambob.com,514-703-1149
Rebecca,Miller,4451 Queen Elisabeth Blvd,KINDERSLEY,SK,S4P 3Y2,Rebecca.W.Miller@dodgit.com,306-463-2629
William,Taylor,1759 rue Levy,MONTREAL,QC,H3C 5K4,William.L.Taylor@spambob.com,514-349-6540
Erin,Mcbride,2084 Fallon Drive,KERWOOD,ON,N0M 2B0,Erin.R.Mcbride@dodgit.com,519-247-2817
Courtney,Padgett,522 Terry Fox Dr,FILLMORE,SK,S4P 3Y2,Courtney.B.Padgett@spambob.com,306-722-9355
James,Siegle,1158 Carter Crescent,ANTIGONISH,NS,B2G 2K8,James.J.Siegle@trashymail.com,902-872-5226
Lorraine,Tolliver,1733 Merton Street,TORONTO,ON,M1L 3K7,Lorraine.C.Tolliver@spambob.com,416-428-2521
Anita,Gage,4850 Balmy Beach Road,OWEN SOUND,ON,N4K 2N7,Anita.C.Gage@trashymail.com,519-375-1549
Lisa,Perkins,4637 Quayside Dr,NEW WESTMINSTER,BC,V3M 6A1,Lisa.J.Perkins@spambob.com,778-238-7895
Barbara,Danielson,3206 Halsey Avenue,TORONTO,ON,M3B 2W6,Barbara.D.Danielson@dodgit.com,416-370-4642
Irene,Hoard,2416 5th Avenue,WANHAM,AB,T0H 3P0,Irene.T.Hoard@spambob.com,780-694-9399
Peter,Williams,4840 Lock Street,GALT,ON,N1R 3Y8,Peter.R.Williams@trashymail.com,519-623-9930
Colene,Meier,2221 Toy Avenue,OSHAWA,ON,L1H 7M3,Colene.D.Meier@trashymail.com,905-261-2393
Alberto,Miller,1233 3rd Avenue,GRANDE PRAIRIE,AB,T1V 1N2,Alberto.B.Miller@pookmail.com,780-978-9059
Florence,Harrison,3909 Haaglund Rd,OKANAGAN FALLS,BC,V0H 1R0,Florence.D.Harrison@pookmail.com,250-497-7621
Dennis,Goldblatt,2140 Park Ct,NITON JUNCTION,AB,T0E 1S0,Dennis.J.Goldblatt@mailinator.com,780-795-2255
John,Coffin,4405 47th Avenue,DESTRUCTION BAY,NT,Y0B 1H0,John.K.Coffin@trashymail.com,867-841-8072
Lonnie,Kirkendall,255 King Street,UNIONVILLE,ON,I3R 0L7,Lonnie.O.Kirkendall@pookmail.com,905-480-2152
Kathryn,Jackson,733 49th Avenue,NANISIVIK,NT,X0A 0X0,Kathryn.R.Jackson@pookmail.com,867-436-0871
William,Beck,3778 rue Parc,SHERBROOKE,QC,J1L 1C9,William.M.Beck@pookmail.com,819-674-5510
Hattie,Baker,2703 Blind Bay Road,CLEARWATER,BC,V0E 1N0,Hattie.R.Baker@pookmail.com,250-674-9253
Charles,Robertson,670 Tycos Dr,TORONTO,ON,M5T 1T4,Charles.C.Robertson@spambob.com,416-971-9031
Hershel,Lowe,3235 Tchesinkut Lake Rd,BURNS LAKE,BC,V0J 1E0,Hershel.R.Lowe@pookmail.com,250-691-0009
James,Price,719 Bank St,OTTAWA,ON,K1H 7Z1,James.L.Price@dodgit.com,613-249-3430
Viola,Miller,3347 40th Street,CALGARY,AB,T2W 4H7,Viola.R.Miller@dodgit.com,403-251-0996
Alexandra,Glover,3266 Old Spallumcheen Rd,HUNTINGDON,BC,V0X 1M0,Alexandra.J.Glover@spambob.com,604-615-0722
Paula,Weikel,1011 MacLaren Street,OTTAWA,ON,K1P 5M7,Paula.C.Weikel@pookmail.com,613-755-7452
Ruben,Maher,984 rue Ontario Ouest,MONTREAL,QC,H2X 1Y8,Ruben.M.Maher@spambob.com,514-496-7429
Seth,Johnson,556 Sixth Street,NEW WESTMINSTER,BC,V3L 3C1,Seth.A.Johnson@dodgit.com,778-773-6048
Jose,Norton,1437 Princess St,KINGSTON,ON,K7L 1C2,Jose.B.Norton@dodgit.com,613-453-7633
Johanna,Baldridge,2117 Tycos Dr,TORONTO,ON,M5T 1T4,Johanna.J.Baldridge@trashymail.com,416-205-2358
Joanne,Rodgers,4168 Speers Road,OAKVILLE,ON,L6J 3X4,Joanne.D.Rodgers@pookmail.com,905-337-6363
Eunice,Hardy,3223 Heatherleigh,COOKSVILLE,ON,L5A 1V9,Eunice.J.Hardy@trashymail.com,905-306-1876
Fred,Brown,3013 rue des Églises Est,FUGEREVILLE,QC,J0Z 2A0,Fred.K.Brown@mailinator.com,819-748-0324
Dolores,Downard,34 Main St,MEADOW LAKE,SK,S0M 1V0,Dolores.J.Downard@spambob.com,306-236-0332
Betty,Mullins,784 Sixth Street,NEW WESTMINSTER,BC,V3L 3C1,Betty.J.Mullins@trashymail.com,604-519-8761
Leslie,Watson,4574 Nelson Street,COCHENOUR,ON,P0V 1L0,Leslie.D.Watson@mailinator.com,807-662-7872
Steven,Townsend,2735 5th Avenue,RAINBOW LAKE,AB,T0H 2Y0,Steven.R.Townsend@dodgit.com,780-956-7393
Lynne,Allen,3359 rue Boulay,ACTON VALE,QC,J0H 1A0,Lynne.L.Allen@spambob.com,450-546-9400
Patricia,Justus,1381 Sherbrooke Ouest,MONTREAL,QC,H4A 1H3,Patricia.A.Justus@spambob.com,514-826-3329
Johnny,Hernandez,576 Robson St,VANCOUVER,BC,V6B 3K9,Johnny.C.Hernandez@spambob.com,604-488-9108
Mike,Alber,435 Hammarskjold Dr,BURNABY,BC,V5B 3C9,Mike.J.Alber@dodgit.com,604-450-0774
Larry,Proctor,4072 Albert Street,HALLONQUIST,SK,S4P 3Y2,Larry.J.Proctor@mailinator.com,306-553-6950
Josephine,Koons,472 Rayborn Crescent,ST ALBERT,AB,T8N 1C7,Josephine.C.Koons@spambob.com,780-418-5536
Tracey,Watson,1397 Weir Crescent,TORONTO,ON,M1E 3T8,Tracey.B.Watson@trashymail.com,416-287-0990
Tara,Miller,857 Lynden Road,TOTTENHAM,ON,L0G 1W0,Tara.W.Miller@spambob.com,905-936-3260
Judith,Garza,3232 Bay Street,TORONTO,ON,M5J 2R8,Judith.W.Garza@trashymail.com,416-827-8171
Beatrice,Fletcher,2175 St Jean Baptiste St,NORBERTVILLE,QC,G0P 1B0,Beatrice.M.Fletcher@dodgit.com,819-369-0933
Timothy,Romero,910 90th Avenue,SIBBALD,AB,T0J 3E0,Timothy.G.Romero@dodgit.com,403-676-8755
William,Bernstein,2194 Yoho Valley Road,PARSON,BC,V0A 1L0,William.J.Bernstein@mailinator.com,250-348-5562
Anthony,Blake,284 Halsey Avenue,TORONTO,ON,M3B 2W6,Anthony.V.Blake@spambob.com,416-450-5219
Sam,Snyder,3499 Tycos Dr,TORONTO,ON,M5T 1T4,Sam.H.Snyder@pookmail.com,416-263-8450
Dennis,Franson,4700 9th Ave,LETHBRIDGE,AB,T1J 2J7,Dennis.M.Franson@spambob.com,403-388-6319
John,Hendricks,1720 Tolmie St,VANCOUVER,BC,V6R 4C5,John.L.Hendricks@spambob.com,604-228-1084
Twanna,Jackson,691 Blind Bay Road,ARMSTRONG,ON,V0E 1B0,Twanna.F.Jackson@mailinator.com,807-982-9226
Marcus,Forman,3359 Duke Street,MONTREAL,QC,H3C 5K4,Marcus.R.Forman@dodgit.com,514-226-9310
Ramon,Barrett,4354 Central Pkwy,ERIN MILLS,ON,L5L 3A1,Ramon.H.Barrett@pookmail.com,905-607-5599
George,Bartley,2395 Sheppard Ave,TORONTO,ON,M1S 1T4,George.S.Bartley@mailinator.com,416-396-1249
Felipe,Draper,4735 Woodvale Drive,WEST LORNE,ON,N0L 2P0,Felipe.K.Draper@dodgit.com,519-768-0732
Georgia,Bowser,297 Davis Drive,ORILLIA,ON,L3V 1T4,Georgia.D.Bowser@mailinator.com,705-326-4765
Victoria,Aguila,3040 Wentz Avenue,SASKATOON,SK,S7K 7A9,Victoria.E.Aguila@spambob.com,306-261-9697
James,Eyman,4349 Main St,CARROT RIVER,SK,S0E 0L0,James.L.Eyman@pookmail.com,306-768-0030
Michael,Hutchison,4679 Duke Street,MONTREAL,QC,H3C 5K4,Michael.A.Hutchison@dodgit.com,514-237-9014
Caitlin,Reed,813 Lynden Road,VICTORIA,ON,L0H 1E0,Caitlin.J.Reed@mailinator.com,905-838-1666
Cary,Powell,1995 Eglinton Avenue,TORONTO,ON,M4P 1A6,Cary.E.Powell@pookmail.com,647-206-2734
Betty,Helzer,2399 Main St,LANGENBURG,SK,S0A 2A0,Betty.K.Helzer@pookmail.com,306-743-8052
Michael,Belanger,736 Speers Road,BRAMPTON,ON,L6T 3W9,Michael.E.Belanger@dodgit.com,905-789-3777
Sheryl,Hodge,1013 Baker Street,LONDON,ON,N0N 0N0,Sheryl.T.Hodge@dodgit.com,519-709-6099
Dorothy,Wallace,4840 43rd Avenue,WHITEHORSE,NT,Y1A 2A2,Dorothy.A.Wallace@trashymail.com,867-633-8733
Billy,Hudson,2995 Hillside Dr,ELLIOT LAKE,ON,P5A 2A1,Billy.R.Hudson@mailinator.com,705-848-5581
Larry,Lang,1216 Queens Bay,VALLICAN,BC,V0G 1E0,Larry.B.Lang@trashymail.com,250-226-7966
Shirley,Duncan,4269 Nelson Street,SEVERN BRIDGE,ON,P0E 1N0,Shirley.J.Duncan@trashymail.com,705-689-0278
Daryl,Batchelor,1882 St Jean Baptiste St,EAST BROUGHTON,QC,G0N 1G0,Daryl.G.Batchelor@dodgit.com,418-427-9000
Agustina,Lynch,2105 Sheppard Ave,TORONTO,ON,M1S 1T4,Agustina.R.Lynch@spambob.com,647-212-1484
Gerard,Acosta,4293 Port Washington Road,COCHRANE,AB,T0L 0W0,Gerard.M.Acosta@trashymail.com,403-932-9746
Lois,Allen,3218 Bellwood Acres Rd,DWIGHT,ON,P0A 1H0,Lois.G.Allen@spambob.com,705-635-7730
Alan,Raglin,2441 Queens Sq,HESPELER,ON,N3C 1H3,Alan.D.Raglin@trashymail.com,519-240-4690
Sonya,Seefeldt,2104 Pine Street,STETTLER,AB,T0C 2L2,Sonya.J.Seefeldt@pookmail.com,403-740-7160
Dorcas,Holley,505 Toy Avenue,AJAX PICKERING,ON,L1W 3N9,Dorcas.J.Holley@mailinator.com,905-391-5429
Eleanor,Avalos,1542 Brant Ave,LITTLE BUFFALO,AB,T1T 1T1,Eleanor.T.Avalos@mailinator.com,780-629-8170
Aaron,Gonzalez,398 Granville St,HALIFAX,NS,B3K 5M1,Aaron.S.Gonzalez@trashymail.com,902-843-2233
Rachel,Roper,1606 St Jean Baptiste St,ST HONORE DE TEMISCOUATA,QC,G0L 3K0,Rachel.F.Roper@trashymail.com,418-497-2650
Georgina,Glover,3313 Sherbrooke Ouest,MONTREAL,QC,H4A 1H3,Georgina.Z.Glover@mailinator.com,514-513-5966
Tony,Palomino,4546 Speers Road,BRAMPTON,ON,L6S 3S1,Tony.P.Palomino@dodgit.com,905-654-3409
Mercedes,Mason,3793 Garafraxa St,PORT ELGIN,ON,N0H 2C0,Mercedes.M.Mason@dodgit.com,519-706-6050
Jared,Parker,3870 Eglinton Avenue,TORONTO,ON,M4P 1A6,Jared.T.Parker@mailinator.com,416-400-9126
Amber,Myhre,598 King Street,ORILLIA,ON,I3V 6H8,Amber.A.Myhre@trashymail.com,705-345-7710
Fredrick,Donaldson,3718 Weir Crescent,TORONTO,ON,M1E 3T8,Fredrick.I.Donaldson@spambob.com,416-208-3591
Howard,Patao,1628 rue des Églises Est,STE VICTOIRE,QC,J0G 1T0,Howard.C.Patao@mailinator.com,450-782-9775
Larry,Rose,3647 Ross Street,KINGSTON,ON,K7M 7H6,Larry.Z.Rose@mailinator.com,613-583-7651
Liliana,Decker,3262 Port Washington Road,FORT CHIPEWYAN,AB,T0P 1B0,Liliana.C.Decker@spambob.com,780-697-3691
Bryan,Sigman,494 Trafalgar Rd,HOPEWELL,NS,B0K 1C0,Bryan.B.Sigman@spambob.com,902-272-3796
Debora,Mattox,903 Granville St,HALIFAX,NS,B3K 2Y6,Debora.J.Mattox@trashymail.com,902-442-8982
Sheila,Walsh,321 Silver Springs Blvd,CALGARY,AB,T3E 0K6,Sheila.M.Walsh@dodgit.com,403-242-4587
Ronald,Lyons,2577 Sturgeon Drive,FORT SASKATCHEWAN,AB,T8L 2H4,Ronald.T.Lyons@trashymail.com,780-992-3623
Julie,Oneal,3598 184th Street,EDMONTON,AB,T5J 2R4,Julie.J.Oneal@trashymail.com,780-819-5648
Willie,Brown,4337 9th Avenue,HANOVER,ON,N4N 2Z8,Willie.D.Brown@pookmail.com,519-364-4653
Robert,Lopez,2586 Carling Avenue,OTTAWA,ON,K1Z 7B5,Robert.R.Lopez@mailinator.com,613-322-8543
Rick,Ward,4489 Royal Avenue,NEW WESTMINSTER,BC,V3L 5H1,Rick.B.Ward@pookmail.com,778-862-7336
John,Belanger,65 Heritage Drive,CALGARY,AB,T2V 2W2,John.J.Belanger@dodgit.com,403-998-2878
Alberta,Hartwell,3090 Bay Street,TORONTO,ON,M5J 2R8,Alberta.W.Hartwell@pookmail.com,416-875-9051
Brian,Wright,1880 Dry Pine Bay Rd,FOLEYET,ON,P0M 1T0,Brian.S.Wright@spambob.com,705-899-7174
William,Carey,3321 Riedel Street,FORT MCMURRAY,AB,T9H 3J9,William.M.Carey@mailinator.com,780-881-5905
Soledad,Drake,3595 Quayside Dr,NEW WESTMINSTER,BC,V3M 6A1,Soledad.G.Drake@pookmail.com,778-386-3566
David,Carter,4355 Eglinton Avenue,TORONTO,ON,M4P 1A6,David.G.Carter@dodgit.com,416-602-6197
Melissa,Swenson,4052 Danforth Avenue,TORONTO,ON,M4K 1A6,Melissa.L.Swenson@pookmail.com,416-462-0392
Sylvia,Brandon,4974 Thurston Dr,OTTAWA,ON,K1G 0Z2,Sylvia.M.Brandon@dodgit.com,613-614-3897
Ashlee,Meacham,1743 Island Hwy,CAMPBELL RIVER,BC,V9W 2C9,Ashlee.T.Meacham@trashymail.com,250-201-1601
Rebecca,Ortiz,1168 Calgary Avenue,PENTICTON,BC,V2A 2T6,Rebecca.P.Ortiz@dodgit.com,250-809-5227
Martin,Jackson,3905 Fallon Drive,WALKERTON,ON,N0G 2V0,Martin.D.Jackson@spambob.com,519-889-9867
Daniel,Goings,1121 Sheppard Ave,TORONTO,ON,M1S 1T4,Daniel.K.Goings@dodgit.com,416-940-3346
Jonathon,Patrick,1408 rue Parc,SHERBROOKE,QC,J1H 1R6,Jonathon.J.Patrick@pookmail.com,819-679-0445
Carol,Neel,89 Yonge Street,TORONTO,ON,M4W 1J7,Carol.A.Neel@dodgit.com,416-926-3232
Belle,Walters,3869 York St,LONDON,ON,N5W 2S9,Belle.M.Walters@pookmail.com,519-851-9996
William,Scott,1115 Bloor Street,VEGREVILLE,AB,T0B 4L0,William.L.Scott@spambob.com,780-744-8701
Doug,Purvis,3881 Rogers Road,TORONTO,ON,M6E 1R1,Doug.K.Purvis@dodgit.com,416-654-9062
Joshua,Weidler,4912 Toy Avenue,AJAX PICKERING,ON,L1W 3N9,Joshua.B.Weidler@trashymail.com,289-314-8248
Terry,Hampton,1648 Wellington Street,TORONTO,ON,M9C 3J5,Terry.J.Hampton@mailinator.com,905-212-2933
Dennis,Purvis,3877 Eglinton Avenue,TORONTO,ON,M4P 1A6,Dennis.S.Purvis@trashymail.com,416-417-6699
Gregory,Nash,4491 Fallon Drive,HARROW,ON,N0R 1G0,Gregory.S.Nash@mailinator.com,519-738-9015
Steven,Lopez,1569 Rose Street,REGINA,SK,S4P 3Y2,Steven.R.Lopez@dodgit.com,306-546-2664
Kathy,Harris,3646 Boulevard Cremazie,QUEBEC,QC,G1R 1B8,Kathy.B.Harris@pookmail.com,418-520-9454
Kenneth,Alvarado,4830 Jasper Avenue,EDMONTON,AB,T5J 3N2,Kenneth.S.Alvarado@spambob.com,780-298-0252
Christopher,Pitre,503 St Jean Baptiste St,STE ROSE DE WATFORD,QC,G0R 4G0,Christopher.F.Pitre@trashymail.com,418-267-8370
Manuel,Clemens,3741 Ross Street,SMITHS FALLS,ON,K7A 1C2,Manuel.L.Clemens@trashymail.com,613-285-7196
Kristie,Stein,2852 Wyecroft Road,BOLTON,ON,L7E 2C2,Kristie.T.Stein@mailinator.com,905-951-0263
Edith,Harrison,3446 Lillooet Street,PRINCE ALBERT,SK,S6V 1B3,Edith.B.Harrison@pookmail.com,306-764-2235
Marylyn,Mata,4601 Lynden Road,CREEMORE,ON,L0M 1G0,Marylyn.G.Mata@dodgit.com,705-466-2737
James,Flores,729 Adelaide St,TORONTO,ON,M5H 1P6,James.H.Flores@pookmail.com,416-594-9351
Leo,Adams,3892 Pape Ave,TORONTO,ON,M4E 2V5,Leo.A.Adams@trashymail.com,416-738-6903
Eli,Setzer,2613 Eglinton Avenue,TORONTO,ON,M4P 1A6,Eli.L.Setzer@mailinator.com,647-998-1387
Mary,Dominguez,621 Albert Street,STRATFORD,ON,N5A 3K5,Mary.M.Dominguez@trashymail.com,519-703-4327
Lula,Eaton,3572 9th Avenue,HANOVER,ON,N4N 2Z8,Lula.K.Eaton@dodgit.com,519-364-2348
Maxine,Smith,1858 Burnt Island Road,WINDERMERE,ON,P0B 1P0,Maxine.L.Smith@spambob.com,705-769-2968
Cecil,Lewis,2471 Parkdale Avenue,HAMILTON,ON,L8K 1A4,Cecil.E.Lewis@spambob.com,905-548-8281
Jeffrey,Capps,2740 Lake City Way,BURNABY,BC,V5A 2Z6,Jeffrey.E.Capps@trashymail.com,604-219-1097
Jerald,Dickson,1074 Nelson Street,RED LAKE,ON,P0V 2M0,Jerald.D.Dickson@dodgit.com,807-727-7191
Jennifer,Moore,4518 Hamilton Street,EARL GREY,SK,S4P 3Y2,Jennifer.T.Moore@trashymail.com,306-939-1961
James,Kessler,826 St Jean Baptiste St,LAC AU SAUMON,QC,G0J 1M0,James.C.Kessler@mailinator.com,418-778-3064
Hank,Lockhart,1792 Lynden Road,CANNINGTON,ON,L0E 1E0,Hank.B.Lockhart@trashymail.com,705-432-6303
David,Bowers,1770 Sable Street,LITTLE CURRENT,ON,P0P 1K0,David.M.Bowers@spambob.com,705-368-4444
Douglas,Flynn,2749 Shaughnessy St,PORT COQUITLAM,BC,V3C 4S7,Douglas.E.Flynn@dodgit.com,604-464-7995
John,Hollen,4947 Sixth Street,NEW WESTMINSTER,BC,V3L 3C1,John.L.Hollen@trashymail.com,604-540-8069
Jeffery,Hall,2867 Boulevard Laflèche,ST GEORGES,QC,G5Y 1X7,Jeffery.P.Hall@mailinator.com,418-221-7989
Norberto,Ortiz,4713 137th Avenue,EDMONTON,AB,T5M 3K3,Norberto.E.Ortiz@mailinator.com,780-452-5708
Fred,Norman,4121 Rose Street,REGINA,SK,S4P 3Y2,Fred.D.Norman@mailinator.com,306-535-5684
Mark,Wysocki,3099 Halsey Avenue,TORONTO,ON,M3B 2W6,Mark.H.Wysocki@dodgit.com,416-447-8879
Karla,Waller,3307 Robson St,VANCOUVER,BC,V6B 3K9,Karla.K.Waller@trashymail.com,604-642-1772
Su,Cuellar,1313 Ross Street,RENFREW,ON,K7V 1T5,Su.B.Cuellar@pookmail.com,613-433-1719
Ressie,Blue,2591 Silver Springs Blvd,CALGARY,AB,T3K 4E2,Ressie.M.Blue@spambob.com,403-567-3327
Elliott,Perry,394 Dominion St,MAXVILLE,ON,K0C 1T0,Elliott.E.Perry@pookmail.com,613-527-1895
Brian,Wilkey,3267 Dry Pine Bay Rd,LEVACK,ON,P0M 2C0,Brian.D.Wilkey@spambob.com,705-966-1711
Nancy,Lewis,4731 Sable Street,MINDEMOYA,ON,P0P 1S0,Nancy.D.Lewis@pookmail.com,705-377-5793
Stephanie,Gallegos,2442 Hastings Street,VANCOUVER,BC,V6C 1B4,Stephanie.A.Gallegos@mailinator.com,604-339-5299
James,Eagan,3148 Toy Avenue,BOWMANVILLE,ON,L1C 2L8,James.J.Eagan@dodgit.com,905-623-4722
Selena,Roger,1598 Victoria Park Ave,TORONTO,ON,M4A 2M5,Selena.G.Roger@pookmail.com,416-612-0385
Porsha,Weaver,3495 Robson St,VANCOUVER,BC,V6B 3K9,Porsha.V.Weaver@mailinator.com,604-667-4876
Steven,Fletcher,2342 rue Levy,MONTREAL,QC,H3C 5K4,Steven.J.Fletcher@spambob.com,514-778-8034
Jame,Wickstrom,329 Bellwood Acres Rd,HUNTSVILLE,ON,P0A 1K0,Jame.F.Wickstrom@pookmail.com,705-789-4086
Amy,Howard,511 3rd Avenue,MEDICINE HAT,AB,T1A 8A5,Amy.H.Howard@mailinator.com,403-952-0652
Hannah,Martindale,1934 1st Ave,YORKTON,SK,S3N 1J6,Hannah.T.Martindale@dodgit.com,306-786-1910
Roman,Brooks,2980 Eglinton Avenue,TORONTO,ON,M4P 1A6,Roman.S.Brooks@spambob.com,647-272-5099
Michael,Smith,1742 Cork St,GUELPH,ON,N1H 2W8,Michael.C.Smith@mailinator.com,519-766-3285
Stephen,Scott,3054 Granville St,HALIFAX,NS,B3K 1N7,Stephen.S.Scott@spambob.com,902-877-6290
Aisha,Young,385 chemin Hudson,MONTREAL,QC,H4J 1M9,Aisha.M.Young@spambob.com,514-884-8117
Adam,Johnson,4584 A Avenue,EDMONTON,AB,T5J 0K7,Adam.E.Johnson@spambob.com,780-420-5599
Miranda,Green,3965 Brew Creek Rd,PORT HARDY,BC,V0N 2P0,Miranda.J.Green@pookmail.com,250-949-0381
Joshua,Payne,1906 Nootka Street,VANCOUVER,BC,V5M 3M5,Joshua.K.Payne@mailinator.com,778-227-9399
Daniel,Silcox,1316 Glen Long Avenue,TORONTO,ON,M6B 1J8,Daniel.D.Silcox@dodgit.com,416-256-8487
Alan,Graham,1406 Fallon Drive,CHESLEY,ON,N0G 1L0,Alan.B.Graham@spambob.com,519-363-1044
Hannah,Talty,4624 47th Avenue,HEISLER,AB,T0A 1X0,Hannah.R.Talty@trashymail.com,780-889-6958
Louis,Wendel,4798 Port Washington Road,CARSTAIRS,AB,T0M 0N0,Louis.A.Wendel@trashymail.com,403-337-5140
Franklin,Bellinger,4622 Parkdale Avenue,HAMILTON,ON,L8K 1A4,Franklin.H.Bellinger@mailinator.com,905-628-0449
Lucas,Rodriquez,604 Robson St,VANCOUVER,BC,V6B 3K9,Lucas.M.Rodriquez@pookmail.com,604-992-9660
Amy,Whitfield,2785 De L'Acadie Boul,MONTREAL,QC,H4N 3C5,Amy.C.Whitfield@trashymail.com,514-233-2957
Lloyd,Peterson,1059 49th Avenue,POND INLET,NT,X0A 0S0,Lloyd.N.Peterson@spambob.com,867-899-1821
Kurt,Barnett,1106 Charleton Ave,HAMILTON,ON,L8N 3X3,Kurt.W.Barnett@trashymail.com,905-869-5961
Ethel,Hartman,1050 Hyde Park Road,LONDON,ON,N6B 2Y4,Ethel.W.Hartman@spambob.com,519-963-2616
Robert,Arvizu,347 Stoney Creek,GAINSBOROUGH,SK,S4P 3Y2,Robert.O.Arvizu@spambob.com,306-685-6546
Allyn,Robinson,407 Pond Rd,ROCKY HARBOUR,NL,A1C 5H6,Allyn.C.Robinson@mailinator.com,709-458-4673
Mary,Stone,2899 Runnymede Rd,TORONTO,ON,M6S 2Z7,Mary.J.Stone@trashymail.com,416-767-6835
Everett,Ponds,1135 Dundas St,TORONTO,ON,M2N 2G8,Everett.M.Ponds@mailinator.com,416-226-7619
Bret,Wark,502 Kennedy Rd,PETERBOROUGH,ON,K9J 7K6,Bret.M.Wark@mailinator.com,705-927-9710
John,Cumming,2833 Pape Ave,TORONTO,ON,M4E 2V5,John.M.Cumming@mailinator.com,647-880-9663
Bobby,Gillespie,2467 Rogers Road,TORONTO,ON,M6E 1R1,Bobby.S.Gillespie@trashymail.com,416-657-8206
James,Marin,2282 Alaska Hwy,MONTNEY,BC,V0C 1Y0,James.S.Marin@pookmail.com,250-827-5322
Sylvester,Linhart,3823 Exmouth Street,SARNIA,ON,N7T 4C8,Sylvester.C.Linhart@spambob.com,519-339-8933
Crystal,Ryder,1545 Northumberland Street,ST CLEMENTS,ON,N0B 2M0,Crystal.R.Ryder@dodgit.com,519-699-0142
Aubrey,Walker,4088 Lake City Way,BURNABY,BC,V5A 2Z6,Aubrey.K.Walker@dodgit.com,604-619-0263
Dennis,Kilburn,1888 Fallon Drive,BRUSSELS,ON,N0G 1H0,Dennis.K.Kilburn@mailinator.com,519-887-8647
Wendy,Dunkle,1880 Main St,THEODORE,SK,S0A 4C0,Wendy.A.Dunkle@pookmail.com,306-647-1393
Shannon,Smith,2641 Davis Drive,PORT COLBORNE,ON,L3K 3M2,Shannon.W.Smith@dodgit.com,905-834-3989
John,Payton,726 MacLaren Street,OTTAWA,ON,K1P 5M7,John.N.Payton@pookmail.com,613-580-9337
Scott,Diaz,4236 Keith Road,NORTH VANCOUVER,BC,V5T 2C1,Scott.N.Diaz@spambob.com,604-984-4598
Ernest,Denn,395 Bay Street,TORONTO,ON,M5J 2R8,Ernest.M.Denn@pookmail.com,416-887-0083
Justin,Nguyen,4596 rue Levy,MONTREAL,QC,H3C 5K4,Justin.M.Nguyen@spambob.com,514-970-6833
Shirley,Iler,3941 Charing Cross Rd,CHATHAM,ON,N7M 2G9,Shirley.C.Iler@pookmail.com,519-437-0114
Donald,Moore,233 Port Washington Road,CAROLINE,AB,T0M 0M0,Donald.R.Moore@pookmail.com,403-722-6220
James,Harper,1299 Eglinton Avenue,TORONTO,ON,M4P 1A6,James.B.Harper@spambob.com,416-903-5046
Earnest,Hill,2045 Island Hwy,CAMPBELL RIVER,BC,V9W 2X6,Earnest.S.Hill@pookmail.com,250-202-5174
Sherri,Burgess,4690 Dundas St,LONDON,ON,N6B 3L5,Sherri.P.Burgess@mailinator.com,519-871-6507
Jeff,Ernest,2925 Roger Street,COURTENAY,BC,V9N 2J6,Jeff.S.Ernest@dodgit.com,250-703-3980
Linda,Meehan,474 Haaglund Rd,ROCK CREEK,BC,V0H 1Y0,Linda.D.Meehan@dodgit.com,250-446-9503
Roger,Letellier,2040 Victoria Park Ave,TORONTO,ON,M2J 3T7,Roger.N.Letellier@dodgit.com,416-991-5718
Betty,Cain,1272 Fallon Drive,DUNGANNON,ON,N0M 1R0,Betty.A.Cain@mailinator.com,519-529-4171
Deborah,Creighton,2573 Nelson Street,GRASSY NARROWS,ON,P0X 1B0,Deborah.M.Creighton@mailinator.com,807-925-0310
Effie,Rodriguez,3676 Scotts Lane,LADYSMITH,BC,V0R 1E0,Effie.B.Rodriguez@dodgit.com,250-245-4698
Victor,Vanwinkle,314 Yonge Street,TORONTO,ON,M4W 1J7,Victor.B.Vanwinkle@dodgit.com,416-302-4931
Thomas,Orr,4973 Roger Street,WILLOW POINT,BC,V9W 1S5,Thomas.S.Orr@spambob.com,250-926-1849
Margaret,Shipley,2681 Fourth Avenue,CALGARY,AB,T2P 0H3,Margaret.S.Shipley@trashymail.com,403-606-8588
Robert,Melendez,832 Tolmie St,VANCOUVER,BC,V6R 4C5,Robert.K.Melendez@mailinator.com,604-827-7330
Julia,Harding,2009 Mill Street,SEAFORTH,ON,N0K 1W0,Julia.G.Harding@trashymail.com,519-527-9033
Antonio,Dean,2878 Bloor Street,VEGREVILLE,AB,T0B 4L0,Antonio.J.Dean@trashymail.com,780-768-9219
Joseph,Faris,3542 Nelson Street,MINAKI,ON,P0X 1J0,Joseph.S.Faris@pookmail.com,807-224-1068
Harley,Rodrigue,4152 Bank St,OTTAWA,ON,K1H 7Z1,Harley.B.Rodrigue@mailinator.com,613-738-7058
Michael,Barden,4098 Balmy Beach Road,OWEN SOUND,ON,N4K 2N7,Michael.P.Barden@trashymail.com,519-370-9721
Linda,Ayala,392 rue Parc,SHERBROOKE,QC,J1K 2V8,Linda.M.Ayala@mailinator.com,819-575-8775
Lois,Smith,44 Water Street,KITCHENER,ON,N2H 5A5,Lois.R.Smith@pookmail.com,519-502-5300
Rene,Sanchez,2820 Leslie Street,NEWMARKET,ON,L3Y 2A3,Rene.R.Sanchez@mailinator.com,905-868-8911
Esperanza,Cruise,4694 184th Street,EDMONTON,AB,T5J 2R4,Esperanza.B.Cruise@pookmail.com,780-819-3949
John,Parker,4576 Grey Rd,MARKDALE,ON,N0C 1H0,John.M.Parker@trashymail.com,519-986-3531
Connie,Mena,2748 Exmouth Street,SARNIA,ON,N7T 4C8,Connie.R.Mena@pookmail.com,519-337-7804
Jennifer,Smith,1731 rue de la Gauchetière,MONTREAL,QC,H3B 2M3,Jennifer.F.Smith@trashymail.com,514-497-4895
Perry,Barham,1382 Bloor Street,VEGREVILLE,AB,T0B 4L0,Perry.H.Barham@mailinator.com,780-603-8760
Misty,Hansel,130 Islington Ave,TORONTO,ON,M9V 2X5,Misty.J.Hansel@trashymail.com,416-565-6715
Jerry,Brown,4756 Hastings Street,VANCOUVER,BC,V6C 1B4,Jerry.T.Brown@mailinator.com,604-780-0952
Amie,Morgan,1398 Tycos Dr,TORONTO,ON,M5T 1T4,Amie.R.Morgan@trashymail.com,416-598-6339
David,Resnick,4970 Reserve St,MABERLY,ON,K0H 2B0,David.M.Resnick@spambob.com,613-268-3740
Robbin,Stricklin,3126 Pitfield Blvd,LAVAL,QC,H7A 4B7,Robbin.J.Stricklin@dodgit.com,450-666-0404
Fidelia,Dowdy,1137 Richmond Road,CALGARY,AB,T2T 0C6,Fidelia.E.Dowdy@pookmail.com,403-806-4588
Ronald,Fisher,712 Davis Drive,WELLAND,ON,L3B 3Z6,Ronald.M.Fisher@trashymail.com,905-732-8975
Rafaela,Giraldo,4263 Yonge Street,TORONTO,ON,M4W 1J7,Rafaela.C.Giraldo@mailinator.com,416-720-7933
Frances,Neely,4213 Bay Street,TORONTO,ON,M5J 2R8,Frances.A.Neely@mailinator.com,416-837-4254
Vance,Brown,851 Burdett Avenue,TERRACE,BC,V8G 1S2,Vance.L.Brown@spambob.com,250-846-0269
Dorothy,Chapman,2991 Blanshard,VICTORIA,BC,V8W 2H9,Dorothy.R.Chapman@pookmail.com,250-686-0571
Devin,Wright,158 Keith Road,NORTH VANCOUVER,BC,V5T 2C1,Devin.B.Wright@dodgit.com,604-998-0347
Patricia,Johnson,2165 102nd Avenue,DAWSON CREEK,BC,V1G 2C4,Patricia.R.Johnson@pookmail.com,250-784-3647
Donald,Lopez,4794 Rue De La Gare,LA DORE,QC,G8J 1A8,Donald.B.Lopez@pookmail.com,418-256-7792
Blair,Lyons,713 Central Pkwy,MALTON,ON,L5T 2B7,Blair.J.Lyons@spambob.com,905-696-1491
Wendy,Koch,601 40th Street,CALGARY,AB,T2K 0P7,Wendy.G.Koch@mailinator.com,403-275-2169
Ryan,Burke,4603 rue Levy,MONTREAL,QC,H3C 5K4,Ryan.C.Burke@trashymail.com,514-917-8428
David,Nash,3670 Queens Bay,NAKUSP,BC,V0G 1R0,David.L.Nash@dodgit.com,250-265-0266
George,Grant,675 rue Levy,MONTREAL,QC,H3C 5K4,George.E.Grant@trashymail.com,514-794-8972
William,Chason,360 St. John Street,LAKE ALMA,SK,S4P 3Y2,William.L.Chason@dodgit.com,306-447-8811
Cleo,Patchell,712 rue Principale,AMOS,QC,J9T 1E4,Cleo.J.Patchell@trashymail.com,819-444-0536
David,White,2951 Bay Street,TORONTO,ON,M5J 2R8,David.G.White@pookmail.com,647-868-8274
Sonja,Huber,2305 Isabella Street,BELLEVILLE,ON,K8N 4Z5,Sonja.T.Huber@spambob.com,613-848-2006
Dale,Turner,1030 Richmond Street,OSHAWA,ON,S4P 3Y2,Dale.B.Turner@pookmail.com,905-434-4758
Joy,Fournier,490 Carling Avenue,OTTAWA,ON,K1Z 7B5,Joy.M.Fournier@dodgit.com,613-798-9746
Matthew,Martino,1001 Bank St,OTTAWA,ON,K1H 7Z1,Matthew.C.Martino@pookmail.com,613-266-1104
David,Miranda,1254 Richmond Street,OSHAWA,ON,S4P 3Y2,David.G.Miranda@mailinator.com,905-429-4085
David,Weaver,651 Bay Street,TORONTO,ON,M5J 2R8,David.L.Weaver@dodgit.com,416-856-4618
Nolan,Sanchez,2071 Goyeau Ave,WINDSOR,ON,N9A 1H9,Nolan.E.Sanchez@pookmail.com,519-255-2195
Junior,Bozeman,2774 Hastings Street,VANCOUVER,BC,V6C 1B4,Junior.A.Bozeman@spambob.com,604-783-7301
Eric,Jones,779 Cordova Street,VANCOUVER,BC,V6B 1E1,Eric.B.Jones@pookmail.com,604-218-4869
Mike,Tidwell,4148 Halsey Avenue,TORONTO,ON,M3B 2W6,Mike.R.Tidwell@dodgit.com,647-271-7305
Edward,Kindel,1089 40th Street,CALGARY,AB,T2K 0P7,Edward.C.Kindel@mailinator.com,403-516-0694
Elinor,Faulks,1835 40th Street,CALGARY,AB,T2N 2A7,Elinor.J.Faulks@mailinator.com,403-270-6431
Jane,Spikes,3668 Central Pkwy,PORT CREDIT,ON,L5G 1K2,Jane.T.Spikes@spambob.com,905-274-4779
Dean,Goodman,2796 Victoria Park Ave,TORONTO,ON,M4A 2M5,Dean.M.Goodman@trashymail.com,416-288-4341
Joe,Oneill,2220 rue de la Gauchetière,MONTREAL,QC,H3B 2M3,Joe.M.Oneill@dodgit.com,514-876-0098
Margery,Lane,793 Galts Ave,RED DEER,AB,T4N 2A6,Margery.J.Lane@trashymail.com,403-342-5069
Aimee,Caban,4862 Islington Ave,TORONTO,ON,M9V 2X5,Aimee.T.Caban@dodgit.com,416-565-0460
Doris,Newcomb,128 Fallon Drive,MERLIN,ON,N0P 1W0,Doris.T.Newcomb@dodgit.com,519-689-6781
Jacquelyn,Lewis,4240 11th Ave,CALGARY,AB,T2P 1M6,Jacquelyn.P.Lewis@dodgit.com,403-268-5688
Hassan,Coco,4997 Carling Avenue,OTTAWA,ON,K1Z 7B5,Hassan.G.Coco@trashymail.com,613-299-0203
Christy,Edwards,1051 Heritage Drive,CALGARY,AB,T2V 2W2,Christy.P.Edwards@spambob.com,403-650-3899
Adam,Carreno,1457 Reserve St,NORWOOD,ON,K0L 2V0,Adam.T.Carreno@pookmail.com,705-639-4702
David,Clark,2182 Brook St,AMHERST,NS,B4H 1W6,David.E.Clark@pookmail.com,902-660-2293
Lynne,Mann,1617 Wellington Street,TORONTO,ON,M9C 3J5,Lynne.G.Mann@pookmail.com,416-881-5930
Sharon,Combs,537 St Jean Baptiste St,HAVRE AUBERT,QC,G0B 1J0,Sharon.L.Combs@mailinator.com,418-937-3640
Paul,Sae,4802 Jasper Ave,EDMONTON,AB,T5J 3N6,Paul.D.Sae@pookmail.com,780-905-5986
Fernando,Blackburn,3532 St. John Street,DENZIL,SK,S4P 3Y2,Fernando.W.Blackburn@spambob.com,306-358-4243
Tony,Camara,240 Port Washington Road,CANMORE,AB,T0L 0M0,Tony.E.Camara@mailinator.com,403-679-3625
George,Bruton,2098 Charleton Ave,HAMILTON,ON,L8N 3X3,George.K.Bruton@dodgit.com,905-516-0309
Carmen,Harris,4548 Water Street,KITCHENER,ON,N2H 5A5,Carmen.J.Harris@dodgit.com,519-635-0895
James,Rivera,631 St George Street,VANCOUVER,BC,V5T 1Z7,James.J.Rivera@pookmail.com,604-675-0594
Patrick,Chen,3036 Tycos Dr,TORONTO,ON,M5T 1T4,Patrick.L.Chen@mailinator.com,416-343-8055
Victoria,Diaz,3796 Eglinton Avenue,TORONTO,ON,M4P 1A6,Victoria.T.Diaz@pookmail.com,647-201-1611
Michael,Colangelo,1348 Blind Bay Road,VALEMOUNT,BC,V0E 2Z0,Michael.L.Colangelo@dodgit.com,250-566-0438
Patti,Parker,4850 Haaglund Rd,BOUGIE CREEK,BC,V0H 0H0,Patti.W.Parker@pookmail.com,250-773-5415
Dustin,Huffman,3278 Nelson Street,DUBREUILVILLE,ON,P0S 1B0,Dustin.M.Huffman@spambob.com,705-884-8093
Esther,Orozco,2771 rue des Champs,CHICOUTIMI,QC,G7H 4N3,Esther.J.Orozco@dodgit.com,418-718-9029
Janet,Clemmer,1392 St Jean Baptiste St,CHISASIBI,QC,G0W 1H0,Janet.D.Clemmer@spambob.com,819-855-1727
Kevin,Hughes,4496 Granville St,HALIFAX,NS,B3K 5L2,Kevin.E.Hughes@mailinator.com,902-401-0350
Ingrid,Stump,2574 Boulevard Cremazie,QUEBEC,QC,G1R 1B8,Ingrid.G.Stump@spambob.com,418-648-2420
Laura,Armstrong,3745 Dundas St,LONDON,ON,N6B 3L5,Laura.B.Armstrong@trashymail.com,519-494-8962
Connie,Ruelas,242 Reserve St,NORTH AUGUSTA,ON,K0G 1R0,Connie.B.Ruelas@spambob.com,613-926-3321
Elmer,Pedigo,4838 Yonge Street,TORONTO,ON,M4W 1J7,Elmer.C.Pedigo@pookmail.com,416-323-5528
Theodore,Dunn,1830 184th Street,EDMONTON,AB,T5J 2R4,Theodore.A.Dunn@dodgit.com,780-718-7440
Mauro,Guerra,2732 St Jean Baptiste St,FORESTVILLE,QC,G0T 1E0,Mauro.L.Guerra@spambob.com,418-586-9313
John,Scheiber,3257 Lauzon Parkway,LEAMINGTON,ON,N8H 3B1,John.M.Scheiber@trashymail.com,519-326-2438
Peggy,Schlater,3114 Heritage Drive,CALGARY,AB,T2V 2W2,Peggy.J.Schlater@mailinator.com,403-863-0114
John,Carnahan,1536 Adelaide St,TORONTO,ON,M5H 1P6,John.E.Carnahan@dodgit.com,416-214-9085
Sophie,Harville,1121 Heritage Drive,CALGARY,AB,T2V 2W2,Sophie.G.Harville@spambob.com,403-252-2307
Sarah,Finn,3377 Merivale Road,OTTAWA,ON,K2H 5B6,Sarah.J.Finn@trashymail.com,613-596-6263
Jeffrey,Fernandez,4398 Leslie Street,NEWMARKET,ON,L3Y 2A3,Jeffrey.B.Fernandez@spambob.com,905-868-7348
Rickey,Rodriguez,3688 Alaska Hwy,FORT NELSON,BC,V0C 1C0,Rickey.T.Rodriguez@pookmail.com,250-775-2300
Matthew,Miller,1659 Joseph St,KITCHENER,ON,N2C 1A7,Matthew.M.Miller@pookmail.com,519-893-3352
Kerry,Lamb,3824 Hardy Street,KELOWNA,BC,V1Y 8H2,Kerry.T.Lamb@mailinator.com,250-979-6859
Carmen,Thompson,1109 Gorham Street,LONDON,ON,N0N 0N0,Carmen.H.Thompson@trashymail.com,519-640-5095
Barbara,Ortiz,896 University Avenue,TORONTO,ON,M5J 1T1,Barbara.J.Ortiz@pookmail.com,416-644-7487
Blanche,Smith,263 Sheppard Ave,TORONTO,ON,M1S 1T4,Blanche.L.Smith@trashymail.com,647-292-2780
Celina,Dudley,3280 53rd Street,ROCKY MOUNTAIN HOUSE,AB,T0M 1T1,Celina.R.Dudley@dodgit.com,403-845-1518
Robert,Odonnell,3741 Main St,SOUTH TREMONT,NS,B0P 1N0,Robert.L.Odonnell@spambob.com,902-760-4231
Flora,Chicoine,4755 Brew Creek Rd,WHISTLER,BC,V0N 1B0,Flora.D.Chicoine@dodgit.com,604-932-9609
John,Alfaro,4001 Yonge Street,TORONTO,ON,M4W 1J7,John.R.Alfaro@dodgit.com,416-928-7169
Kenneth,Matthews,254 Côte Joyeuse,MONT JOLI,QC,H0H 0H0,Kenneth.C.Matthews@pookmail.com,418-785-9913
Juan,Corcoran,1491 Roger Street,DUNCAN,BC,V9L 1P1,Juan.V.Corcoran@mailinator.com,250-701-6373
Richard,Spindler,3092 Albert Street,HERSCHEL,SK,S4P 3Y2,Richard.A.Spindler@pookmail.com,306-377-2696
Kimberly,Wilson,2732 Côte Joyeuse,LAC BOUCHETTE,QC,H0H 0H0,Kimberly.E.Wilson@spambob.com,418-348-0232
Mildred,Gavin,3966 St. John Street,COLONSAY,SK,S4P 3Y2,Mildred.J.Gavin@trashymail.com,306-255-8455
Daniel,Shaw,722 Fallon Drive,MOUNT FOREST,ON,N0G 2L2,Daniel.M.Shaw@spambob.com,519-314-0103
Virginia,Lim,1093 James Street,ST CATHARINES,ON,L2R 3H6,Virginia.P.Lim@dodgit.com,905-322-2571
Bertha,Villalta,4838 Merivale Road,OTTAWA,ON,K2G 3K2,Bertha.B.Villalta@dodgit.com,613-723-5671
Cary,Cohen,3548 St Jean Baptiste St,ST MAGLOIRE,QC,G0R 3M0,Cary.J.Cohen@trashymail.com,418-257-7770
James,Wieland,4392 Roger Street,COURTENAY,BC,V9N 2J6,James.L.Wieland@mailinator.com,250-898-5366
Florence,Sexton,757 Carling Avenue,OTTAWA,ON,K1Z 7B5,Florence.J.Sexton@spambob.com,613-371-3104
Sylvia,Mason,3688 9th Avenue,HANOVER,ON,N4N 2Z8,Sylvia.R.Mason@dodgit.com,519-364-0087
Phillip,Martinez,1931 rue St-Henri,VILLE LE GARDEUR,QC,J5Z 1R6,Phillip.B.Martinez@mailinator.com,450-585-5968
John,Avila,4910 chemin Hudson,MONTREAL,QC,H4J 1M9,John.M.Avila@trashymail.com,514-805-2474
Bennie,Meyer,2815 Rayborn Crescent,ST ALBERT,AB,T8N 1C7,Bennie.J.Meyer@dodgit.com,780-460-3384
Eric,Russell,108 Embro St,OTTERVILLE,ON,N0J 1R0,Eric.M.Russell@spambob.com,519-879-7137
Joyce,Ford,4585 James Street,ST CATHARINES,ON,L2R 3H6,Joyce.M.Ford@pookmail.com,905-682-2579
Angela,Weaver,2853 Yonge Street,TORONTO,ON,M4W 1J7,Angela.M.Weaver@trashymail.com,416-924-9272
Dennis,Hawkins,3230 Duke Street,MONTREAL,QC,H3C 5K4,Dennis.K.Hawkins@dodgit.com,514-239-8706
Barbara,Pearson,4339 Tycos Dr,TORONTO,ON,M5T 1T4,Barbara.K.Pearson@dodgit.com,416-586-7529
Gerald,Daniel,1090 Nelson Street,RED LAKE,ON,P0V 2M0,Gerald.B.Daniel@trashymail.com,807-749-6844
Ron,Davis,605 Port Washington Road,OKOTOKS,AB,T0L 0T0,Ron.B.Davis@mailinator.com,403-995-0754
Sheila,Tam,3592 Pape Ave,TORONTO,ON,M4E 2V5,Sheila.T.Tam@spambob.com,416-320-1467
Olen,Schneider,187 Township Rd,LLOYDMINSTER,AB,T9V 0L9,Olen.O.Schneider@pookmail.com,780-763-4808
Duane,Rogers,2224 Essendene Avenue,ABBOTSFORD,BC,V2S 2H7,Duane.D.Rogers@trashymail.com,604-850-9701
Philip,Meehan,3261 137th Avenue,EDMONTON,AB,T5B 3V4,Philip.T.Meehan@mailinator.com,780-480-1569
Elsie,Mackey,4550 11th Ave,CALGARY,AB,T2P 1M6,Elsie.G.Mackey@dodgit.com,403-213-2125
Santiago,Seifert,3043 Northumberland Street,NEW HAMBURG,ON,N0B 2G0,Santiago.N.Seifert@spambob.com,519-662-1723
Harold,Ingram,2534 Glover Road,COQUITLAM,BC,V3J 4S1,Harold.C.Ingram@mailinator.com,604-937-4178
Jean,Koon,3196 Dufferin Street,TORONTO,ON,M6H 4B6,Jean.C.Koon@spambob.com,416-536-0155
Samuel,Moore,3185 Port Washington Road,ENCHANT,AB,T0K 0V0,Samuel.N.Moore@trashymail.com,403-739-4684
Dale,Smith,4308 Glover Road,SURREY,BC,V3S 4C4,Dale.R.Smith@pookmail.com,604-574-1407
Grace,Phillips,4252 90th Avenue,HANNA,AB,T0J 1P0,Grace.M.Phillips@trashymail.com,403-857-0740
Deborah,Irwin,2374 Lockhart Drive,BARRIE,ON,L4M 3B1,Deborah.S.Irwin@dodgit.com,705-720-4449
Micheal,Hamilton,1398 Robson St,VANCOUVER,BC,V6B 3K9,Micheal.M.Hamilton@spambob.com,604-992-0044
Dennise,Worsham,2485 Lockhart Drive,BARRIE,ON,L4M 3B1,Dennise.R.Worsham@trashymail.com,705-726-1138
Heather,Lopez,1790 Reserve St,TWEED,ON,K0K 3J0,Heather.R.Lopez@pookmail.com,613-478-3088
Janice,Long,3299 Speers Road,BRAMPTON,ON,L6T 3W9,Janice.F.Long@trashymail.com,905-792-9187
Dennis,Lewis,731 Blanshard,VICTORIA,BC,V8W 2H9,Dennis.D.Lewis@dodgit.com,250-952-5995
Eric,Ferrill,3018 rue de la Gauchetière,MONTREAL,QC,H3B 2M3,Eric.K.Ferrill@dodgit.com,514-861-0742
Kieth,Anderson,2922 Eglinton Avenue,TORONTO,ON,M4P 1A6,Kieth.H.Anderson@dodgit.com,647-401-0126
Steven,Towner,260 Baker Street,LONDON,ON,N0N 0N0,Steven.D.Towner@dodgit.com,519-439-0317
Melony,Parks,4810 Merivale Road,OTTAWA,ON,K2P 0K1,Melony.C.Parks@mailinator.com,613-252-0139
Margaret,Scheffer,1206 Keith Road,NORTH VANCOUVER,BC,V5T 2C1,Margaret.J.Scheffer@trashymail.com,604-985-2018
Wesley,Long,985 Sixth Street,NEW WESTMINSTER,BC,V3L 3C1,Wesley.L.Long@dodgit.com,604-525-2864
Helen,Crane,2172 102nd Avenue,NELSON,BC,V1L 4G9,Helen.W.Crane@dodgit.com,250-509-1675
April,Randall,4073 Blanshard,VICTORIA,BC,V8W 2H9,April.S.Randall@dodgit.com,250-385-6842
John,Church,4147 Benton Street,KITCHENER,ON,N2G 4L9,John.L.Church@trashymail.com,519-404-6678
Linda,Boyer,4574 102nd Avenue,VERNON,BC,V1T 2C1,Linda.J.Boyer@mailinator.com,250-307-7327
Tommy,White,711 102nd Avenue,TRAIL,BC,V1R 3W5,Tommy.S.White@spambob.com,250-364-6874
Thomas,Lewis,448 Carlson Road,PRINCE GEORGE,BC,V2L 5E5,Thomas.G.Lewis@spambob.com,250-563-4923
Allen,Moore,3337 avenue Royale,STE FOY,QC,G1V 2L2,Allen.R.Moore@mailinator.com,418-380-9479
Melissa,Bristow,3431 Eglinton Avenue,TORONTO,ON,M4P 1A6,Melissa.W.Bristow@dodgit.com,416-206-6818
Shawna,Lowrey,2021 Blanshard,VICTORIA,BC,V8W 2H9,Shawna.W.Lowrey@spambob.com,250-896-0154
Howard,Williams,998 Yonge Street,TORONTO,ON,M4W 1J7,Howard.D.Williams@mailinator.com,416-515-0887
David,Goodwin,438 Bridgeport Rd,COLLINGWOOD,ON,L9Y 1X1,David.S.Goodwin@mailinator.com,705-443-1676
Debora,Harman,1818 Hamilton Street,CASSELMAN,ON,K0A 1M0,Debora.R.Harman@dodgit.com,613-764-6328
Miguel,Nowak,2187 Hardy Street,KELOWNA,BC,V1Y 8H2,Miguel.J.Nowak@spambob.com,250-862-0519
David,Jaques,4453 rue Garneau,QUEBEC,QC,G1V 3V5,David.J.Jaques@mailinator.com,418-572-2897
Clinton,Dye,3199 Adelaide St,TORONTO,ON,M5H 1P6,Clinton.K.Dye@spambob.com,416-306-1900
Alfreda,Ware,951 Wentz Avenue,SASKATOON,SK,S7K 7A9,Alfreda.M.Ware@trashymail.com,306-261-4161
Dianne,Mcpherson,1829 Riedel Street,FORT MCMURRAY,AB,T9H 3J9,Dianne.W.Mcpherson@trashymail.com,780-747-7035
Carol,Williams,1193 Princess St,KINGSTON,ON,K7L 1C2,Carol.S.Williams@dodgit.com,613-888-6883
Myrtle,Fabre,4246 Nelson Street,IGNACE,ON,P0T 1T0,Myrtle.J.Fabre@trashymail.com,807-934-8884
Carl,Hare,3656 Blanshard,VICTORIA,BC,V8W 2H9,Carl.S.Hare@mailinator.com,250-661-4961
Winifred,Gooden,2479 Fallon Drive,DRAYTON,ON,N0G 1P0,Winifred.W.Gooden@pookmail.com,519-638-7481
Robert,Ugalde,3128 Benton Street,KITCHENER,ON,N2G 4L9,Robert.I.Ugalde@trashymail.com,519-500-8197
Julius,Martin,4476 Toy Avenue,OSHAWA,ON,L1H 3V8,Julius.D.Martin@dodgit.com,905-443-4013
Herbert,Howerton,3626 Brew Creek Rd,GIBSONS,BC,V0N 1V0,Herbert.L.Howerton@mailinator.com,604-886-1329
Yvonne,Wood,4848 Riedel Street,FORT MCMURRAY,AB,T9H 3J9,Yvonne.S.Wood@spambob.com,780-790-4032
Melissa,Corrigan,1354 184th Street,EDMONTON,AB,T5J 2R4,Melissa.R.Corrigan@trashymail.com,780-913-9784
Lisa,Takacs,4028 Island Hwy,CAMPBELL RIVER,BC,V9W 2L9,Lisa.R.Takacs@spambob.com,250-850-0714
Edna,Gonzalez,3746 St. John Street,INVERMAY,SK,S4P 3Y2,Edna.L.Gonzalez@mailinator.com,306-593-6614
Jerome,Hymes,486 Wascana Parkway,REGINA,SK,S4S 2R3,Jerome.K.Hymes@mailinator.com,306-585-5562
Jeffrey,Haas,4996 St Jean Baptiste St,LAC AU SAUMON,QC,G0J 1M0,Jeffrey.L.Haas@dodgit.com,418-778-6799
Corey,Anderson,4755 90th Avenue,MORRIN,AB,T0J 2B0,Corey.G.Anderson@spambob.com,403-772-5564
Maria,Welch,4729 Galt Street,QUEBEC,QC,G2C 1S4,Maria.D.Welch@dodgit.com,418-574-6856
Paul,Davis,3500 Central Pkwy,ERIN MILLS,ON,L5L 3A1,Paul.J.Davis@trashymail.com,905-569-4877
Lenore,Jo,913 rue des Églises Est,CAMPBELL'S BAY,QC,J0X 1K0,Lenore.J.Jo@pookmail.com,819-648-0136
Herman,Ivery,1502 Barton Street,STONEY CREEK,ON,L8G 2V1,Herman.T.Ivery@trashymail.com,905-578-6833
Barbara,Ramirez,644 Robson St,VANCOUVER,BC,V6B 3K9,Barbara.D.Ramirez@pookmail.com,604-680-6674
Sean,Porter,3220 Roger Street,PARKSVILLE,BC,V9P 1R1,Sean.S.Porter@pookmail.com,250-954-6284
Marvin,Chen,2970 Exmouth Street,SARNIA,ON,N7T 4C8,Marvin.K.Chen@dodgit.com,519-336-8591
Edwin,Phillips,4494 Nelson Street,PASS LAKE,ON,P0T 2M0,Edwin.N.Phillips@dodgit.com,807-977-0033
Amanda,Decoteau,3498 René-Lévesque Blvd,MONTREAL,QC,H3B 4W8,Amanda.J.Decoteau@trashymail.com,514-969-1026
Thomas,Hadley,3986 Carlson Road,PRINCE GEORGE,BC,V2L 5E5,Thomas.E.Hadley@pookmail.com,250-961-9123
Sally,Mckinley,994 Speers Road,MAPLE,ON,L6A 1G5,Sally.P.Mckinley@pookmail.com,905-303-3424
Michael,Dehner,4665 Albert Street,STRATFORD,ON,N5A 3K5,Michael.M.Dehner@trashymail.com,519-301-0719
Rachelle,Richardson,1735 102nd Avenue,CRANBROOK,BC,V1C 2R9,Rachelle.M.Richardson@spambob.com,250-420-0785
Everett,Long,2408 avenue Royale,QUEBEC,QC,G1R 5B2,Everett.N.Long@spambob.com,418-210-7735
Richard,Hobbs,2425 137th Avenue,EDMONTON,AB,T5J 2Z2,Richard.E.Hobbs@pookmail.com,780-709-8665
Mark,Kent,1394 Ross Terrasse,ST BASILE,NB,E7C 1A1,Mark.C.Kent@trashymail.com,506-481-4362
Genaro,Graham,3512 Eglinton Avenue,TORONTO,ON,M4P 1A6,Genaro.L.Graham@dodgit.com,416-845-8400
Willie,Wheeler,846 Wyecroft Road,SNELGROVE,ON,L7A 1E6,Willie.N.Wheeler@mailinator.com,905-843-5043
Walter,Gandy,4785 Essendene Avenue,ABBOTSFORD,BC,V2S 2H7,Walter.L.Gandy@trashymail.com,604-557-0420
Daniel,Bell,4759 James Street,MOOSONEE,ON,P0L 1Y0,Daniel.C.Bell@pookmail.com,705-336-3691
William,Price,4718 Boulevard Ste-Geneviève,LA BAIE,QC,G7B 1P3,William.C.Price@trashymail.com,418-544-5616
Yessenia,Ross,2705 Blind Bay Road,REVELSTOKE,BC,V0E 2S0,Yessenia.D.Ross@pookmail.com,250-814-9764
Evelyn,Fries,3993 Duke Street,MONTREAL,QC,H3C 5K4,Evelyn.J.Fries@mailinator.com,514-217-2090
Alma,Messenger,2200 Lock Street,GUELPH,ON,N1H 2T2,Alma.E.Messenger@trashymail.com,519-820-6661
Erica,Holloman,2359 rue des Églises Est,ST ANDRE AVELLIN,QC,J0V 1W0,Erica.S.Holloman@spambob.com,819-983-2811
Anne,Cabrera,4155 Northumberland Street,TAVISTOCK,ON,N0B 2R0,Anne.M.Cabrera@spambob.com,519-655-7749
Dan,Shapiro,4373 Yoho Valley Road,FIELD,BC,V0A 1G0,Dan.J.Shapiro@trashymail.com,250-343-8204
Edwin,Collins,2780 Robson St,VANCOUVER,BC,V6B 3K9,Edwin.E.Collins@trashymail.com,604-687-9993
Alexandra,Collins,4136 Eglinton Avenue,TORONTO,ON,M4P 1A6,Alexandra.B.Collins@dodgit.com,647-404-8749
Robert,Hernandez,3763 Heritage Drive,CALGARY,AB,T2V 2W2,Robert.M.Hernandez@pookmail.com,403-968-0857
Elizabeth,Moore,944 Port Washington Road,CAYLEY,AB,T0L 0P0,Elizabeth.J.Moore@dodgit.com,403-395-9709
Patsy,Jones,4670 Robson St,VANCOUVER,BC,V6B 3K9,Patsy.J.Jones@trashymail.com,604-668-4074
Robert,Ramirez,3536 Lockhart Drive,BARRIE,ON,L4M 3B1,Robert.E.Ramirez@trashymail.com,705-735-9654
William,Robinson,3107 Jade St,RICHMOND,BC,V7E 2E4,William.E.Robinson@dodgit.com,604-274-8021
Kevin,Cosgrove,2860 Derry Rd,MALTON,ON,L4T 1A8,Kevin.M.Cosgrove@pookmail.com,905-678-1300
David,Nordberg,1487 Nelson Street,BATCHAWANA BAY,ON,P0S 1A0,David.J.Nordberg@trashymail.com,705-882-2257
Dorothy,Thomas,2897 rue des Églises Est,GRACEFIELD,QC,J0X 1W0,Dorothy.R.Thomas@dodgit.com,819-463-4011
Jesus,James,3266 Bridgeport Rd,HAMILTON,ON,L9A 4V3,Jesus.M.James@dodgit.com,905-389-7166
Lisa,Lindsey,2014 Bayfield St,BARRIE,ON,L4M 4S7,Lisa.J.Lindsey@mailinator.com,705-627-1197
Jesus,Coffin,1903 Orenda Rd,BRAMPTON,ON,L6W 1Z2,Jesus.G.Coffin@spambob.com,905-457-9735
Eugene,Jorgensen,2285 rue Saint-Antoine,DRUMMONDVILLE,QC,J2C 7A8,Eugene.G.Jorgensen@dodgit.com,819-469-4072
Marion,Lindstrom,563 Alaska Hwy,FORT NELSON,NT,V0C 1C0,Marion.R.Lindstrom@dodgit.com,867-444-3632
Orlando,Dupuis,1661 Halsey Avenue,TORONTO,ON,M3B 2W6,Orlando.P.Dupuis@trashymail.com,416-382-9941
Robert,Boettcher,4414 Water Street,KITCHENER,ON,N2H 5A5,Robert.L.Boettcher@pookmail.com,519-741-6769
Cecil,Frisina,2075 Glen Long Avenue,TORONTO,ON,M6B 1J8,Cecil.M.Frisina@pookmail.com,416-789-5793
Carla,Brown,4602 Carling Avenue,OTTAWA,ON,K1Z 7B5,Carla.G.Brown@pookmail.com,613-371-3911
Earnest,Pham,2078 Wellington Ave,CHILLIWACK,BC,V2P 2M1,Earnest.R.Pham@trashymail.com,604-798-0374
Marjorie,Hanes,1416 Lockhart Drive,BARRIE,ON,L4M 3B1,Marjorie.R.Hanes@spambob.com,705-735-5001
Robert,Bigley,491 Nelson Street,POINTE AU BARIL,ON,P0G 1K0,Robert.L.Bigley@pookmail.com,705-366-4651
Brandi,Isom,2287 De la Providence Avenue,STE AGATHE,QC,J8C 1J5,Brandi.N.Isom@mailinator.com,819-216-5164
James,Jacobsen,1201 MacLaren Street,OTTAWA,ON,K1P 5M7,James.M.Jacobsen@spambob.com,613-223-7631
Edgar,Verde,3876 rue Levy,MONTREAL,QC,H3C 5K4,Edgar.S.Verde@pookmail.com,514-917-5076
Anna,Machado,1334 York St,LONDON,ON,N5W 2S9,Anna.R.Machado@pookmail.com,519-619-7237
Kathleen,Ward,807 3rd Avenue,LETHBRIDGE,AB,T1J 0J9,Kathleen.H.Ward@mailinator.com,403-634-0752
Jeannie,Shirley,903 Bellwood Acres Rd,BURK'S FALLS,ON,P0A 1C0,Jeannie.C.Shirley@trashymail.com,705-382-4424
Peter,Pegg,4992 Toy Avenue,OSHAWA,ON,L1H 7M3,Peter.J.Pegg@dodgit.com,905-261-1085
Mellissa,Biller,3611 Northumberland Street,ST CLEMENTS,ON,N0B 2M0,Mellissa.T.Biller@dodgit.com,519-699-4394
Margaret,Mcdonald,2967 Eglinton Avenue,TORONTO,ON,M4P 1A6,Margaret.M.Mcdonald@dodgit.com,647-405-9030
Jesse,Joseph,2976 Islington Ave,TORONTO,ON,M9V 2X5,Jesse.M.Joseph@dodgit.com,416-745-1753
Reba,Phillips,424 Lauzon Parkway,WINDSOR,ON,N9A 1B3,Reba.C.Phillips@dodgit.com,519-968-0492
Donald,Isenhour,154 Eglinton Avenue,TORONTO,ON,M4P 1A6,Donald.K.Isenhour@dodgit.com,647-209-9014
Thomas,Anthony,114 Bayfield St,MALTON,ON,L4V 1R9,Thomas.S.Anthony@pookmail.com,905-364-5396
Janie,Thorp,3196 Main St,BRANDON,MB,R7A 5Y1,Janie.W.Thorp@mailinator.com,204-720-2380
Tammy,Chapman,2239 Cornwall Street,ESTEVAN,SK,S4A 0W6,Tammy.J.Chapman@spambob.com,306-634-1133
Anna,Rivers,4968 Sherbrooke Ouest,MONTREAL,QC,H4A 1H3,Anna.D.Rivers@pookmail.com,514-502-4154
Ronald,Montoya,2521 Dry Pine Bay Rd,WHITEFISH,ON,P0M 3E0,Ronald.G.Montoya@trashymail.com,705-866-6189
Chris,Aiello,1335 MacLaren Street,OTTAWA,ON,K1P 5M7,Chris.C.Aiello@spambob.com,613-844-9959
Jeanette,Blair,1555 St. John Street,ALIDA,SK,S4P 3Y2,Jeanette.C.Blair@dodgit.com,306-443-9383
Shirley,Barlow,1416 Wentz Avenue,SASKATOON,SK,S7K 7A9,Shirley.D.Barlow@dodgit.com,306-341-2056
Rodney,Thomas,703 Heritage Drive,CALGARY,AB,T2V 2W2,Rodney.J.Thomas@trashymail.com,403-818-2650
Diane,Smith,4510 rue Saint-Antoine,ST HYACINTHE,QC,J2S 8R8,Diane.C.Smith@mailinator.com,450-252-7500
Peggy,Horne,840 Gateway Blvd,EDMONTON,AB,T6H 1J5,Peggy.M.Horne@spambob.com,780-988-1010
Adela,Ha,4928 Smith Avenue,HAMILTON,ON,L9H 1E6,Adela.D.Ha@pookmail.com,905-541-9302
Joyce,Desrochers,1382 Port Washington Road,CARBON,AB,T0M 0L0,Joyce.C.Desrochers@trashymail.com,403-572-3387
Josefina,Murphy,609 Northumberland Street,ERIN,ON,N0B 1T0,Josefina.W.Murphy@dodgit.com,519-833-7295
Frankie,Young,4439 Bank St,OTTAWA,ON,K1H 7Z1,Frankie.P.Young@mailinator.com,613-808-8725
Billie,Galloway,2922 Pape Ave,TORONTO,ON,M4E 2V5,Billie.R.Galloway@mailinator.com,416-738-2801
Stephen,Enger,841 Blanshard,VICTORIA,BC,V8W 2H9,Stephen.I.Enger@dodgit.com,250-220-2357
Billie,Spencer,1929 Goyeau Ave,WINDSOR,ON,N9A 1H9,Billie.S.Spencer@dodgit.com,519-560-0995
Michael,Keefe,2567 Stoney Creek,GRENFELL,SK,S4P 3Y2,Michael.N.Keefe@mailinator.com,306-697-2545
Jeffrey,Morales,12 Tycos Dr,TORONTO,ON,M5T 1T4,Jeffrey.J.Morales@pookmail.com,416-348-0596
Amanda,Weston,4504 A Avenue,EDMONTON,AB,T5J 0K7,Amanda.E.Weston@mailinator.com,780-426-7832
Brian,Cross,3676 Ross Street,NAPANEE,ON,K7R 2P3,Brian.M.Cross@trashymail.com,613-354-7972
Janelle,Milton,2556 Robson St,VANCOUVER,BC,V6B 3K9,Janelle.R.Milton@trashymail.com,604-910-0737
Lydia,Ames,2943 Mill Street,SEAFORTH,ON,N0K 1W0,Lydia.B.Ames@pookmail.com,519-527-9519
Sharon,Dukes,2844 Robson St,VANCOUVER,BC,V6B 3K9,Sharon.U.Dukes@pookmail.com,604-809-9129
Steven,Levesque,4843 Fallon Drive,TIVERTON,ON,N0G 2T0,Steven.J.Levesque@dodgit.com,519-368-6949
Consuelo,Miller,2651 MacLaren Street,OTTAWA,ON,K1P 5M7,Consuelo.R.Miller@pookmail.com,613-947-2475
Georgia,Banks,923 Yonge Street,TORONTO,ON,M4W 1J7,Georgia.E.Banks@dodgit.com,416-926-0680
Donna,Erickson,2466 Bay Street,TORONTO,ON,M5J 2R8,Donna.B.Erickson@trashymail.com,416-897-8796
William,Dittmar,1856 7th Ave,CALGARY,AB,T2P 0W4,William.J.Dittmar@pookmail.com,403-299-2969
Christopher,Jobe,4141 53rd Street,ROCKY MOUNTAIN HOUSE,AB,T0M 1T1,Christopher.P.Jobe@trashymail.com,403-846-7915
Grace,Scott,2684 Duke Street,MONTREAL,QC,H3C 5K4,Grace.R.Scott@mailinator.com,514-238-8598
John,Myron,1944 Noble Rd,SAYWARD,BC,V0P 1R0,John.S.Myron@mailinator.com,250-282-8506
Ann,Watkins,1399 Brand Road,SASKATOON,SK,S7K 1W8,Ann.J.Watkins@trashymail.com,306-384-0677
Leroy,Lamoureux,130 Robson St,VANCOUVER,BC,V6B 3K9,Leroy.F.Lamoureux@mailinator.com,604-646-7373
Michael,Bacon,3542 rue Levy,MONTREAL,QC,H3C 5K4,Michael.C.Bacon@dodgit.com,514-974-0449
Viola,Velazquez,123 St Marys Rd,WINNIPEG,MB,R3B 3K6,Viola.J.Velazquez@spambob.com,204-998-3932
Trista,Munoz,2221 Goyeau Ave,WINDSOR,ON,N9A 1H9,Trista.H.Munoz@spambob.com,519-792-2506
Robert,Hightower,2451 rue des Églises Est,VILLE MARIE,QC,J0Z 3W0,Robert.M.Hightower@pookmail.com,819-629-4903
Gerald,Ehmann,2640 Oakland Ave,SAULT STE MARIE,ON,P6A 2T3,Gerald.M.Ehmann@mailinator.com,705-943-2436
Lois,Torres,1591 40th Street,CALGARY,AB,T2E 6X1,Lois.L.Torres@dodgit.com,403-312-9273
David,Turner,1733 rue Ontario Ouest,MONTREAL,QC,H2X 1Y8,David.P.Turner@dodgit.com,514-843-3056
Terry,Freeman,851 Yonge Street,TORONTO,ON,M4W 1J7,Terry.D.Freeman@pookmail.com,416-275-6741
Franklin,Mullins,1066 Speers Road,OAKVILLE,ON,L6L 2X5,Franklin.J.Mullins@pookmail.com,905-334-7551
Christopher,Garland,2157 Fallon Drive,GORRIE,ON,N0G 1X0,Christopher.R.Garland@dodgit.com,519-335-4773
Karen,Berry,1361 rue des Champs,CHICOUTIMI,QC,G7H 4N3,Karen.P.Berry@trashymail.com,418-545-7116
Dawn,Yates,4647 boulevard des Laurentides,TROIS RIVIERES,QC,G9A 5W1,Dawn.E.Yates@spambob.com,819-384-2624
Hattie,Richardson,4681 Carling Avenue,OTTAWA,ON,K1Z 7B5,Hattie.M.Richardson@mailinator.com,613-851-4013
Melvin,Caudle,2968 Fallon Drive,KINTORE,ON,N0M 2C0,Melvin.M.Caudle@mailinator.com,519-283-3599
Edward,Lively,2302 rue Garneau,QUEBEC,QC,G1V 3V5,Edward.R.Lively@trashymail.com,418-559-9600
Buddy,Martin,1807 avenue Royale,QUEBEC,QC,G1E 2L3,Buddy.N.Martin@pookmail.com,418-803-8528
Norberto,Hernandez,335 Tchesinkut Lake Rd,FRASER LAKE,BC,V0J 1S0,Norberto.J.Hernandez@spambob.com,250-699-9848
Wesley,Tebo,2999 Neilson Avenue,TORONTO,ON,M1M 1V1,Wesley.E.Tebo@trashymail.com,416-261-6395
Adam,Luciano,3012 St. John Street,CUPAR,SK,S4P 3Y2,Adam.R.Luciano@mailinator.com,306-723-6155
Lynn,Solomon,3351 Blanshard,VICTORIA,BC,V8W 2H9,Lynn.M.Solomon@pookmail.com,250-220-2932
George,Foreman,4566 Churchill Plaza,SAULT STE MARIE,ON,P6A 1Z2,George.K.Foreman@mailinator.com,705-759-4950
Stella,Thompson,3121 Royal Avenue,NEW WESTMINSTER,BC,V3L 5H1,Stella.M.Thompson@mailinator.com,778-893-6740
Herbert,Ayres,4656 Derry Rd,MALTON,ON,L4T 1A8,Herbert.H.Ayres@spambob.com,416-776-5196
Jimmy,Lewis,4168 rue Saint-Antoine,ST HYACINTHE,QC,J2S 4Y8,Jimmy.H.Lewis@dodgit.com,450-230-4246
Jon,Ramirez,819 Papineau Avenue,MONTREAL,QC,H2K 4J5,Jon.D.Ramirez@trashymail.com,514-892-9475
Normand,Windley,3793 Victoria Park Ave,TORONTO,ON,M2J 3T7,Normand.M.Windley@pookmail.com,416-496-4071
Kathy,White,2912 Lynden Road,KLEINBURG,ON,L0J 1C0,Kathy.S.White@dodgit.com,905-893-1285
Wm,Weber,4491 rue Levy,MONTREAL,QC,H3C 5K4,Wm.S.Weber@trashymail.com,514-592-1889
Rebecca,Wheat,2212 Jasper Avenue,EDMONTON,AB,T5J 3N2,Rebecca.J.Wheat@trashymail.com,780-231-5229
John,Lindsay,4511 Harvest Moon Dr,UNIONVILLE,ON,L3R 0L7,John.E.Lindsay@dodgit.com,905-943-9954
Gale,Gallegos,1501 Toy Avenue,AJAX PICKERING,ON,L1W 3N9,Gale.J.Gallegos@spambob.com,905-767-6482
Janis,Watts,2716 Lockhart Drive,BARRIE,ON,L4M 3B1,Janis.T.Watts@mailinator.com,705-730-5708
Lewis,Hoffman,4327 Blind Bay Road,BLACK POOL,BC,V0E 1N0,Lewis.C.Hoffman@spambob.com,250-587-5545
Jennifer,Sutton,353 Brand Road,SASKATOON,SK,S7K 1W8,Jennifer.P.Sutton@mailinator.com,306-227-5032
Linda,Velasquez,2428 Danforth Avenue,TORONTO,ON,M4K 1A6,Linda.K.Velasquez@trashymail.com,416-462-3111
John,Edwards,2590 Munsee Street,SELKIRK,ON,N0A 1P0,John.M.Edwards@spambob.com,905-776-7827
Ian,Keller,4883 Davis Drive,WELLAND,ON,L3B 3Z6,Ian.R.Keller@spambob.com,289-821-3875
Linda,Tolbert,1686 Scotts Lane,TOFINO,BC,V0R 2Z0,Linda.M.Tolbert@spambob.com,250-670-7489
Gloria,Goins,3277 St Marys Rd,WINNIPEG,MB,R3C 0C4,Gloria.R.Goins@trashymail.com,204-297-6685
Joe,Cook,4320 Eagle Rd,TORONTO,ON,M8Z 4H4,Joe.B.Cook@spambob.com,416-231-5228
James,Miller,1856 Lillooet Street,PRINCE ALBERT,SK,S6V 5R4,James.M.Miller@mailinator.com,306-960-6300
Brian,Sweeney,2866 Reserve St,APSLEY,ON,K0L 1A0,Brian.A.Sweeney@pookmail.com,705-656-8455
Laura,Dillman,3265 137th Avenue,EDMONTON,AB,T5J 0K1,Laura.M.Dillman@pookmail.com,780-665-6223
Carl,Chatfield,4858 Neilson Avenue,TORONTO,ON,M1M 1V1,Carl.V.Chatfield@mailinator.com,416-269-2860
Keith,Goss,4987 Carling Avenue,OTTAWA,ON,K1Z 7B5,Keith.K.Goss@trashymail.com,613-295-3544
Valerie,Shafer,4333 Nootka Street,VANCOUVER,BC,V5M 3M5,Valerie.N.Shafer@mailinator.com,778-839-3419
Jill,Torres,244 St. John Street,WILKIE,SK,S4P 3Y2,Jill.S.Torres@pookmail.com,306-843-9534
Jason,Corriveau,1019 Lillooet Street,PRINCE ALBERT,SK,S6V 5R4,Jason.E.Corriveau@pookmail.com,306-981-3517
Donald,Brooks,1751 Bay Street,TORONTO,ON,M5J 2R8,Donald.R.Brooks@spambob.com,416-825-2633
Melissa,Backes,3236 Yonge Street,TORONTO,ON,M4W 1J7,Melissa.J.Backes@pookmail.com,416-618-7543
Eugene,Pasternak,679 Barrydowne Road,SUDBURY,ON,P3E 5K3,Eugene.C.Pasternak@mailinator.com,705-665-2119
Janell,Yeager,417 rue Parc,SHERBROOKE,QC,J1L 1C9,Janell.J.Yeager@dodgit.com,819-674-7601
Charles,Swank,1573 Heatherleigh,COOKSVILLE,ON,L5A 1V9,Charles.A.Swank@mailinator.com,905-756-0255
Cruz,Summers,1733 Main St,PORCUPINE PLAIN,SK,S0E 1H0,Cruz.V.Summers@pookmail.com,306-278-7643
Stephen,Stone,2970 Isabella Street,PEMBROKE,ON,K8A 5S5,Stephen.G.Stone@spambob.com,613-312-6131
Daniel,Johnson,1790 Paradise Crescent,HAUTERIVE,QC,G5C 1M1,Daniel.D.Johnson@mailinator.com,418-294-4998
Ruby,Sargent,502 rue des Églises Est,PARC DE LA VERENDRYE,QC,J0W 1E0,Ruby.J.Sargent@pookmail.com,819-435-4594
William,Ward,1081 5th Avenue,KEG RIVER,AB,T0H 2G0,William.J.Ward@spambob.com,780-981-0378
Sofia,Sheeran,890 Sable Street,LITTLE CURRENT,ON,P0P 1K0,Sofia.L.Sheeran@pookmail.com,705-368-6242
Van,Brennan,4913 49th Avenue,RAE LAKES,NT,X0E 1R0,Van.A.Brennan@pookmail.com,867-997-0243
James,Little,2160 Leslie Street,NEWMARKET,ON,L3Y 2A3,James.P.Little@pookmail.com,905-895-4960
Wendy,Watkins,4329 Bellwood Acres Rd,HUNTSVILLE,ON,P0A 1K0,Wendy.M.Watkins@trashymail.com,705-789-2137
Michael,Patt,55 Eglinton Avenue,TORONTO,ON,M4P 1A6,Michael.N.Patt@pookmail.com,416-727-5501
Michelle,Womack,3179 Galts Ave,RED DEER,AB,T4N 2A6,Michelle.A.Womack@pookmail.com,403-341-2976
Angela,West,989 George Street,PETERBOROUGH,ON,K9H 2L1,Angela.A.West@trashymail.com,705-868-4022
Martha,Patterson,4819 Nootka Street,VANCOUVER,BC,V5M 3M5,Martha.J.Patterson@trashymail.com,778-835-3360
Jerome,Banda,1322 Quayside Dr,NEW WESTMINSTER,BC,V3M 6A1,Jerome.S.Banda@trashymail.com,604-765-2906
Heather,Allen,3708 A Avenue,EDMONTON,AB,T5J 0K7,Heather.A.Allen@pookmail.com,780-951-2544
Benjamin,Clark,1634 Eglinton Avenue,TORONTO,ON,M4P 1A6,Benjamin.L.Clark@mailinator.com,416-786-4275
Erik,Richardson,1056 Blind Bay Road,AVOLA,BC,V0E 1C0,Erik.T.Richardson@pookmail.com,250-678-0094
Juanita,Matlock,1557 47th Avenue,WARSPITE,AB,T0A 3N0,Juanita.R.Matlock@mailinator.com,780-383-9810
David,Lamarr,1942 rue des Églises Est,MONTEBELLO,QC,J0V 1L0,David.D.Lamarr@spambob.com,819-423-1930
Nancy,Smith,3826 Tanner Street,VANCOUVER,BC,V5R 2T4,Nancy.O.Smith@pookmail.com,604-431-2888
Elias,Scheuerman,4456 184th Street,EDMONTON,AB,T5J 2R4,Elias.S.Scheuerman@mailinator.com,780-920-5016
Gloria,Baca,4037 No. 3 Road,RICHMOND,BC,V6X 2B8,Gloria.B.Baca@trashymail.com,604-207-1352
Stephanie,Miller,1865 40th Street,CALGARY,AB,T2E 6X1,Stephanie.F.Miller@spambob.com,403-888-6850
Marquetta,Carter,1839 Speers Road,BRAMPTON,ON,L6W 3H6,Marquetta.J.Carter@dodgit.com,905-487-0569
Horace,Thomas,1011 rue Levy,MONTREAL,QC,H3C 5K4,Horace.H.Thomas@trashymail.com,514-703-3550
Christopher,Drake,1733 Brook St,NEWCOMBVILLE,NS,B4V 2V8,Christopher.B.Drake@dodgit.com,902-529-7614
Carl,Katz,898 rue Fournier,ST-JEROME,QC,J7Z 5T3,Carl.B.Katz@dodgit.com,450-694-0289
Heather,Spann,3810 Heritage Drive,CALGARY,AB,T2V 2W2,Heather.G.Spann@dodgit.com,403-710-2518
Max,Smith,273 Findlay Creek Road,WYNNDEL,BC,V0B 2N0,Max.A.Smith@trashymail.com,250-866-4935
Jonathan,Price,2002 Maynard Rd,CALGARY,AB,T2E 6J8,Jonathan.H.Price@pookmail.com,403-835-9252
Filomena,Harrison,3645 Burdett Avenue,LAKELSE LAKE,BC,V8G 2V2,Filomena.J.Harrison@pookmail.com,250-798-4953
Marsha,Harris,1901 Carling Avenue,OTTAWA,ON,K1Z 7B5,Marsha.J.Harris@pookmail.com,613-761-5532
Randall,Harris,1563 Kinchant St,KAMLOOPS,BC,V2C 1Z3,Randall.K.Harris@pookmail.com,250-579-3394
Nicholas,Anderson,2729 Bayfield St,RICHMOND HILL,ON,L4C 3Y2,Nicholas.J.Anderson@dodgit.com,905-787-5065
Jack,Singh,2218 Richford Road,NOTRE DAME DE STANBRIDGE,QC,J0J 1M0,Jack.M.Singh@trashymail.com,450-296-9727
Jose,Riley,2359 Duke Street,MONTREAL,QC,H3C 5K4,Jose.J.Riley@dodgit.com,514-248-8952
Verna,Garcia,4610 Hardy Street,KELOWNA,BC,V1Y 8H2,Verna.T.Garcia@trashymail.com,250-717-0389
Leroy,Miller,2214 Royal Avenue,NEW WESTMINSTER,BC,V3L 5H1,Leroy.R.Miller@trashymail.com,604-537-8387
Ofelia,Seder,1708 Wascana Parkway,REGINA,SK,S4S 2R3,Ofelia.J.Seder@dodgit.com,306-757-9670
Sidney,Clevenger,2872 Reserve St,GRAFTON,ON,K0K 2G0,Sidney.R.Clevenger@trashymail.com,905-349-3115
Jerry,Russo,892 Scotts Lane,QUALICUM BEACH,BC,V0R 2T0,Jerry.G.Russo@mailinator.com,250-738-2824
Peter,Phillips,2128 Embro St,STRAFFORDVILLE,ON,N0J 1Y0,Peter.M.Phillips@mailinator.com,519-866-3663
Andrea,Sanders,2576 184th Street,EDMONTON,AB,T5J 2R4,Andrea.J.Sanders@trashymail.com,780-289-8510
Christina,Cho,4240 rue de la Gauchetière,MONTREAL,QC,H3B 2M3,Christina.H.Cho@dodgit.com,514-954-8178
Marilyn,Sessions,3298 Galts Ave,RED DEER,AB,T4N 2A6,Marilyn.R.Sessions@mailinator.com,403-506-7951
Misty,Hui,2536 Bay Street,TORONTO,ON,M5J 2R8,Misty.M.Hui@dodgit.com,647-891-5626
Dorothy,Crawford,2472 Bank St,OTTAWA,ON,K1H 7Z1,Dorothy.G.Crawford@mailinator.com,613-733-3839
Charles,Edwards,182 boulevard des Laurentides,TROIS RIVIERES,QC,G9A 5W1,Charles.B.Edwards@pookmail.com,819-384-9495
Lisa,Gray,4443 Tycos Dr,TORONTO,ON,M5T 1T4,Lisa.W.Gray@trashymail.com,416-349-9992
Tammy,Miranda,1439 chemin Hudson,MONTREAL,QC,H4J 1M9,Tammy.M.Miranda@pookmail.com,514-588-6926
Keith,Gardner,1909 rue Ontario Ouest,MONTREAL,QC,H2X 1Y8,Keith.N.Gardner@trashymail.com,514-842-8143
Sara,Anthony,3687 boulevard des Laurentides,TROIS RIVIERES,QC,G9A 1V7,Sara.E.Anthony@pookmail.com,819-698-8468
Amy,Plummer,1428 Toy Avenue,AJAX,ON,L1S 6L6,Amy.H.Plummer@trashymail.com,905-999-7245
Catalina,Holloway,3089 Haaglund Rd,PEACHLAND,BC,V0H 1X0,Catalina.A.Holloway@spambob.com,250-767-8470
Abigail,Depew,2439 Tycos Dr,TORONTO,ON,M5T 1T4,Abigail.J.Depew@trashymail.com,416-254-1787
Gerald,Damico,2463 Fallon Drive,WINGHAM,ON,N0G 2W0,Gerald.L.Damico@dodgit.com,519-357-6592
Bernice,Jackson,3607 Port Washington Road,COCHRANE,AB,T0L 0W0,Bernice.W.Jackson@trashymail.com,403-851-8506
William,Welch,484 Dominion St,INGLESIDE,ON,K0C 1M0,William.H.Welch@spambob.com,613-537-7685
Charles,Gross,516 Heritage Drive,CALGARY,AB,T2V 2W2,Charles.M.Gross@pookmail.com,403-255-5780
Michael,Jones,3497 Charleton Ave,HAMILTON,ON,L8N 3X3,Michael.J.Jones@mailinator.com,905-912-7446
Dolores,Swindler,829 Wallace Street,NANAIMO,BC,V9R 3A8,Dolores.J.Swindler@mailinator.com,250-802-7018
Gabriela,Carver,931 Bank St,OTTAWA,ON,K1H 7Z1,Gabriela.F.Carver@trashymail.com,613-899-8647
Joe,Donahue,2977 Blanshard,VICTORIA,BC,V8W 2H9,Joe.N.Donahue@mailinator.com,250-920-9469
William,Wiese,2239 Burdett Avenue,SIDNEY,BC,V8L 1X3,William.C.Wiese@trashymail.com,250-655-5315
Sherman,Morris,1798 West River Station Rd,BROOKLAND,NS,B0K 1P0,Sherman.D.Morris@mailinator.com,902-754-8273
Robert,Langlois,3531 Alness Street,TORONTO,ON,M3J 2J1,Robert.T.Langlois@pookmail.com,416-661-9406
Tina,Duncan,326 Tycos Dr,TORONTO,ON,M5T 1T4,Tina.T.Duncan@dodgit.com,416-979-7286
Hanna,Jobe,4003 Galts Ave,RED DEER,AB,T4N 5H6,Hanna.W.Jobe@spambob.com,403-872-6851
Rhonda,Tate,4592 40th Street,CALGARY,AB,T2P 0P5,Rhonda.M.Tate@dodgit.com,403-770-3546
Cecil,Miller,1850 Derry Rd,MALTON,ON,L4T 1A8,Cecil.A.Miller@pookmail.com,416-674-9675
James,Blevins,1129 Pitt St,CORNWALL,ON,K6J 3R2,James.M.Blevins@spambob.com,613-930-0585
Annmarie,Downs,4004 40th Street,CALGARY,AB,T2J 0N5,Annmarie.K.Downs@spambob.com,403-225-7144
Alexandra,Johnson,3932 rue des Églises Est,CADILLAC,QC,J0Y 1C0,Alexandra.M.Johnson@dodgit.com,819-759-4457
Angel,Gaines,2217 rue des Églises Est,ST ANDREWS EAST,QC,J0V 1X0,Angel.R.Gaines@dodgit.com,450-537-8415
Olive,Schulz,4513 Runnymede Rd,TORONTO,ON,M6S 2Z7,Olive.W.Schulz@mailinator.com,416-761-9296
Steven,Rogers,120 rue Saint-Édouard,TROIS RIVIERES,QC,G9A 5S8,Steven.A.Rogers@pookmail.com,819-379-5917
Bennie,Carey,3089 Tchesinkut Lake Rd,MCBRIDE,BC,V0J 2E0,Bennie.T.Carey@pookmail.com,250-968-4700
Arnold,Ross,2847 Weir Crescent,TORONTO,ON,M1E 3T8,Arnold.B.Ross@dodgit.com,416-629-1350
Mark,Dickinson,3167 avenue Royale,QUEBEC,QC,G1P 4R5,Mark.S.Dickinson@spambob.com,418-266-2181
Natalie,Alanis,4647 Hastings Street,VANCOUVER,BC,V6C 1B4,Natalie.D.Alanis@trashymail.com,604-726-9183
Edward,Moore,370 Merton Street,TORONTO,ON,M1L 3K7,Edward.M.Moore@trashymail.com,416-436-3864
Katherine,Bohannon,1374 MacLaren Street,OTTAWA,ON,K1P 5M7,Katherine.D.Bohannon@mailinator.com,613-844-9404
Alecia,Marchand,4335 Riedel Street,FORT MCMURRAY,AB,T9H 3J9,Alecia.H.Marchand@pookmail.com,780-792-1593
Kevin,Fazio,917 Adelaide St,TORONTO,ON,M5H 1P6,Kevin.B.Fazio@trashymail.com,416-864-2805
Timmy,Niven,4985 Galts Ave,RED DEER,AB,T4N 2A6,Timmy.L.Niven@dodgit.com,403-227-5361
Phillis,Burnette,2706 49th Avenue,SACHS HARBOUR,NT,X0E 0Z0,Phillis.A.Burnette@pookmail.com,867-690-7169
Peter,Wright,2163 rue des Églises Est,LUSKVILLE,QC,J0X 2G0,Peter.P.Wright@spambob.com,819-455-8925
Nicole,Taylor,1316 René-Lévesque Blvd,MONTREAL,QC,H3B 4W8,Nicole.D.Taylor@mailinator.com,514-815-5399
Joni,Eaves,3087 Yoho Valley Road,INVERMERE,BC,V0A 1K0,Joni.C.Eaves@spambob.com,250-270-9757
Mona,Eaton,1037 Heritage Drive,CALGARY,AB,T2V 2W2,Mona.B.Eaton@trashymail.com,403-874-3803
Katie,Taylor,2289 St. Paul Street,NIAGARA FALLS,ON,L2E 4E6,Katie.J.Taylor@trashymail.com,905-357-6948
Maria,Benford,2584 Eglinton Avenue,TORONTO,ON,M4P 1A6,Maria.D.Benford@pookmail.com,416-569-3867
Juanita,Gray,1438 Brew Creek Rd,SQUAMISH,BC,V0N 3G0,Juanita.N.Gray@trashymail.com,604-848-7375
Betty,Flynn,4257 Princess St,KINGSTON,ON,K7L 1C2,Betty.H.Flynn@spambob.com,613-542-2662
Casey,Burgess,2419 St. John Street,ARCOLA,SK,S4P 3Y2,Casey.B.Burgess@dodgit.com,306-455-2977
Rodney,Dobson,4679 Nelson Street,DUBREUILVILLE,ON,P0S 1B0,Rodney.T.Dobson@dodgit.com,705-884-4255
John,Duncan,610 Wellington Ave,CHILLIWACK,BC,V2P 2M1,John.C.Duncan@dodgit.com,604-792-1509
Brenda,Brill,2974 102nd Avenue,NELSON,BC,V1L 5Y5,Brenda.J.Brill@dodgit.com,250-505-9152
Susan,Cloutier,1148 Cordova Street,VANCOUVER,BC,V6B 1E1,Susan.J.Cloutier@trashymail.com,604-649-5217
Wilhelmina,Wright,2379 St. Paul Street,ST CATHARINES,ON,L2R 7L4,Wilhelmina.J.Wright@mailinator.com,905-932-2165
Marilyn,Keach,175 9th Avenue,WOODSTOCK,ON,N4S 6J6,Marilyn.M.Keach@mailinator.com,519-536-3480
Katherine,Canchola,3949 Silver Springs Blvd,CALGARY,AB,T3B 2C3,Katherine.J.Canchola@dodgit.com,403-286-7916
Richard,Boyett,2200 Port Washington Road,CLARESHOLM,AB,T0L 0T0,Richard.R.Boyett@spambob.com,403-625-0578
Leon,Ferguson,4701 Blind Bay Road,ARMSTRONG,BC,V0E 1B0,Leon.J.Ferguson@spambob.com,250-546-8479
Mark,Bennett,4637 Nelson Street,KAMINISTIQUIA,ON,P0T 1X0,Mark.R.Bennett@mailinator.com,807-933-8250
Jeff,Vigil,2630 York St,LONDON,ON,N5W 2S9,Jeff.M.Vigil@pookmail.com,519-859-3399
Chelsea,Sands,3579 Lock Street,GALT,ON,N1R 3Y8,Chelsea.P.Sands@dodgit.com,519-740-0238
Jose,Mccall,4575 Quayside Dr,NEW WESTMINSTER,BC,V3M 6A1,Jose.E.Mccall@trashymail.com,604-765-6701
Matthew,Barry,4102 St Marys Rd,WINNIPEG,MB,R3C 0C4,Matthew.L.Barry@spambob.com,204-298-9634
Steven,Shepherd,4195 Hastings Street,VANCOUVER,BC,V6C 1B4,Steven.S.Shepherd@pookmail.com,604-779-2648
Dudley,Kavanaugh,3299 Wascana Parkway,REGINA,SK,S4S 2R3,Dudley.J.Kavanaugh@dodgit.com,306-347-4317
David,Rivera,3813 Kinchant St,RUTLAND,BC,V2X 2A2,David.J.Rivera@pookmail.com,250-765-7788
Sean,Lawrence,2193 René-Lévesque Blvd,MONTREAL,QC,H3B 4W8,Sean.M.Lawrence@trashymail.com,514-570-7788
Gigi,Baker,3630 Tycos Dr,TORONTO,ON,M5T 1T4,Gigi.W.Baker@spambob.com,416-910-0041
Misty,Laverty,2764 rue de la Gauchetière,MONTREAL,QC,H3B 2M3,Misty.D.Laverty@mailinator.com,514-868-6660
Amy,White,1905 49th Avenue,INUVIK,NT,X0E 0T0,Amy.D.White@mailinator.com,867-678-2695
John,Casas,2501 Bridgeport Rd,HAMILTON,ON,L9A 4V3,John.J.Casas@dodgit.com,905-388-7523
Douglas,Maxie,2075 King Street,CHESTER,NS,B0J 1J0,Douglas.D.Maxie@trashymail.com,902-273-0431
Thelma,Wells,3844 St. John Street,CRAIK,SK,S4P 3Y2,Thelma.A.Wells@trashymail.com,306-734-2995
Ryan,Alexander,1526 Benton Street,KITCHENER,ON,N2G 4L9,Ryan.B.Alexander@spambob.com,519-573-7354
Robert,Lima,1881 Kennedy Rd,PETERBOROUGH,ON,K9J 6Y1,Robert.W.Lima@pookmail.com,705-761-4781
Mary,Blakey,3847 Dufferin Street,TORONTO,ON,M6H 4B6,Mary.C.Blakey@spambob.com,416-533-4693
Sandra,Farrell,317 rue des Églises Est,NOTRE DAME DU LAUS,QC,J0X 2M0,Sandra.H.Farrell@mailinator.com,819-767-3392
May,Hines,4955 Bayfield St,RICHMOND HILL,ON,L4C 3Y2,May.E.Hines@trashymail.com,905-884-4360
Mary,Swope,1061 Acton Avenue,TORONTO,ON,M3H 4J1,Mary.A.Swope@trashymail.com,416-377-2650
Mark,Collins,4194 Ganges Road,GANGES,BC,V0S 1E0,Mark.L.Collins@trashymail.com,250-538-3664
Hazel,Creek,2909 King Street,CHESTER,NS,B0J 1J0,Hazel.D.Creek@trashymail.com,902-980-9496
Charlene,Snyder,3516 Terry Fox Dr,FRONTIER,SK,S4P 3Y2,Charlene.C.Snyder@trashymail.com,306-296-0984
Emmett,Castle,4946 Algonquin Blvd,TIMMINS,ON,P4N 7C4,Emmett.A.Castle@mailinator.com,705-668-2665
Lorraine,Farias,4722 St. John Street,WOLLASTON LAKE,SK,S4P 3Y2,Lorraine.J.Farias@mailinator.com,306-633-0720
Corazon,Boyce,4589 90th Avenue,BROOKS,AB,T0J 0J0,Corazon.J.Boyce@trashymail.com,403-633-2196
Joseph,Morrison,4034 Bank St,OTTAWA,ON,K1H 7Z1,Joseph.R.Morrison@dodgit.com,613-736-4292
Lorraine,Kovach,2269 Galts Ave,RED DEER,AB,T4N 2A6,Lorraine.A.Kovach@trashymail.com,403-347-9010
Jonathan,Nolan,3511 102nd Avenue,CRANBROOK,BC,V1C 2R9,Jonathan.D.Nolan@spambob.com,250-919-8104
Barry,Dammann,659 Goyeau Ave,WINDSOR,ON,N9A 1H9,Barry.I.Dammann@pookmail.com,519-258-4720
Marco,Stephenson,2805 Eglinton Avenue,TORONTO,ON,M4P 1A6,Marco.W.Stephenson@trashymail.com,416-500-6650
Ella,Culbertson,700 Albert Street,STRATFORD,ON,N5A 3K5,Ella.K.Culbertson@pookmail.com,519-276-4645
Phyllis,Cook,1622 A Avenue,EDMONTON,AB,T5J 0K7,Phyllis.D.Cook@mailinator.com,780-426-3468
Margaret,Bradley,2654 Reserve St,CALABOGIE,ON,K0J 1H0,Margaret.M.Bradley@mailinator.com,613-752-9125
Jerry,Tarwater,653 avenue de Port-Royal,BONAVENTURE,QC,G0C 1E0,Jerry.C.Tarwater@trashymail.com,418-364-2623
Yvonne,Bowen,3981 Parkdale Ave,CORNWALL,ON,K6H 6Y4,Yvonne.M.Bowen@mailinator.com,613-363-8764
Sandra,Seibold,4699 rue Principale,MONT LAURIER,QC,J9L 2H9,Sandra.A.Seibold@dodgit.com,819-623-5218
Joelle,Taylor,1867 40th Street,CALGARY,AB,T2M 0X4,Joelle.J.Taylor@mailinator.com,403-284-5561
Byron,Ray,4862 Boulevard Ste-Geneviève,CHICOUTIMI,QC,G7H 5B1,Byron.S.Ray@mailinator.com,418-550-8903
Emmanuel,Zukowski,407 Leduc Street,GLEN ROBERTSON,ON,K0B 1H0,Emmanuel.C.Zukowski@trashymail.com,613-874-3689
Keisha,Glasser,4478 rue Ontario Ouest,MONTREAL,QC,H2X 1Y8,Keisha.W.Glasser@pookmail.com,514-287-6319
Brittany,Roberts,164 Wyecroft Road,BOLTON,ON,L7E 2C2,Brittany.D.Roberts@mailinator.com,905-951-6038
Damon,Richardson,3585 Robson St,VANCOUVER,BC,V6B 3K9,Damon.J.Richardson@spambob.com,604-891-3560
Mark,Arnold,255 Essendene Avenue,ABBOTSFORD,BC,V2S 2H7,Mark.A.Arnold@pookmail.com,604-854-0797
Fabian,Nino,2105 Danforth Avenue,TORONTO,ON,M4K 1A6,Fabian.E.Nino@spambob.com,416-461-4472
Alec,Strawn,4842 Sixth Street,NEW WESTMINSTER,BC,V3L 3C1,Alec.R.Strawn@spambob.com,604-395-9572
Lester,Carroll,3633 MacLaren Street,OTTAWA,ON,K1P 5M7,Lester.L.Carroll@spambob.com,613-233-9916
Sonya,Ingram,495 Wellington Street,TORONTO,ON,M9C 3J5,Sonya.B.Ingram@trashymail.com,416-936-4526
Randy,Goodwin,2132 Albert Street,STRATFORD,ON,N5A 3K5,Randy.J.Goodwin@mailinator.com,519-272-8833
Frances,Drummond,245 Manitoba Street,BRACEBRIDGE,ON,P1L 2B7,Frances.D.Drummond@dodgit.com,705-641-8804
Anthony,Espada,1084 Wallbridge Loyalist Rd,BELLEVILLE,ON,K8N 1L9,Anthony.T.Espada@spambob.com,613-961-9433
Ethel,Rivas,1774 Birkett Lane,BRANTFORD,ON,N3T 2Z8,Ethel.P.Rivas@pookmail.com,519-754-8277
Vaughn,Vanmeter,614 Northumberland Street,SHAKESPEARE,ON,N0B 2P0,Vaughn.A.Vanmeter@trashymail.com,519-625-0913
Leatrice,Ramirez,4129 Water Street,KITCHENER,ON,N2H 5A5,Leatrice.M.Ramirez@spambob.com,519-588-2421
Charles,Williams,4102 Reserve St,VERONA,ON,K0H 2W0,Charles.C.Williams@mailinator.com,613-374-9383
Mildred,Lambert,1309 Sheppard Ave,TORONTO,ON,M1S 1T4,Mildred.T.Lambert@mailinator.com,647-292-8983
Christopher,Shea,2045 Kennedy Rd,LINDSAY,ON,K9V 4A4,Christopher.A.Shea@trashymail.com,705-328-7991
James,Fabian,2561 Weston Rd,TORONTO,ON,M9N 1G4,James.E.Fabian@dodgit.com,416-240-1128
Ruben,Chiang,4502 Cardero St,VANCOUVER,BC,S4P 3Y2,Ruben.W.Chiang@trashymail.com,604-688-0496
Daniel,Turek,2321 Churchill Plaza,SAULT STE MARIE,ON,P6A 1Z2,Daniel.V.Turek@mailinator.com,705-782-9307
Janis,Benninger,388 Victoria Park Ave,TORONTO,ON,M2J 3T7,Janis.L.Benninger@trashymail.com,416-490-1942
Kathryn,Browne,3833 49th Avenue,AKLAVIK,NT,X0E 0A0,Kathryn.G.Browne@spambob.com,867-978-7240
Ricky,Lennon,2743 Eglinton Avenue,TORONTO,ON,M4P 1A6,Ricky.A.Lennon@spambob.com,416-418-3375
Lawrence,Mitchell,3908 Essendene Avenue,ABBOTSFORD,BC,V2S 2H7,Lawrence.L.Mitchell@pookmail.com,604-870-7117
Cleo,Williams,3380 McGill Road,KAMLOOPS,BC,V2C 5R8,Cleo.P.Williams@dodgit.com,250-371-1510
Erin,Dupras,1243 rue des Églises Est,DUPARQUET,QC,J0Z 1W0,Erin.A.Dupras@mailinator.com,819-948-3711
Brenda,Leary,314 Terry Fox Dr,FORT QU'APPELLE,SK,S4P 3Y2,Brenda.J.Leary@spambob.com,306-331-7055
William,Thomas,2980 Burdett Avenue,TERRACE,BC,V8G 1S2,William.S.Thomas@pookmail.com,250-831-5754
John,Bush,2056 Heritage Drive,CALGARY,AB,T2V 2W2,John.J.Bush@spambob.com,403-804-2586
David,Climer,4812 Nelson Street,ROSSEAU,ON,P0C 1J0,David.M.Climer@dodgit.com,705-732-9744
Daniel,Richardson,3414 rue Levy,MONTREAL,QC,H3C 5K4,Daniel.B.Richardson@mailinator.com,514-755-8208
Blake,Mauer,989 Weir Crescent,TORONTO,ON,M1E 3T8,Blake.C.Mauer@spambob.com,416-724-3302
William,Mercedes,3513 rue Principale,AMOS,QC,J9T 1E4,William.M.Mercedes@dodgit.com,819-727-4080
Elsie,Thomas,3633 Fallon Drive,DYER BAY,ON,N0Z 1Z0,Elsie.A.Thomas@spambob.com,519-795-0090
Francis,Millette,4337 Mesa Vista Drive,BRIDGE LAKE,BC,V0K 1E0,Francis.D.Millette@mailinator.com,250-593-2331
Kevin,Siemens,4883 Gateway Blvd,EDMONTON,AB,T6H 1J5,Kevin.N.Siemens@mailinator.com,780-431-5001
Norma,Miller,4010 St Marys Rd,WINNIPEG,MB,R3C 0C4,Norma.D.Miller@mailinator.com,204-296-2796
Cleveland,Perry,1905 Brand Road,SASKATOON,SK,S7K 1W8,Cleveland.M.Perry@mailinator.com,306-222-9906
Carmen,Carter,800 137th Avenue,EDMONTON,AB,T5B 3V4,Carmen.A.Carter@trashymail.com,780-378-7431
Alicia,Barnett,4871 rue Levy,MONTREAL,QC,H3C 5K4,Alicia.R.Barnett@pookmail.com,514-707-7237
Gerald,Cook,1720 Isabella Street,PEMBROKE,ON,K8A 5S5,Gerald.J.Cook@dodgit.com,613-633-2546
Teddy,Norris,1376 Northumberland Street,TAVISTOCK,ON,N0B 2R0,Teddy.M.Norris@spambob.com,519-655-3712
Kenneth,Brown,2908 Galts Ave,RED DEER,AB,T4N 2A6,Kenneth.S.Brown@dodgit.com,403-358-0934
Robert,Williamson,1804 Maria St,BURLINGTON,ON,L7R 2G6,Robert.J.Williamson@pookmail.com,905-681-9474
Ellyn,Willis,2114 Brook St,WEST LEICESTER,NS,B4H 3Y6,Ellyn.W.Willis@mailinator.com,902-669-8098
George,Morgan,2857 Sturgeon Drive,FORT SASKATCHEWAN,AB,T8L 2H4,George.A.Morgan@pookmail.com,780-997-0848
Patti,Lynch,3053 George Street,PETERBOROUGH,ON,K9H 2L1,Patti.R.Lynch@spambob.com,705-760-4685
Bobbie,Jackson,1800 Churchill Plaza,SAULT STE MARIE,ON,P6A 1Z2,Bobbie.C.Jackson@pookmail.com,705-949-0874
Terry,Burns,3249 St Jean Baptiste St,STE ANGELE DE LAVAL,QC,G0X 2H0,Terry.F.Burns@mailinator.com,819-222-7530
Willie,Haas,1435 Weir Crescent,TORONTO,ON,M1E 3T8,Willie.K.Haas@spambob.com,416-284-1867
Tara,King,562 rue Levy,MONTREAL,QC,H3C 5K4,Tara.C.King@dodgit.com,514-771-8727
Tara,Jacobson,2780 Central Pkwy,PORT CREDIT,ON,L5G 1K2,Tara.R.Jacobson@pookmail.com,905-891-4718
Edward,Crews,953 Hamilton Street,EATONIA,SK,S4P 3Y2,Edward.K.Crews@mailinator.com,306-967-9311
William,Hamilton,3480 rue Ontario Ouest,MONTREAL,QC,H2X 1Y8,William.K.Hamilton@mailinator.com,514-847-2655
Eva,Gallaher,606 Manitoba Street,BRACEBRIDGE,ON,P1L 2B7,Eva.R.Gallaher@spambob.com,705-205-8884
Antonio,Culver,4144 avenue de Port-Royal,BONAVENTURE,QC,G0C 1E0,Antonio.L.Culver@pookmail.com,418-299-4933
Ashley,Ramos,3471 Woodvale Drive,BELMONT,ON,N0L 1B0,Ashley.K.Ramos@dodgit.com,519-644-9436
Randy,Wiese,902 Victoria Park Ave,TORONTO,ON,M2J 3T7,Randy.M.Wiese@dodgit.com,416-989-6643
Steven,Heyman,1878 Paris St,SUDBURY,ON,P3E 4K2,Steven.J.Heyman@pookmail.com,705-919-0496
Elaine,Thomas,3932 rue Saint-Antoine,ST HYACINTHE,QC,J2S 2T3,Elaine.J.Thomas@pookmail.com,450-278-9089
Mary,Rood,2797 Eglinton Avenue,TORONTO,ON,M4P 1A6,Mary.J.Rood@pookmail.com,416-258-9629
Terrell,Tracy,3731 Essendene Avenue,ABBOTSFORD,BC,V2S 2H7,Terrell.S.Tracy@mailinator.com,604-768-5239
Tim,Borden,103 Main St,TURNER VALLEY,AB,T0L 2A0,Tim.K.Borden@spambob.com,403-933-7193
Rashida,Merritt,2364 Heritage Drive,CALGARY,AB,T2V 2W2,Rashida.R.Merritt@dodgit.com,403-804-6541
Judith,Ivey,1224 Nelson Street,EAGLE RIVER,ON,P0V 1S0,Judith.A.Ivey@spambob.com,807-755-4603
Eddie,Zick,1820 Toy Avenue,OSHAWA,ON,L1H 7M3,Eddie.C.Zick@trashymail.com,905-260-4379
Daniel,Hanley,2020 43rd Avenue,WHITEHORSE,NT,Y1A 2A2,Daniel.M.Hanley@mailinator.com,867-456-0157
Christopher,Mccaleb,3242 Northumberland Street,HILLSBURGH,ON,N0B 1Z0,Christopher.M.Mccaleb@pookmail.com,519-855-7152
Alfred,Anderson,1744 Nelson Street,RED LAKE,ON,P0V 2M0,Alfred.A.Anderson@pookmail.com,807-749-8092
Wendy,Freeman,4067 rue St-Henri,VILLE LE GARDEUR,QC,J5Z 1R6,Wendy.K.Freeman@mailinator.com,450-581-0104
Bruce,Clark,399 Kennedy Rd,PETERBOROUGH,ON,K9J 7K6,Bruce.D.Clark@dodgit.com,705-931-6890
Timothy,Lovell,1705 Parkdale Ave,HAWKESBURY,ON,K6A 1E8,Timothy.R.Lovell@dodgit.com,613-306-9953
Frieda,Cole,185 Boulevard Cremazie,QUEBEC,QC,G1R 1B8,Frieda.A.Cole@pookmail.com,418-520-0354
Carmen,Nowicki,1254 rue des Églises Est,EASTMAN,QC,J0E 1P0,Carmen.C.Nowicki@pookmail.com,450-297-0220
Susan,Boyle,4988 47th Avenue,RADWAY,AB,T0A 2V0,Susan.W.Boyle@pookmail.com,780-736-9362
Kayla,Alexander,3000 Reserve St,KEENE,ON,K0L 2G0,Kayla.M.Alexander@mailinator.com,705-295-1157
Julieta,Mason,3294 Mesa Vista Drive,LAC LA HACHE,BC,V0K 1T0,Julieta.M.Mason@pookmail.com,250-396-2543
Patricia,Cormier,1687 chemin Georges,LAVALTRIE,QC,J0K 1H0,Patricia.J.Cormier@mailinator.com,450-540-8261
James,Rodriquez,3178 St-Jerome Street,ST JEROME,QC,S4P 3Y2,James.R.Rodriquez@dodgit.com,450-560-4639
Leon,Hottinger,3872 Sherbrooke Ouest,MONTREAL,QC,H4A 1H3,Leon.B.Hottinger@dodgit.com,514-928-1584
Daniel,Morgan,1287 99th St,GRANDE PRAIRIE,AB,T8V 0S1,Daniel.A.Morgan@trashymail.com,780-933-7819
David,David,1191 Richmond Street,OSHAWA,ON,S4P 3Y2,David.I.David@dodgit.com,905-404-0040
Brett,Mannion,1797 Walsh Street,THUNDER BAY,ON,P7E 1J5,Brett.S.Mannion@spambob.com,807-628-6961
Matthew,Marks,1986 Wentz Avenue,SASKATOON,SK,S7K 7A9,Matthew.R.Marks@dodgit.com,306-251-6555
Connie,Russell,1950 Woodvale Drive,BELMONT,ON,N0L 1B0,Connie.K.Russell@trashymail.com,519-644-9906
Joe,Collins,1050 Prince William,SAINT JOHN,NB,E2L 4V1,Joe.M.Collins@dodgit.com,506-639-5769
Alicia,Fulk,1473 Heritage Drive,CALGARY,AB,T2V 2W2,Alicia.M.Fulk@spambob.com,403-968-6046
Harry,Pena,2764 Brook St,AMHERST,NS,B4H 1W6,Harry.T.Pena@dodgit.com,902-660-1018
Steven,Schurman,3555 Lauzon Parkway,LA SALLE,ON,N9J 1M9,Steven.W.Schurman@trashymail.com,519-734-1124
Catherine,Hardaway,173 Mill Street,DUBLIN,ON,N0K 1E0,Catherine.H.Hardaway@spambob.com,519-345-1557
Laura,Hernandez,2208 Merivale Road,OTTAWA,ON,K2G 3K2,Laura.L.Hernandez@mailinator.com,613-727-7619
Wendy,Smith,2198 rue Saint-Antoine,ST. HYACINTHE,QC,J2T 1K9,Wendy.J.Smith@spambob.com,450-209-7139
Chad,Hogan,4163 99th St,GRANDE PRAIRIE,AB,T8V 0S1,Chad.S.Hogan@dodgit.com,780-831-8369
Marcia,Harting,1560 137th Avenue,EDMONTON,AB,T5J 2Z2,Marcia.E.Harting@spambob.com,780-710-6010
Ronald,Clemmons,2737 chemin du Lac,BOUCHERVILLE,QC,J4B 6X3,Ronald.S.Clemmons@mailinator.com,450-552-8533
Teresa,Winder,1647 Paris St,GARSON,ON,P3L 1C9,Teresa.G.Winder@pookmail.com,705-699-6781
Robert,Lyons,1515 Neilson Avenue,TORONTO,ON,M1M 1V1,Robert.T.Lyons@dodgit.com,416-269-8780
Walter,Vaughan,2824 Montreal Road,OTTAWA,ON,K1L 6C7,Walter.M.Vaughan@pookmail.com,613-842-2689
Sara,Zapata,3136 MacLaren Street,OTTAWA,ON,K1P 5M7,Sara.B.Zapata@mailinator.com,613-364-2767
Eileen,Hauck,3874 Robson St,VANCOUVER,BC,V6B 3K9,Eileen.W.Hauck@trashymail.com,604-718-4046
Cassandra,Arviso,1187 Lynden Road,COLDWATER,ON,L0K 1E0,Cassandra.R.Arviso@pookmail.com,705-686-6748
Vergie,Lewis,987 Galts Ave,RED DEER,AB,T4N 2A6,Vergie.E.Lewis@trashymail.com,403-340-7341
Kari,Clark,4166 Lillooet Street,PRINCE ALBERT,SK,S6V 1B3,Kari.D.Clark@trashymail.com,306-764-7584
Lynne,Ferguson,1198 5th Avenue,FAIRVIEW,AB,T0H 1L0,Lynne.G.Ferguson@dodgit.com,780-835-0397
Orval,Manke,1175 Yonge Street,TORONTO,ON,M4W 1J7,Orval.L.Manke@pookmail.com,416-925-7077
Brenda,Atkins,1450 Carling Avenue,OTTAWA,ON,K1Z 7B5,Brenda.C.Atkins@spambob.com,613-769-7067
Ryan,Clark,3198 rue Levy,MONTREAL,QC,H3C 5K4,Ryan.K.Clark@pookmail.com,514-773-9609
Roxie,Mccool,4636 Heatherleigh,COOKSVILLE,ON,L5A 1V9,Roxie.R.Mccool@mailinator.com,905-290-1571
Lynn,Gault,4941 Glover Road,LANGLEY,BC,V3A 4P6,Lynn.P.Gault@dodgit.com,778-240-3534
Michael,Stephens,2850 Roger Street,COMOX,BC,V9N 5N1,Michael.S.Stephens@spambob.com,250-339-9933
James,Smith,4242 Robson St,VANCOUVER,BC,V6B 3K9,James.J.Smith@trashymail.com,604-681-4892
Lois,Dasilva,2948 Scotts Lane,QUALICUM BEACH,BC,V0R 2T0,Lois.T.Dasilva@spambob.com,250-752-4734
Timothy,Mcgaughey,3940 Ste. Catherine Ouest,MONTREAL,QC,H3B 2M1,Timothy.V.Mcgaughey@spambob.com,514-228-3369
Beverly,Renfroe,429 50th Street,EDMONTON,AB,T6B 2W9,Beverly.E.Renfroe@mailinator.com,780-220-1405
Theresa,Bashaw,4608 Yonge Street,TORONTO,ON,M4W 1J7,Theresa.M.Bashaw@dodgit.com,416-920-0721
Lera,Sandoval,3416 Exmouth Street,SARNIA,ON,N7T 4C8,Lera.A.Sandoval@mailinator.com,519-384-7685
David,Lopez,295 Balmy Beach Road,OWEN SOUND,ON,N4K 2N7,David.K.Lopez@trashymail.com,519-378-5573
Philip,Kramer,3277 St. John Street,DUCK LAKE,SK,S4P 3Y2,Philip.J.Kramer@dodgit.com,306-467-7282
Denise,Randolph,2836 Bay Street,TORONTO,ON,M5J 2R8,Denise.K.Randolph@mailinator.com,416-871-3467
Dennis,Perry,2340 chemin Hudson,MONTREAL,QC,H4J 1M9,Dennis.L.Perry@pookmail.com,514-293-8446
Donald,Rivera,2755 Park Ct,LODGEPOLE,AB,T0E 1K0,Donald.A.Rivera@spambob.com,780-894-1437
Larry,Jarrett,5 Higginsville Road,WINDSOR,NS,B0N 2T0,Larry.J.Jarrett@spambob.com,902-472-4098
Bruce,Dalrymple,4665 Adelaide St,TORONTO,ON,M5H 1P6,Bruce.E.Dalrymple@mailinator.com,416-397-9599
Damien,Gilford,1952 Dry Pine Bay Rd,NOELVILLE,ON,P0M 2N0,Damien.B.Gilford@mailinator.com,705-898-7046
Melissa,Martindale,3026 11th Ave,CALGARY,AB,T2P 1M6,Melissa.T.Martindale@spambob.com,403-266-3902
Linda,Bryson,2565 Côte Joyeuse,BOUCHETTE,QC,H0H 0H0,Linda.B.Bryson@spambob.com,819-465-6872
Amy,Germany,2103 Dufferin Street,TORONTO,ON,M6H 4B6,Amy.K.Germany@trashymail.com,416-530-6373
Jason,Walker,4749 Nelson Street,WEBEQUIE,ON,P0T 3A0,Jason.S.Walker@pookmail.com,807-353-5565
Stacey,Laurie,4558 Shaughnessy St,PORT COQUITLAM,BC,V3C 4S7,Stacey.A.Laurie@mailinator.com,604-944-8884
Julia,Darnell,2563 Pine Street,ALTARIO,AB,T0C 0E0,Julia.C.Darnell@dodgit.com,403-552-9174
Max,Shaw,615 St. John Street,ABERNETHY,SK,S4P 3Y2,Max.A.Shaw@dodgit.com,306-333-0235
Evelyn,Rhymes,1910 Rue King,SHERBROOKE,QC,J1H 1R4,Evelyn.B.Rhymes@spambob.com,819-822-1855
Heather,Pauley,1302 Reserve St,BAILLIEBORO,ON,K0L 1B0,Heather.M.Pauley@pookmail.com,705-939-6001
Mary,Pedraza,2528 Jasper Avenue,EDMONTON,AB,T5J 3N2,Mary.C.Pedraza@trashymail.com,780-239-3259
Paul,Anderson,344 Brew Creek Rd,WHISTLER,BC,V0N 1B4,Paul.M.Anderson@pookmail.com,604-906-3205
Rafael,Camacho,309 Princess St,KINGSTON,ON,K7L 1C2,Rafael.N.Camacho@dodgit.com,613-888-1829
Wendy,Spink,4979 Hardy Street,KELOWNA,BC,V1Y 8H2,Wendy.N.Spink@dodgit.com,250-862-3550
Luke,Osborn,3051 Bay Street,TORONTO,ON,M5J 2R8,Luke.P.Osborn@trashymail.com,416-831-9246
Dorothy,Mcneill,2148 Port Washington Road,COCHRANE,AB,T0L 0W0,Dorothy.P.Mcneill@dodgit.com,403-851-2373
Heather,Huang,1911 Kinchant St,PENTICTON,BC,V2A 2V6,Heather.D.Huang@spambob.com,250-460-5793
Richard,Max,1000 Holdom Avenue,SURREY,BC,V3T 4Y5,Richard.M.Max@mailinator.com,604-582-1708
Antonio,Gold,574 A Avenue,EDMONTON,AB,T5J 0K7,Antonio.A.Gold@mailinator.com,780-426-1409
Rudolph,Finn,602 rue des Églises Est,MORIN HEIGHTS,QC,J0R 1H0,Rudolph.B.Finn@trashymail.com,450-226-9905
George,Gaston,3047 MacLaren Street,OTTAWA,ON,K1P 5M7,George.B.Gaston@pookmail.com,613-786-5393
Sue,Brumit,1953 Haaglund Rd,GREENWOOD,BC,V0H 1J0,Sue.J.Brumit@dodgit.com,250-445-5941
Elfriede,Hunter,1397 St. John Street,BIGGAR,SK,S4P 3Y2,Elfriede.D.Hunter@spambob.com,306-948-0501
Joseph,Peek,1162 Reserve St,HASTINGS,ON,K0L 1Y0,Joseph.L.Peek@trashymail.com,705-696-5889
Sylvia,Silva,4981 Robson St,VANCOUVER,BC,V6B 3K9,Sylvia.D.Silva@trashymail.com,604-631-6954
Jessie,Schulman,3784 Robson St,VANCOUVER,BC,V6B 3K9,Jessie.B.Schulman@spambob.com,604-665-6080
Gregory,Klinger,2630 René-Lévesque Blvd,MONTREAL,QC,H3B 4W8,Gregory.M.Klinger@dodgit.com,514-967-5724
Pamela,Pray,1291 St Jean Baptiste St,YAMACHICHE,QC,G0X 3L0,Pamela.M.Pray@spambob.com,819-296-9664
David,Donnelly,2703 Embro St,PORT BURWELL,ON,N0J 1T0,David.J.Donnelly@trashymail.com,519-874-1298
Daniel,Parks,3445 Galts Ave,RED DEER,AB,T4N 5H6,Daniel.E.Parks@dodgit.com,403-872-8441
Kay,Taylor,1077 Pearl Street,STREETSVILLE,ON,L5M 1X2,Kay.M.Taylor@mailinator.com,905-813-1463
Wiley,Erdman,2348 Victoria Park Ave,TORONTO,ON,M4A 2M5,Wiley.C.Erdman@spambob.com,416-701-5421
Patsy,Lanigan,83 rue Garneau,QUEBEC,QC,G1V 3V5,Patsy.H.Lanigan@trashymail.com,418-571-6647
Karin,Gibson,965 11th Ave,CALGARY,AB,T2P 1M6,Karin.E.Gibson@dodgit.com,403-543-9033
Carlos,Rule,2767 Bayfield St,RICHMOND HILL,ON,L4C 3Y2,Carlos.M.Rule@mailinator.com,905-508-8249
Tony,Patrick,3057 Findlay Creek Road,ELKO,BC,V0B 1J0,Tony.M.Patrick@spambob.com,250-529-2404
Rebecca,Simpson,3271 St. John Street,DUBUC,SK,S4P 3Y2,Rebecca.D.Simpson@pookmail.com,306-877-3737
John,Macdonald,1624 Bloor Street,VEGREVILLE,AB,T0B 4L0,John.J.Macdonald@spambob.com,780-744-5225
James,Allen,3398 Bay Street,TORONTO,ON,M5J 2R8,James.M.Allen@pookmail.com,416-893-4650
John,Borg,57 Paris St,SUDBURY,ON,P3E 5J8,John.D.Borg@spambob.com,705-222-3054
Michael,Merrill,4776 Burdett Avenue,TERRACE,BC,V8G 1S2,Michael.D.Merrill@pookmail.com,250-846-9132
Rose,Murdoch,1419 Albert Street,HERBERT,SK,S4P 3Y2,Rose.F.Murdoch@spambob.com,306-784-8838
Mayra,Swenson,2262 Garafraxa St,WIARTON,ON,N0H 2T0,Mayra.E.Swenson@spambob.com,519-534-0106
Mariano,Rios,2649 40th Street,CALGARY,AB,T2W 4H7,Mariano.D.Rios@spambob.com,403-281-3361
Ronald,Jones,275 Fallon Drive,MILDMAY,ON,N0G 2J0,Ronald.B.Jones@spambob.com,519-367-3162
Robert,Gagliardi,1305 40th Street,CALGARY,AB,T2P 4L4,Robert.R.Gagliardi@spambob.com,403-397-6050
Hoyt,Cordell,1904 Eglinton Avenue,TORONTO,ON,M4P 1A6,Hoyt.J.Cordell@mailinator.com,647-208-9797
William,Medina,1859 River Street,CAMLACHIE,ON,N0N 1E0,William.N.Medina@pookmail.com,519-899-7956
Bobby,Howell,1537 Rue King,SHERBROOKE,QC,J1H 1R4,Bobby.R.Howell@mailinator.com,819-829-1179
Roma,Loveland,1943 Sheppard Ave,TORONTO,ON,M1S 1T4,Roma.K.Loveland@trashymail.com,416-754-1645
Robin,Pina,2425 rue Levy,MONTREAL,QC,H3C 5K4,Robin.W.Pina@mailinator.com,514-775-6564
Thomas,Gordon,2994 Scotchmere Dr,SARNIA,ON,N7T 7T9,Thomas.D.Gordon@dodgit.com,519-381-9596
Ashley,Vela,1508 Heritage Drive,CALGARY,AB,T2V 2W2,Ashley.R.Vela@mailinator.com,403-863-4457
Joanne,Bentley,74 Acton Avenue,TORONTO,ON,M3H 4J1,Joanne.R.Bentley@pookmail.com,416-812-3471
Major,Oakes,4915 Heritage Drive,CALGARY,AB,T2V 2W2,Major.J.Oakes@trashymail.com,403-807-3735
Lois,Herman,1888 St. John Street,ALSASK,SK,S4P 3Y2,Lois.A.Herman@mailinator.com,306-968-2049
Cecilia,Peacock,944 St Jean Baptiste St,ST COME DE KENNEBEC,QC,G0M 1J0,Cecilia.D.Peacock@dodgit.com,418-685-1904
Michael,Saad,4482 St Jean Baptiste St,HEBERTVILLE STATION,QC,G0W 1T0,Michael.B.Saad@mailinator.com,418-344-4827
Gloria,Rogers,2684 Pine Street,STETTLER,AB,T0C 2L2,Gloria.L.Rogers@dodgit.com,403-740-8093
Melissa,Johnson,3753 Craven Place,MEDICINE HAT,AB,T1A 0N1,Melissa.M.Johnson@trashymail.com,403-529-2379
Jacob,Morse,3356 102nd Avenue,DAWSON CREEK,BC,V1G 2C4,Jacob.M.Morse@dodgit.com,250-219-7588
April,Brown,1939 Kennedy Rd,LINDSAY,ON,K9V 4A4,April.L.Brown@dodgit.com,705-341-7952
Jean,Colon,715 Adelaide St,TORONTO,ON,M5H 1P6,Jean.M.Colon@pookmail.com,416-601-0885
Michael,Hoke,670 rue Boulay,ST THOMAS D'AQUIN,QC,J0H 2A0,Michael.U.Hoke@trashymail.com,450-796-7172
Veronica,Thompson,1276 Dominion St,FINCH,ON,K0C 1K0,Veronica.C.Thompson@spambob.com,613-984-4788
Manuel,Christofferso,4647 Bank St,OTTAWA,ON,K1H 7Z1,Manuel.C.Christofferso@dodgit.com,613-899-5437
Naomi,Jones,2897 49th Avenue,BAKER LAKE,NT,X0C 0A0,Naomi.A.Jones@trashymail.com,867-793-1212
James,Boland,3085 Blind Bay Road,TAPPEN,BC,V0E 2X0,James.M.Boland@dodgit.com,250-835-6706
Rolando,Christianson,3464 Craven Place,MEDICINE HAT,AB,T1A 0N1,Rolando.R.Christianson@pookmail.com,403-528-2980
Elmira,Pratt,4032 Parkdale Ave,HAWKESBURY,ON,K6A 1E8,Elmira.J.Pratt@trashymail.com,613-632-7278
Debbie,Willis,4532 James Street,MOONBEAM,ON,P0L 1V0,Debbie.R.Willis@mailinator.com,705-367-6769
Valerie,Young,1119 Mesa Vista Drive,MERRITT,BC,V0K 2B0,Valerie.J.Young@mailinator.com,250-315-4755
Shirley,Little,3693 Duke Street,MONTREAL,QC,H3C 5K4,Shirley.C.Little@spambob.com,514-236-4519
James,Bourland,2894 Rose Street,REGINA,SK,S4P 3Y2,James.R.Bourland@dodgit.com,306-569-5369
Joanne,Anderson,3275 Promenade du Portage,HULL,QC,S4P 3Y2,Joanne.J.Anderson@spambob.com,819-779-2569
Michael,Hidalgo,425 MacLaren Street,OTTAWA,ON,K1P 5M7,Michael.M.Hidalgo@mailinator.com,613-880-8986
Leroy,Tipton,1761 rue de la Gauchetière,MONTREAL,QC,H3B 2M3,Leroy.L.Tipton@mailinator.com,514-823-2691
Deanna,Slate,1497 Balmy Beach Road,OWEN SOUND,ON,N4K 2N7,Deanna.I.Slate@dodgit.com,519-370-9633
Antonio,Rines,607 Barrydowne Road,SUDBURY,ON,P3E 5K3,Antonio.B.Rines@pookmail.com,705-675-6630
Bobbie,Webb,4391 Halsey Avenue,TORONTO,ON,M3B 2W6,Bobbie.W.Webb@pookmail.com,416-446-6199
Hellen,Bates,2919 Island Hwy,CAMPBELL RIVER,BC,V9W 2L9,Hellen.A.Bates@spambob.com,250-830-2710
Katherine,Aguilar,4318 Nelson Street,MARATHON,ON,P0T 2E0,Katherine.P.Aguilar@pookmail.com,807-229-1311
Maria,Morgan,2056 Princess St,KINGSTON,ON,K7L 1C2,Maria.K.Morgan@spambob.com,613-548-2105
Donald,Barrett,2087 40th Street,CALGARY,AB,T2W 4H7,Donald.M.Barrett@mailinator.com,403-238-9858
Helen,Collins,317 rue Saint-Édouard,TROIS RIVIERES,QC,G9A 5S8,Helen.G.Collins@dodgit.com,819-371-1571
Teresa,Neal,2765 Speers Road,OAKVILLE,ON,L6J 4Z3,Teresa.C.Neal@trashymail.com,905-510-5609
Wayne,Douglas,4589 40th Street,CALGARY,AB,T2K 0P7,Wayne.B.Douglas@trashymail.com,403-295-3576
Leland,Morgan,4182 Adelaide St,TORONTO,ON,M5H 1P6,Leland.M.Morgan@spambob.com,416-865-4728
Fred,Stacks,1968 Eglinton Avenue,TORONTO,ON,M4P 1A6,Fred.B.Stacks@mailinator.com,416-300-4066
Margaret,Serrano,4767 Sixth Street,NEW WESTMINSTER,BC,V3L 3C1,Margaret.J.Serrano@dodgit.com,604-527-9109
Jalisa,Lopez,2098 Lynden Road,SUNDERLAND,ON,L0C 1H0,Jalisa.R.Lopez@trashymail.com,705-357-5381
Arthur,Sproul,2145 Gorham Street,LONDON,ON,N0N 0N0,Arthur.M.Sproul@spambob.com,519-660-7816
Alberta,Neuman,1462 rue Levy,MONTREAL,QC,H3C 5K4,Alberta.C.Neuman@dodgit.com,514-970-2462
Benjamin,Logan,2746 Main St,WEBB,SK,S0N 2X0,Benjamin.M.Logan@dodgit.com,306-674-8930
Kelly,Holliday,1351 Sheppard Ave,TORONTO,ON,M1S 1T4,Kelly.C.Holliday@mailinator.com,416-676-3964
Goldie,Mendez,3975 Lock Street,DUNNVILLE,ON,N1A 2H9,Goldie.J.Mendez@dodgit.com,905-229-3370
Marie,Rodriguez,1041 Kinchant St,WILLIAMS LAKE,BC,V2G 1H9,Marie.J.Rodriguez@trashymail.com,250-267-5653
Kevin,Orr,2328 Burdett Avenue,VICTORIA,BC,V8W IE9,Kevin.S.Orr@dodgit.com,250-412-5186
Denver,Thompson,4674 St. John Street,CEYLON,SK,S4P 3Y2,Denver.L.Thompson@trashymail.com,306-454-1500
Kara,Lopez,276 Bridgeport Rd,COLLINGWOOD,ON,L9Y 1X1,Kara.T.Lopez@mailinator.com,705-446-0265
Angelique,Hutchinson,4171 Mesa Vista Drive,WELLS,BC,V0K 2R0,Angelique.J.Hutchinson@dodgit.com,250-994-7344
Armand,Dover,635 Pitfield Blvd,POINTE CLAIRE,QC,H9R 2B5,Armand.J.Dover@dodgit.com,514-783-7623
Jeffrey,Lassiter,4501 Kinchant St,CHILAKO RIVER,BC,V2N 4M6,Jeffrey.N.Lassiter@pookmail.com,250-560-2406
Bryan,Grant,27 Roger Street,COURTENAY,BC,V9N 2J6,Bryan.S.Grant@mailinator.com,250-898-4955
Thomas,Brigman,1255 Reserve St,NORWOOD,ON,K0L 2V0,Thomas.R.Brigman@trashymail.com,705-639-0879
Patsy,Rodriguez,262 rue Fournier,STE THERESE,QC,J7C 2C7,Patsy.A.Rodriguez@trashymail.com,450-508-0158
Patrica,Solis,353 St Jean Baptiste St,NEW CARLISLE,QC,G0C 1Z0,Patrica.B.Solis@mailinator.com,418-751-6892
William,Armstrong,1741 Wallace Street,NANAIMO,BC,V9R 3A8,William.H.Armstrong@spambob.com,250-816-9302
Mildred,Alderman,2183 Roger Street,DUNCAN,BC,V9L 1P1,Mildred.J.Alderman@dodgit.com,250-709-8182
Elizabeth,Thompson,120 Jade St,WEST VANCOUVER,BC,V7V 1Y8,Elizabeth.A.Thompson@mailinator.com,604-913-4672
Wanda,Wilkerson,3859 Mesa Vista Drive,LILLOOET,BC,V0K 1V0,Wanda.J.Wilkerson@spambob.com,250-256-2969
Belle,Harris,1369 Kinchant St,CHIEF LAKE,BC,V2N 2J1,Belle.D.Harris@mailinator.com,250-967-4969
Oscar,Pearl,4802 Rue De La Gare,MISTASSINI,QC,G8M 2Z2,Oscar.M.Pearl@dodgit.com,418-518-1620
Jennifer,Williams,4592 Lockhart Drive,BARRIE,ON,L4M 3B1,Jennifer.J.Williams@mailinator.com,705-726-8628
Stanley,Mallory,709 Islington Ave,TORONTO,ON,M8V 3B6,Stanley.L.Mallory@mailinator.com,416-528-4561
Kristopher,Stiffler,2539 Derry Rd,MALTON,ON,L4T 1A8,Kristopher.B.Stiffler@dodgit.com,905-740-8147
Patricia,Porter,3347 Blind Bay Road,SALMON ARM,BC,V0E 2T0,Patricia.A.Porter@trashymail.com,250-517-4956
Winfred,Joiner,2913 11th Ave,CALGARY,AB,T2P 1M6,Winfred.B.Joiner@trashymail.com,403-266-5944
Michael,Matranga,3084 St. John Street,CALDER,SK,S4P 3Y2,Michael.T.Matranga@trashymail.com,306-742-2066
Kevin,Overby,1798 Lynden Road,BEAVERTON,ON,L0K 1A0,Kevin.M.Overby@mailinator.com,705-426-1695
Russell,Tilson,45 Heritage Drive,CALGARY,AB,T2V 2W2,Russell.D.Tilson@pookmail.com,403-813-0756
William,Faulk,4017 Bloor Street,VEGREVILLE,AB,T0B 4L0,William.A.Faulk@mailinator.com,780-603-5815
William,Babineaux,3044 Yonge Street,TORONTO,ON,M4W 1J7,William.Y.Babineaux@spambob.com,416-944-1194
Francis,Webster,1480 Ross Street,KINGSTON,ON,K7L 4V4,Francis.T.Webster@spambob.com,613-217-5374
Bobby,Garza,4347 Heritage Drive,CALGARY,AB,T2V 2W2,Bobby.G.Garza@trashymail.com,403-807-3119
Joan,Galbreath,3021 rue Garneau,QUEBEC,QC,G1V 3V5,Joan.A.Galbreath@dodgit.com,418-576-1325
Sandra,Nielsen,2434 rue Saint-Antoine,GRANBY,QC,J2G 4W7,Sandra.J.Nielsen@spambob.com,450-204-9219
Rachael,Fugate,4131 Tolmie St,VANCOUVER,BC,V6M 1Y8,Rachael.T.Fugate@mailinator.com,604-264-8016
Renita,Dominguez,3899 Shaughnessy St,PORT COQUITLAM,BC,V3C 4S7,Renita.D.Dominguez@spambob.com,604-927-2189
Matthew,Ivey,505 Fallon Drive,COMBER,ON,N0P 1J0,Matthew.S.Ivey@spambob.com,519-687-5762
Allison,Burger,4514 Robson St,VANCOUVER,BC,V6B 3K9,Allison.J.Burger@pookmail.com,604-681-0806
Albertha,Wilson,2784 7th Ave,CALGARY,AB,T2P 0W4,Albertha.P.Wilson@dodgit.com,403-547-2970
Joseph,Speers,1099 Papineau Avenue,MONTREAL,QC,H2K 4J5,Joseph.D.Speers@trashymail.com,514-827-6649
Sang,Mitchell,535 Derry Rd,MALTON,ON,L4T 1A8,Sang.M.Mitchell@dodgit.com,416-679-9797
Leona,Miller,4156 rue Ellice,JOLIETTE,QC,J6E 7X1,Leona.J.Miller@pookmail.com,450-960-4502
Maureen,Smallwood,3562 Mill Street,KIRKTON,ON,N0K 1K0,Maureen.H.Smallwood@pookmail.com,519-229-6107
Anne,Holmes,1811 Burdett Avenue,VICTORIA,BC,V8Z 2J8,Anne.W.Holmes@trashymail.com,250-708-2859
Tommie,Miller,3919 De la Providence Avenue,LACHUTE,QC,J8H 2J7,Tommie.M.Miller@spambob.com,450-613-1389
Lloyd,Brewer,3200 Islington Ave,TORONTO,ON,M9V 2X5,Lloyd.K.Brewer@mailinator.com,416-567-9754
Christopher,Benitez,1810 Heatherleigh,COOKSVILLE,ON,L5A 1V9,Christopher.E.Benitez@pookmail.com,905-756-2744
Ethel,Burkett,557 Bay Street,TORONTO,ON,M5J 2R8,Ethel.R.Burkett@spambob.com,647-885-5079
James,Davis,915 Township Rd,LEDUC,AB,T9E 2W9,James.M.Davis@dodgit.com,780-980-2869
Kyle,Mccorkle,829 De la Providence Avenue,BUCKINGHAM,QC,J8L 1P1,Kyle.G.Mccorkle@dodgit.com,819-986-1720
Dawn,Schoenfeld,1011 Glover Road,SURREY,BC,V3S 4C4,Dawn.L.Schoenfeld@mailinator.com,604-574-5150
Anthony,Lacy,692 Water Street,KITCHENER,ON,N2H 5A5,Anthony.A.Lacy@dodgit.com,519-577-8469
Eddie,Thomas,3757 Richmond Road,CALGARY,AB,T2T 0C6,Eddie.M.Thomas@trashymail.com,403-245-8352
Sarah,Weaver,4775 5th Avenue,KEG RIVER,AB,T0H 2G0,Sarah.T.Weaver@dodgit.com,780-981-1108
William,Riley,4132 Birkett Lane,BRANTFORD,ON,N3T 2Z8,William.A.Riley@pookmail.com,519-750-3573
Barbara,Mchugh,2812 McGill Road,KAMLOOPS,BC,V2C 5R8,Barbara.K.Mchugh@pookmail.com,250-377-5610
Douglas,Camacho,4141 Tolmie St,VANCOUVER,BC,V6M 1Y8,Douglas.E.Camacho@spambob.com,604-264-4551
Nancy,Thornton,1103 Bridgeport Rd,ANCASTER,ON,L9G 2C1,Nancy.J.Thornton@dodgit.com,905-648-9031
Christopher,Thrush,2722 Craven Place,MEDICINE HAT,AB,T1A 0N1,Christopher.K.Thrush@trashymail.com,403-580-2980
John,Gross,3519 Pine Street,PONOKA,AB,T0C 2H0,John.A.Gross@trashymail.com,403-704-6835
Lena,Weber,1847 University Avenue,TORONTO,ON,M5J 1T1,Lena.A.Weber@trashymail.com,647-288-5824
Chad,Fields,1424 Bayfield St,BARRIE,ON,L4M 4S7,Chad.L.Fields@trashymail.com,705-794-4622
Sarah,Bergman,3607 Reserve St,LITTLE BRITAIN,ON,K0M 2C0,Sarah.J.Bergman@pookmail.com,705-786-4687
William,Street,2378 Exmouth Street,SARNIA,ON,N7T 4C8,William.M.Street@trashymail.com,519-464-3743
Patrick,Cranford,925 102nd Avenue,CRANBROOK,BC,V1C 2R9,Patrick.T.Cranford@spambob.com,250-829-2876
Eleanor,Esquibel,3197 Weir Crescent,TORONTO,ON,M1E 3T8,Eleanor.W.Esquibel@trashymail.com,416-724-4955
Elizabeth,Murphy,4686 Yonge Street,TORONTO,ON,M4W 1J7,Elizabeth.V.Murphy@spambob.com,416-327-9261
Dolores,Martinez,949 49th Avenue,BAKER LAKE,NT,X0C 0A0,Dolores.T.Martinez@pookmail.com,867-793-6289
Cynthia,Owens,2357 Findlay Creek Road,FERNIE,BC,V0B 1M1,Cynthia.J.Owens@dodgit.com,250-531-0294
Denise,Jolliff,2735 MacLaren Street,OTTAWA,ON,K1P 5M7,Denise.R.Jolliff@mailinator.com,613-212-7594
Eli,Nestor,3121 Embro St,OTTERVILLE,ON,N0J 1R0,Eli.M.Nestor@spambob.com,519-879-0765
Frances,Alberts,4123 Charing Cross Rd,CHATHAM,ON,N7M 2G9,Frances.F.Alberts@dodgit.com,519-355-2282
Luther,Schneider,2435 Yoho Valley Road,PARSON,BC,V0A 1L0,Luther.S.Schneider@mailinator.com,250-348-1434
Louise,Linker,241 Goyeau Ave,WINDSOR,ON,N9A 1H9,Louise.B.Linker@trashymail.com,519-259-8858
Bernard,Clapper,3749 Merton Street,TORONTO,ON,M1L 3K7,Bernard.F.Clapper@dodgit.com,416-702-9957
Jennifer,Reddick,3744 Lynden Road,MOONSTONE,ON,L0K 1N0,Jennifer.L.Reddick@dodgit.com,705-835-2274
Edwin,Mann,166 Royal Avenue,NEW WESTMINSTER,BC,V3L 5H1,Edwin.F.Mann@trashymail.com,778-892-6374
Wei,Brown,4729 rue des Champs,CHICOUTIMI,QC,G7H 4N3,Wei.S.Brown@dodgit.com,418-820-8600
Isabel,Dewitt,2229 Robson St,VANCOUVER,BC,V6B 3K9,Isabel.M.Dewitt@spambob.com,604-812-1108
Roberta,Barnes,1167 Queens Bay,FAUQUIER,BC,V0G 1K0,Roberta.G.Barnes@mailinator.com,250-269-7251
Ellen,Fitzgerald,1805 De L'Acadie Boul,MONTREAL,QC,H4N 3C5,Ellen.N.Fitzgerald@pookmail.com,514-233-8360
Eugene,Mcintyre,4603 rue Saint-Antoine,DRUMMONDVILLE,QC,J2B 1G6,Eugene.J.Mcintyre@trashymail.com,819-818-8661
Virginia,Cali,774 Rose Street,REGINA,SK,S4P 3Z8,Virginia.P.Cali@mailinator.com,306-351-5847
Agatha,Scott,2166 Pitfield Blvd,POINTE CLAIRE,QC,H9R 2B5,Agatha.D.Scott@spambob.com,514-783-5549
Edgar,Henton,4111 Bay Street,TORONTO,ON,M5J 2R8,Edgar.C.Henton@pookmail.com,416-826-6802
Mario,Hamilton,1519 Birkett Lane,BRANTFORD,ON,N3T 2Z8,Mario.D.Hamilton@mailinator.com,519-753-3850
Vincent,Baril,291 Balmy Beach Road,OWEN SOUND,ON,N4K 2N7,Vincent.M.Baril@mailinator.com,519-387-7097
Fernando,Carty,4150 Quayside Dr,NEW WESTMINSTER,BC,V3M 6A1,Fernando.H.Carty@mailinator.com,604-351-1528
Terry,Wold,916 Algoma St,THUNDER BAY,ON,P7A 4T3,Terry.M.Wold@pookmail.com,807-983-0184
Elizabeth,Ruiz,3814 Ross Street,PERTH,ON,K7H 3C7,Elizabeth.S.Ruiz@mailinator.com,613-464-3402
Michelle,Rivera,3399 Eglinton Avenue,TORONTO,ON,M4P 1A6,Michelle.J.Rivera@trashymail.com,416-568-8189
Thomas,Hull,234 Calgary Avenue,PENTICTON,BC,V2A 2T6,Thomas.N.Hull@mailinator.com,250-492-5016
Willie,Crites,2356 Duke Street,MONTREAL,QC,H3C 5K4,Willie.M.Crites@mailinator.com,514-238-4678
Maggie,Deberry,975 Yonge Street,TORONTO,ON,M4W 1J7,Maggie.J.Deberry@mailinator.com,416-302-0785
Vincent,Collins,2033 Carling Avenue,OTTAWA,ON,K1Z 7B5,Vincent.M.Collins@dodgit.com,613-299-8771
Luis,Houston,1396 rue Levy,MONTREAL,QC,H3C 5K4,Luis.M.Houston@spambob.com,514-348-2133
Ella,Erhardt,4186 Smith Avenue,HAMILTON,ON,L9H 1E6,Ella.B.Erhardt@spambob.com,905-906-6931
John,Barr,2659 Roger Street,COURTENAY,BC,V9N 2J6,John.B.Barr@spambob.com,250-338-4024
Eric,Florence,2770 St. John Street,BRUNO,SK,S4P 3Y2,Eric.C.Florence@dodgit.com,306-369-5505
Edward,Fox,1240 Park Rd,ZENON PARK,SK,S0E 1W0,Edward.M.Fox@trashymail.com,306-767-7648
Todd,Humphrey,3587 rue Ontario Ouest,MONTREAL,QC,H2X 1Y8,Todd.E.Humphrey@dodgit.com,514-845-1552
Larry,Whitesides,4086 Main St,PUNNICHY,SK,S0A 3C0,Larry.C.Whitesides@mailinator.com,306-835-1273
Byron,Smith,4917 Boulevard Cremazie,QUEBEC,QC,G1R 1B8,Byron.L.Smith@trashymail.com,418-646-7381
Mike,Millar,4946 Roger Street,DUNCAN,BC,V9L 1P1,Mike.E.Millar@dodgit.com,250-715-7072
Maria,Massie,356 Lynden Road,STROUD,ON,L0L 2M0,Maria.D.Massie@trashymail.com,705-436-3232
Mckenzie,Tucker,4740 Thurston Dr,ORLEANS,ON,K1C 1T1,Mckenzie.R.Tucker@trashymail.com,613-841-2967
Isaiah,Peralta,3270 rue Garneau,QUEBEC,QC,G1V 3V5,Isaiah.S.Peralta@trashymail.com,418-455-0889
James,Taylor,3644 King George Hwy,SURREY,BC,V3W 4E3,James.K.Taylor@pookmail.com,604-502-2126
James,Mills,3481 Sixth Street,NEW WESTMINSTER,BC,V3L 3C1,James.R.Mills@mailinator.com,604-813-6509
Bernadette,Leonard,431 Richmond Street,OSHAWA,ON,S4P 3Y2,Bernadette.M.Leonard@mailinator.com,905-718-2225
Daniel,Smith,4938 rue des Églises Est,WAKEFIELD,QC,J0X 3G0,Daniel.R.Smith@mailinator.com,819-459-3642
Billy,Mann,691 rue des Églises Est,BELLETERRE,QC,J0Z 1L0,Billy.S.Mann@dodgit.com,819-722-6735
Daniel,Latimer,1762 9th Avenue,WOODSTOCK,ON,N4S 6J6,Daniel.M.Latimer@dodgit.com,519-537-7315
Cynthia,Martinez,3378 Charleton Ave,HAMILTON,ON,L8N 3X3,Cynthia.J.Martinez@trashymail.com,905-869-5392
Leonard,Holmes,4336 Jade St,RICHMOND,BC,V7E 2E4,Leonard.C.Holmes@spambob.com,604-271-3811
Tracey,Coffey,4387 MacLaren Street,OTTAWA,ON,K1P 5M7,Tracey.R.Coffey@trashymail.com,613-233-6694
Diane,Lehmann,1134 Lynden Road,STAYNER,ON,L0M 1S0,Diane.E.Lehmann@trashymail.com,705-428-6277
Cynthia,Bellamy,3818 Reserve St,INVERARY,ON,K0H 1X0,Cynthia.J.Bellamy@pookmail.com,613-353-4115
Michael,Layman,3117 Bridgeport Rd,MILTON,ON,L9T 2Y2,Michael.R.Layman@spambob.com,905-699-8120
Kristin,Gillman,2470 rue Ellice,BEAUHARNOIS,QC,J6N 1W6,Kristin.G.Gillman@spambob.com,450-268-8546
Michael,Ford,4199 rue Parc,SHERBROOKE,QC,J1H 1J7,Michael.B.Ford@pookmail.com,819-780-2488
Carol,Stiner,1401 Port Washington Road,ECKVILLE,AB,T0M 0X0,Carol.M.Stiner@trashymail.com,403-746-1001
Daniel,Jordan,1890 Bloor Street,MARWAYNE,AB,T0B 2X0,Daniel.A.Jordan@trashymail.com,780-847-5176
Ivory,Caldwell,122 Kinchant St,KAMLOOPS,BC,V2B 3J5,Ivory.J.Caldwell@pookmail.com,250-376-5549
Robert,Wise,1391 Hyde Park Road,LONDON,ON,N6E 1A9,Robert.K.Wise@dodgit.com,519-649-7215
Ben,Harrison,4790 Robson St,VANCOUVER,BC,V6B 3K9,Ben.J.Harrison@mailinator.com,604-609-1977
Theodore,Oneil,2733 James Street,FAUQUIER,ON,P0L 1G0,Theodore.V.Oneil@pookmail.com,705-339-4998
Mark,Bowman,3878 rue Fournier,ST JEROME,QC,J7Z 5L3,Mark.A.Bowman@spambob.com,450-821-1397
Alonzo,Brown,3492 Burnt Island Road,BAYSVILLE,ON,P0B 1A0,Alonzo.R.Brown@dodgit.com,705-767-0166
Norma,Benford,2729 Central Pkwy,MISSISSAUGA,ON,L5C 3T6,Norma.E.Benford@mailinator.com,905-366-6749
Margaretta,Thompson,1367 Tycos Dr,TORONTO,ON,M5T 1T4,Margaretta.M.Thompson@pookmail.com,416-931-3521
Aaron,Lucero,2872 Sturgeon Drive,FORT SASKATCHEWAN,AB,T8L 2H4,Aaron.B.Lucero@dodgit.com,780-998-6417
Lorenza,Hammond,4424 11th Ave,CALGARY,AB,T2P 1M6,Lorenza.J.Hammond@spambob.com,403-290-0515
William,Collins,2745 Adelaide St,TORONTO,ON,M5H 1P6,William.C.Collins@trashymail.com,416-775-7606
Shirley,Yates,1637 Islington Ave,TORONTO,ON,M9V 2X5,Shirley.W.Yates@spambob.com,416-562-1133
Sharron,Hughes,4496 De L'Acadie Boul,MONTREAL,QC,H4N 3C5,Sharron.R.Hughes@trashymail.com,514-953-6912
Maria,Bower,1477 102nd Avenue,FORT ST JOHN,BC,V1J 3Y7,Maria.J.Bower@mailinator.com,250-262-9674
Nathan,Leon,3165 rue de la Gauchetière,MONTREAL,QC,H3B 2M3,Nathan.S.Leon@trashymail.com,514-927-1235
Martha,Deans,4514 Ste. Catherine Ouest,MONTREAL,QC,H3C 3X6,Martha.J.Deans@spambob.com,514-820-7628
Isabel,Swanson,3279 Eglinton Avenue,TORONTO,ON,M4P 1A6,Isabel.M.Swanson@mailinator.com,647-882-9863
Charles,Fox,1686 Wascana Parkway,REGINA,SK,S4S 2R3,Charles.J.Fox@mailinator.com,306-789-2762
Billy,Conklin,975 Tolmie St,VANCOUVER,BC,V6B 5A1,Billy.E.Conklin@pookmail.com,604-637-1567
Michael,Reeves,2719 Weir Crescent,TORONTO,ON,M1E 3T8,Michael.M.Reeves@pookmail.com,416-287-7926
Kevin,Alexander,4618 Halsey Avenue,TORONTO,ON,M3B 2W6,Kevin.E.Alexander@trashymail.com,416-391-7853
Victoria,Christopherso,374 Parkdale Ave,HAWKESBURY,ON,K6A 1E8,Victoria.R.Christopherso@trashymail.com,613-306-1288
Tiffany,Yelverton,2610 rue Levy,MONTREAL,QC,H3C 5K4,Tiffany.B.Yelverton@pookmail.com,514-797-7069
Jean,Benjamin,1437 Wallace Street,NANAIMO,BC,V9R 3A8,Jean.R.Benjamin@mailinator.com,250-716-8449
Mary,Carson,3848 James Street,ST CATHARINES,ON,L2R 3H6,Mary.J.Carson@spambob.com,905-322-1387
David,Shumpert,4977 184th Street,EDMONTON,AB,T5J 2R4,David.S.Shumpert@pookmail.com,780-461-8819
David,Burch,1404 James Street,ST GEORGE,ON,N0E 1N0,David.V.Burch@spambob.com,519-448-2376
Clara,Smith,3910 Quayside Dr,NEW WESTMINSTER,BC,V3M 6A1,Clara.A.Smith@trashymail.com,604-374-8085
Charles,Langley,4077 Algoma St,THUNDER BAY,ON,P7A 4T3,Charles.M.Langley@pookmail.com,807-683-7162
John,Rogers,1903 McGill Road,KAMLOOPS,BC,V2C 5R8,John.F.Rogers@dodgit.com,250-828-9398
Carlos,Bowman,932 rue des Champs,CHICOUTIMI,QC,G7H 4N3,Carlos.A.Bowman@mailinator.com,418-590-9967
Leonard,Cochran,416 Pape Ave,TORONTO,ON,M4E 2V5,Leonard.R.Cochran@dodgit.com,416-694-7799
Gertrude,Banks,185 Front Street,TORONTO,ON,M5J 2N1,Gertrude.D.Banks@pookmail.com,647-287-3682
Carlos,Riddell,2531 Alness Street,TORONTO,ON,M3J 2J1,Carlos.M.Riddell@mailinator.com,416-667-8148
Rocco,Sisco,4211 Alaska Hwy,FORT NELSON,BC,V0C 1C0,Rocco.R.Sisco@spambob.com,250-233-6305
Alan,Chambers,4677 Charleton Ave,HAMILTON,ON,L8N 3X3,Alan.D.Chambers@mailinator.com,905-536-1076
Jason,Jordan,1216 Yonge Street,TORONTO,ON,M4W 1J7,Jason.B.Jordan@mailinator.com,416-270-0956
Archie,Brown,3740 Wellington Ave,CHILLIWACK,BC,V2P 2M1,Archie.M.Brown@mailinator.com,604-702-7419
Richard,Scott,757 Pape Ave,TORONTO,ON,M4E 2V5,Richard.S.Scott@mailinator.com,416-885-5060
Brian,Sorenson,357 Sixth Street,NEW WESTMINSTER,BC,V3L 3C1,Brian.S.Sorenson@trashymail.com,604-527-6510
Wanda,Palacios,3390 Blanshard,VICTORIA,BC,V8W 2H9,Wanda.W.Palacios@spambob.com,250-381-3122
Byron,Knight,1277 Paradise Crescent,HAUTERIVE,QC,G5C 1M1,Byron.J.Knight@pookmail.com,418-568-1323
John,Willis,2665 Dominion St,WILLIAMSBURG,ON,K0C 2H0,John.M.Willis@pookmail.com,613-535-6712
Calvin,Creasey,1229 Alaska Hwy,POUCE COUPE,BC,V0C 2C0,Calvin.S.Creasey@pookmail.com,250-786-9962
Cheryl,Dent,4949 rue Saint-Charles,LONGUEUIL,QC,J4H 1M3,Cheryl.B.Dent@mailinator.com,450-651-8791
Amos,Hook,2341 Bay Street,TORONTO,ON,M5J 2R8,Amos.D.Hook@trashymail.com,647-829-9006
Archie,Kam,1261 Tanner Street,VANCOUVER,BC,V5R 2T4,Archie.R.Kam@mailinator.com,604-433-6426
Sharon,Self,1085 47th Avenue,HAINES JUNCTION,NT,Y0B 1L0,Sharon.B.Self@spambob.com,867-634-9859
Minnie,Davis,486 Cardero St,VANCOUVER,BC,S4P 3Y2,Minnie.N.Davis@spambob.com,604-280-7281
Lucas,Watkins,3787 Quayside Dr,NEW WESTMINSTER,BC,V3M 6A1,Lucas.M.Watkins@spambob.com,778-688-8114
Kenneth,Preciado,175 Yonge Street,TORONTO,ON,M4W 1J7,Kenneth.L.Preciado@spambob.com,416-317-3617
Angelina,Reed,3584 St. John Street,ABERNETHY,SK,S4P 3Y2,Angelina.R.Reed@trashymail.com,306-333-4082
Edward,Urich,3789 York St,LONDON,ON,N5W 2S9,Edward.E.Urich@trashymail.com,519-854-3192
Andrea,Clements,2728 Islington Ave,TORONTO,ON,M8V 3B6,Andrea.C.Clements@pookmail.com,416-529-3343
Flora,Glover,4762 Bank St,OTTAWA,ON,K1H 7Z1,Flora.R.Glover@mailinator.com,613-526-4995
Stefanie,Trimmer,4620 Lock Street,GALT,ON,N1R 3Y8,Stefanie.C.Trimmer@mailinator.com,519-621-0028
Lola,Balderrama,4396 Blue Rocks Road,MAHONE BAY,NS,B0J 2C0,Lola.T.Balderrama@pookmail.com,902-624-3013
Edward,Ulmer,3876 George Street,PETERBOROUGH,ON,K9H 2L1,Edward.D.Ulmer@spambob.com,705-743-2446
Alyson,Hone,2282 Granville St,FRENCH VILLAGE,NS,B3K 5M1,Alyson.W.Hone@mailinator.com,902-821-4320
Andrew,Holmes,1699 Cordova Street,VANCOUVER,BC,V6B 1E1,Andrew.E.Holmes@dodgit.com,778-998-5466
Travis,Weber,1710 Heritage Drive,CALGARY,AB,T2V 2W2,Travis.L.Weber@spambob.com,403-808-2367
William,Musser,4811 Maynard Rd,CALGARY,AB,T2E 6J8,William.H.Musser@dodgit.com,403-921-7142
Joyce,Jones,729 Burnt Island Road,PORT SYDNEY,ON,P0B 1L0,Joyce.M.Jones@trashymail.com,705-385-3564
Jimmy,Stuart,2285 rue Saint-Édouard,TROIS RIVIERES,QC,G9A 5S8,Jimmy.S.Stuart@spambob.com,819-374-9748
Juan,Mclaughlin,2557 Duke Street,MONTREAL,QC,H3C 5K4,Juan.M.Mclaughlin@trashymail.com,514-246-3510
Francisco,Swick,4936 Wyecroft Road,SNELGROVE,ON,L7A 1E6,Francisco.P.Swick@spambob.com,905-846-1401
Robert,Hodgkinson,3971 Richmond Road,CALGARY,AB,T2T 0C6,Robert.S.Hodgkinson@pookmail.com,403-245-6071
Laura,Harrington,191 Eglinton Avenue,TORONTO,ON,M4P 1A6,Laura.C.Harrington@dodgit.com,647-300-3731
Robert,Mccoy,3057 Cork St,GUELPH,ON,N1H 2W8,Robert.L.Mccoy@mailinator.com,519-767-9993
John,Kaiser,951 11th Ave,CALGARY,AB,T2P 1M6,John.C.Kaiser@pookmail.com,403-543-2094
Gloria,Cook,3452 Bloor Street,VERMILION,AB,T0B 4M0,Gloria.M.Cook@pookmail.com,780-581-7139
John,Rusin,3530 Fallon Drive,HENSALL,ON,N0M 1X0,John.L.Rusin@dodgit.com,519-262-1787
Patrica,James,2534 Merivale Road,KANATA,ON,K2K 1L9,Patrica.J.James@trashymail.com,613-254-7567
Jerry,Morris,3900 Lockhart Drive,BARRIE,ON,L4M 3B1,Jerry.B.Morris@mailinator.com,705-726-3810
Charles,Graybeal,2038 Barton Street,STONEY CREEK,ON,L8G 2V1,Charles.E.Graybeal@trashymail.com,905-636-5793
Gregorio,Kutcher,1014 rue Parc,SHERBROOKE,QC,J1E 3B2,Gregorio.W.Kutcher@mailinator.com,819-432-5123
Henry,Brown,4716 Stoney Creek,GAINSBOROUGH,SK,S4P 3Y2,Henry.V.Brown@trashymail.com,306-685-0713
Jeanette,Ramsey,84 Silver Springs Blvd,CALGARY,AB,T3E 0K6,Jeanette.D.Ramsey@dodgit.com,403-217-1343
Kathleen,Meeker,969 Heatherleigh,COOKSVILLE,ON,L5A 1V9,Kathleen.J.Meeker@dodgit.com,905-290-3182
Shirley,Ayers,4311 Carling Avenue,OTTAWA,ON,K1Z 7B5,Shirley.D.Ayers@trashymail.com,613-290-5674
Rodney,Ortega,349 90th Avenue,STRATHMORE,AB,T0J 3H0,Rodney.G.Ortega@pookmail.com,403-934-6994
David,Kennedy,293 Merivale Road,OTTAWA,ON,K2H 5B6,David.B.Kennedy@mailinator.com,613-828-0050
Ethel,Jones,389 9th Ave,LETHBRIDGE,AB,T1J 2J7,Ethel.S.Jones@trashymail.com,403-394-4380
Ling,Guyton,4954 Heritage Drive,CALGARY,AB,T2V 2W2,Ling.R.Guyton@mailinator.com,403-386-2388
Damian,Edwards,4787 Derry Rd,MALTON,ON,L4T 1A8,Damian.G.Edwards@dodgit.com,905-673-9274
Connie,Chadwick,2173 Lynden Road,BROOKLIN,ON,L0B 1C0,Connie.E.Chadwick@trashymail.com,905-655-8185
Larry,Hidalgo,684 St-Jerome Street,ST JEROME,QC,S4P 3Y2,Larry.S.Hidalgo@dodgit.com,450-438-7415
Melissa,Gero,1522 Blind Bay Road,SALMON ARM,BC,V0E 2T0,Melissa.R.Gero@trashymail.com,250-804-8218
Brittany,Painter,4311 rue des Champs,CHICOUTIMI,QC,G7H 4N3,Brittany.N.Painter@dodgit.com,418-549-8416
William,Ness,2508 René-Lévesque Blvd,MONTREAL,QC,H3B 4W8,William.R.Ness@trashymail.com,514-699-7909
Paul,Mccauley,446 Adelaide St,TORONTO,ON,M5H 1P6,Paul.L.Mccauley@dodgit.com,416-607-5912
Kyle,Prichard,2376 Brew Creek Rd,SQUAMISH,BC,V0N 3G0,Kyle.L.Prichard@spambob.com,604-849-7864
Peter,Long,3987 Birkett Lane,BRANTFORD,ON,N3T 2Z8,Peter.P.Long@mailinator.com,519-865-1838
Marilyn,Rodriguez,4722 rue Levy,MONTREAL,QC,H3C 5K4,Marilyn.O.Rodriguez@mailinator.com,514-346-8190
Robert,Engles,394 Holdom Avenue,SURREY,BC,V3T 4Y5,Robert.A.Engles@pookmail.com,604-586-5223
Nancy,Carter,291 Blanshard,VICTORIA,BC,V8W 2H9,Nancy.L.Carter@trashymail.com,250-896-5286
David,White,60 Carling Avenue,OTTAWA,ON,K1Z 7B5,David.N.White@mailinator.com,613-769-6823
Erma,Coady,936 Toy Avenue,AJAX,ON,L1S 6L6,Erma.R.Coady@spambob.com,905-626-1995
Charles,Field,1092 St. John Street,JANSEN,SK,S4P 3Y2,Charles.D.Field@pookmail.com,306-364-1025
Julie,Snively,2333 Wellington Street,TORONTO,ON,M9C 3J5,Julie.J.Snively@dodgit.com,416-695-4388
Zelma,Williams,1797 Tycos Dr,TORONTO,ON,M5T 1T4,Zelma.B.Williams@dodgit.com,416-591-9879
Sarah,Tenney,2902 Rose Street,REGINA,SK,S4P 3Y2,Sarah.J.Tenney@dodgit.com,306-530-9600
Gloria,Phillips,3432 St Jean Baptiste St,WOBURN,QC,G0Y 1R0,Gloria.R.Phillips@trashymail.com,819-544-1934
Timothy,Selig,3550 rue des Champs,CHICOUTIMI,QC,G7H 4N3,Timothy.P.Selig@mailinator.com,418-615-1468
Joy,Houle,2360 Barrydowne Road,SUDBURY,ON,P3E 5K3,Joy.E.Houle@pookmail.com,705-677-1480
Josephine,Maloney,2255 Morris Valley Road,HEMLOCK VALLEY,BC,V0M 1A0,Josephine.W.Maloney@spambob.com,604-797-9152
Pamela,Rolland,1700 rue Boulay,ST SIMON DE BAGOT,QC,J0H 1Y0,Pamela.J.Rolland@mailinator.com,450-798-6590
Teresa,Wolf,3733 Beaver Creek,THORNHILL,ON,L4J 1W2,Teresa.P.Wolf@mailinator.com,905-482-9336
Daniel,Thomas,4530 rue des Églises Est,MONTEBELLO,QC,J0V 1L0,Daniel.S.Thomas@spambob.com,819-423-3784
Esther,Dessert,734 Smith Avenue,HAMILTON,ON,L9H 1E6,Esther.E.Dessert@mailinator.com,905-902-6651
Jose,Cole,3117 Port Washington Road,CANMORE,AB,T0L 0M0,Jose.K.Cole@trashymail.com,403-678-6193
Trisha,Hudson,2124 Bay Street,TORONTO,ON,M5J 2R8,Trisha.W.Hudson@mailinator.com,416-823-5174
Sung,Moorefield,823 rue St-Henri,LA PRAIRIE,QC,J5R 2S7,Sung.M.Moorefield@dodgit.com,450-444-7159
Marty,Cortez,4127 Park Ct,CADOMIN,AB,T0E 0E0,Marty.J.Cortez@mailinator.com,780-692-5595
Michael,Keene,4529 Weston Rd,TORONTO,ON,M9N 1G4,Michael.H.Keene@mailinator.com,416-240-6398
Aaron,Butler,3278 Charleton Ave,HAMILTON,ON,L8N 3X3,Aaron.S.Butler@mailinator.com,905-912-3461
Marquis,Barr,1667 Venture Place,FAUST,AB,T0G 0X0,Marquis.R.Barr@mailinator.com,780-355-7947
Sandra,Johnson,692 Higginsville Road,WAVERLEY,NS,B0N 2S0,Sandra.C.Johnson@mailinator.com,902-576-6903
Marvin,Guillot,1374 Boulevard Cremazie,QUEBEC,QC,G1R 1B8,Marvin.M.Guillot@mailinator.com,418-808-2225
Gerald,Jacobson,2232 Fallon Drive,DURHAM,ON,N0G 1R0,Gerald.C.Jacobson@dodgit.com,519-921-5499
Victor,Bean,3789 Gateway Blvd,EDMONTON,AB,T6H 1J5,Victor.M.Bean@pookmail.com,780-437-4337
Jacqueline,Gibson,3577 Boulevard Cremazie,QUEBEC,QC,G1R 1B8,Jacqueline.P.Gibson@dodgit.com,418-808-5322
Earl,Chan,118 rue Levy,MONTREAL,QC,H3C 5K4,Earl.B.Chan@dodgit.com,514-754-9550
David,Shoemake,3273 Ross Street,SMITHS FALLS,ON,K7A 4Z9,David.M.Shoemake@mailinator.com,613-988-3120
Karen,Watters,4085 Islington Ave,TORONTO,ON,M9V 2X5,Karen.P.Watters@mailinator.com,416-561-0896
Adele,Foley,386 René-Lévesque Blvd,MONTREAL,QC,H3B 4W8,Adele.M.Foley@dodgit.com,514-582-3140
Robert,Rowe,363 James Street,BURFORD,ON,N0E 1A0,Robert.D.Rowe@dodgit.com,519-449-3523
Elaine,Frazier,4170 Queens Sq,HESPELER,ON,N3C 1H3,Elaine.M.Frazier@mailinator.com,519-242-0220
John,Robertson,4783 Danforth Avenue,TORONTO,ON,M4K 1A6,John.K.Robertson@dodgit.com,416-406-5556
Rebecca,Schmitt,3831 137th Avenue,EDMONTON,AB,T5M 3K3,Rebecca.A.Schmitt@spambob.com,780-455-9283
Angel,Core,4847 Elevator Rd,TROCHU,AB,T0M 2C0,Angel.C.Core@trashymail.com,403-442-2080
Dianna,Maldonado,4215 Sherbrooke Ouest,MONTREAL,QC,H4A 1H3,Dianna.S.Maldonado@trashymail.com,514-928-3540
Brent,Vaughn,4872 St. John Street,BETHUNE,SK,S4P 3Y2,Brent.E.Vaughn@spambob.com,306-638-7317
Lillian,Roche,3994 Bay Street,TORONTO,ON,M5J 2R8,Lillian.S.Roche@pookmail.com,416-838-7413
James,Parrish,857 Robson St,VANCOUVER,BC,V6B 3K9,James.A.Parrish@trashymail.com,604-622-4752
Evelyn,Mendez,3349 Glover Road,SURREY,BC,V3W 4N6,Evelyn.B.Mendez@spambob.com,604-635-2363
Benjamin,Anderson,2152 Rue De La Gare,ALMA,QC,G8B 2W5,Benjamin.G.Anderson@pookmail.com,418-879-3860
Debbie,Rojas,2304 Wallbridge Loyalist Rd,BELLEVILLE,ON,K8N 1L9,Debbie.M.Rojas@pookmail.com,613-847-5116
Michael,Lopez,4497 Lock Street,GUELPH,ON,N1H 2T2,Michael.G.Lopez@pookmail.com,519-993-7489
Rodney,Smith,1973 rue des Églises Est,VAL DES BOIS,QC,J0X 3C0,Rodney.B.Smith@dodgit.com,819-454-6316
Julia,Anderson,717 rue Levy,MONTREAL,QC,H3C 5K4,Julia.G.Anderson@pookmail.com,514-702-2432
Gloria,Walters,262 rue Parc,SHERBROOKE,QC,J1H 1R6,Gloria.E.Walters@spambob.com,819-574-1900
Amelia,Morris,1140 Isabella Street,PEMBROKE,ON,K8A 5S5,Amelia.K.Morris@mailinator.com,613-732-9348
Margaret,Edward,1350 Fourth Avenue,CALGARY,AB,T2P 0H3,Margaret.H.Edward@trashymail.com,403-607-0349
Annette,Turner,335 Goyeau Ave,WINDSOR,ON,N9A 1H9,Annette.R.Turner@dodgit.com,519-790-9002
Roger,Guerra,946 Isabella Street,PEMBROKE,ON,K8A 6W2,Roger.P.Guerra@pookmail.com,613-638-2793
Jerry,Wagner,2429 Heritage Drive,CALGARY,AB,T2V 2W2,Jerry.A.Wagner@mailinator.com,403-540-9835
Kristine,Marlowe,1873 Nelson Street,MINAKI,ON,P0X 1J0,Kristine.C.Marlowe@mailinator.com,807-927-3870
Charles,Isaac,399 St-Jerome Street,ST JEROME,QC,S4P 3Y2,Charles.B.Isaac@mailinator.com,450-565-0310
Leon,Boylan,1101 Boulevard Laflèche,MONTMAGNY,QC,G5V 3J2,Leon.K.Boylan@trashymail.com,418-252-1107
Ruby,Williams,3797 Hammarskjold Dr,BURNABY,BC,V5B 3C9,Ruby.G.Williams@dodgit.com,604-293-5698
Annie,Williams,1448 Gorham Street,LONDON,ON,N0N 0N0,Annie.R.Williams@trashymail.com,519-873-9990
Rose,Anderson,3970 Bloor Street,VEGREVILLE,AB,T0B 4L0,Rose.N.Anderson@trashymail.com,780-744-2768
Betty,Ferree,382 Landon Street,BONFIELD,ON,P0H 1E0,Betty.D.Ferree@mailinator.com,705-776-2443
Elizabeth,Burton,3288 Bellwood Acres Rd,BURK'S FALLS,ON,P0A 1C0,Elizabeth.C.Burton@dodgit.com,705-382-6237
Nathan,Simpson,797 Matheson St,KENORA,ON,P9N 1T8,Nathan.K.Simpson@trashymail.com,807-467-7986
Veronica,Ottinger,3276 Alness Street,TORONTO,ON,M3J 2J1,Veronica.K.Ottinger@dodgit.com,905-760-0262
Mary,Mauro,1926 René-Lévesque Blvd,MONTREAL,QC,H3B 4W8,Mary.L.Mauro@dodgit.com,514-962-5660
Paul,Crespo,854 René-Lévesque Blvd,MONTREAL,QC,H3B 4W8,Paul.W.Crespo@trashymail.com,514-652-0001
Kenneth,Jones,4207 Hardy Street,KELOWNA,BC,V1Y 8H2,Kenneth.L.Jones@mailinator.com,250-712-0020
Richard,Cannon,2316 Brand Road,SASKATOON,SK,S7K 1W8,Richard.M.Cannon@trashymail.com,306-665-1400
Randall,Keegan,2163 Bridgeport Rd,MILTON,ON,L9T 1P4,Randall.R.Keegan@spambob.com,905-875-4552
Jack,Kiker,153 Township Rd,LEDUC,AB,T9E 2W9,Jack.M.Kiker@pookmail.com,780-980-8075
Pearl,Owens,92 rue Boulay,ST THOMAS D'AQUIN,QC,J0H 2A0,Pearl.R.Owens@spambob.com,450-796-4461
Orlando,Faulkner,2402 rue des Églises Est,JOUTEL,QC,J0Y 1N0,Orlando.T.Faulkner@mailinator.com,819-756-3405
Homer,Burger,445 Heritage Drive,CALGARY,AB,T2V 2W2,Homer.M.Burger@dodgit.com,403-554-1106
Kay,Phillips,3351 Brand Road,SASKATOON,SK,S7K 1W8,Kay.S.Phillips@trashymail.com,306-717-7907
Rhonda,Love,1543 Barton Street,STONEY CREEK,ON,L8G 2V1,Rhonda.J.Love@pookmail.com,905-578-6374
Steven,Mason,1375 Princess St,KINGSTON,ON,K7L 1C2,Steven.Y.Mason@mailinator.com,613-876-6305
Michael,Murray,2360 Lake City Way,BURNABY,BC,V5A 2Z6,Michael.B.Murray@trashymail.com,604-219-1850
Alma,Showalter,1258 Weir Crescent,TORONTO,ON,M1E 3T8,Alma.G.Showalter@mailinator.com,416-629-0342
Karen,Lamm,613 Pine Street,WARBURG,AB,T0C 2T0,Karen.M.Lamm@mailinator.com,780-848-3451
Christine,Michalak,4839 Rue De La Gare,CHIBOUGAMAU,QC,G8P 1P1,Christine.C.Michalak@spambob.com,418-748-6849
Diana,Seaborn,1899 St George Street,VANCOUVER,BC,V5T 1Z7,Diana.J.Seaborn@mailinator.com,604-829-6492
Frank,Bates,411 Water Street,KITCHENER,ON,N2H 5A5,Frank.A.Bates@pookmail.com,519-581-6673
Carrie,Holland,4389 Yonge Street,TORONTO,ON,M4W 1J7,Carrie.T.Holland@mailinator.com,416-327-8537
Karen,Jones,1561 Princess St,KINGSTON,ON,K7L 1C2,Karen.J.Jones@spambob.com,613-544-1277
Sheena,Schumann,4201 184th Street,EDMONTON,AB,T5J 2R4,Sheena.R.Schumann@mailinator.com,780-289-4086
Candace,Rader,4753 Sheppard Ave,TORONTO,ON,M1S 1T4,Candace.J.Rader@pookmail.com,416-396-0482
Gertrude,Anderson,3863 rue Principale,MONT LAURIER,QC,J9L 2H9,Gertrude.K.Anderson@pookmail.com,819-440-9906
Noe,Brewer,4970 2nd Street,ST PIERRE,MB,R0A 1V0,Noe.D.Brewer@trashymail.com,204-433-9564
Laurie,Nimmo,4545 Rose Street,REGINA,SK,S4P 3V2,Laurie.L.Nimmo@mailinator.com,306-501-6956
Frances,Fearn,2435 King George Hwy,SURREY,BC,V3W 4E3,Frances.A.Fearn@pookmail.com,604-599-6168
Tara,Greenough,1498 Duke Street,MONTREAL,QC,H3C 5K4,Tara.A.Greenough@pookmail.com,514-212-6672
Sherman,Linton,3031 Rose Street,REGINA,SK,S4P 3Y2,Sherman.C.Linton@mailinator.com,306-533-5871
Jose,Justice,706 Van Horne Ave,DRYDEN,ON,P8N 2A7,Jose.S.Justice@spambob.com,807-221-4453
Jack,Hayes,4839 Central Pkwy,ERIN MILLS,ON,L5L 3A1,Jack.B.Hayes@spambob.com,905-820-0687
Daniel,Smith,4386 Essendene Avenue,ABBOTSFORD,BC,V2S 2H7,Daniel.E.Smith@pookmail.com,604-853-7308
Patrica,Lewis,506 Coldstream Avenue,VERNON,BC,V1T 6N1,Patrica.R.Lewis@pookmail.com,250-542-6133
Marie,Kennedy,2682 Fallon Drive,CARGILL,ON,N0G 1J0,Marie.V.Kennedy@pookmail.com,519-366-9495
Eric,Thurman,2251 Reserve St,WESTPORT,ON,K0G 1X0,Eric.S.Thurman@pookmail.com,613-273-4643
Guadalupe,Hicks,3152 Lynden Road,ORONO,ON,L0B 1M0,Guadalupe.M.Hicks@mailinator.com,905-983-2848
Pansy,Mccutcheon,2715 Rose Street,REGINA,SK,S4P 3Y2,Pansy.M.Mccutcheon@mailinator.com,306-924-1961
Leroy,Daugherty,1769 184th Street,EDMONTON,AB,T5J 2R4,Leroy.J.Daugherty@trashymail.com,780-996-0255
Alfonso,Oakes,4415 2nd Street,ST PIERRE,MB,R0A 1V0,Alfonso.G.Oakes@dodgit.com,204-433-2853
Mary,Neal,2238 Wallace Street,NANAIMO,BC,V9R 3A8,Mary.G.Neal@trashymail.com,250-714-2292
Lowell,Gallagher,147 Toy Avenue,OSHAWA,ON,L1H 7K5,Lowell.O.Gallagher@spambob.com,289-404-0615
Robert,Bruce,855 Ross Street,ARNPRIOR,ON,K7S 2R5,Robert.A.Bruce@dodgit.com,613-622-0940
Catherine,Capasso,1085 St Jean Baptiste St,ST HONORE DE TEMISCOUATA,QC,G0L 3K0,Catherine.J.Capasso@spambob.com,418-497-9109
Kenneth,Soto,3731 St Jean Baptiste St,ST ODILON DE CRANBOURNE,QC,G0S 3A0,Kenneth.S.Soto@trashymail.com,418-464-5186
Hazel,Stevens,1599 St. Paul Street,ST CATHARINES,ON,L2R 7L4,Hazel.D.Stevens@trashymail.com,905-931-8172
Grant,Penson,1318 St. John Street,SPRINGSIDE,SK,S4P 3Y2,Grant.L.Penson@mailinator.com,306-792-4298
Dorothy,Casto,367 Dufferin Street,TORONTO,ON,M6H 4B6,Dorothy.L.Casto@mailinator.com,416-530-2623
Brian,Bowden,2312 Coldstream Avenue,VERNON,BC,V1T 6N1,Brian.M.Bowden@dodgit.com,250-543-0953
Alicia,Hart,3172 47th Avenue,LAC LA BICHE,AB,T0A 2C0,Alicia.J.Hart@trashymail.com,780-404-3802
Marjorie,Jones,3368 Papineau Avenue,MONTREAL,QC,H2K 4J5,Marjorie.M.Jones@dodgit.com,514-833-9556
Stanley,Moore,4477 Islington Ave,TORONTO,ON,M8V 3B6,Stanley.L.Moore@pookmail.com,416-255-4725
Adela,Dodge,3384 Brand Road,SASKATOON,SK,S7K 1W8,Adela.I.Dodge@trashymail.com,306-657-5167
Raymond,Webster,1301 rue des Églises Est,EASTMAN,QC,J0E 1P0,Raymond.D.Webster@trashymail.com,450-297-9377
Michael,Curtis,1446 Thurston Dr,OTTAWA,ON,K1G 0Z2,Michael.T.Curtis@dodgit.com,613-884-3273
Ruby,Focht,2970 Calgary Avenue,PENTICTON,BC,V2A 2T6,Ruby.M.Focht@trashymail.com,250-492-7117
Jong,Rommel,4854 Fallon Drive,NEUSTADT,ON,N0G 2M0,Jong.A.Rommel@mailinator.com,519-799-9640
Yolanda,Partain,4474 Merivale Road,OTTAWA,ON,K2P 0K1,Yolanda.P.Partain@mailinator.com,613-276-6115
Josephine,Stiles,1295 Central Pkwy,MISSISSAUGA,ON,L5M 5P5,Josephine.E.Stiles@trashymail.com,905-603-6041
Thomas,Burks,805 Robson St,VANCOUVER,BC,V6B 3K9,Thomas.S.Burks@trashymail.com,604-645-1311
Clarence,Munroe,3686 Royal Avenue,NEW WESTMINSTER,BC,V3L 5H1,Clarence.P.Munroe@dodgit.com,778-865-4098
Karen,Walker,3814 Pine Street,HALKIRK,AB,T0C 1M0,Karen.E.Walker@trashymail.com,403-884-3797
Laura,James,1186 Boulevard Cremazie,QUEBEC,QC,G1R 1B8,Laura.D.James@trashymail.com,418-643-6177
John,Parker,402 Tycos Dr,TORONTO,ON,M5T 1T4,John.L.Parker@dodgit.com,416-592-0183
Francina,Cantu,641 Main St,MILL VILLAGE,NS,B0J 2H0,Francina.D.Cantu@spambob.com,902-935-8395
John,Whitney,4344 11th Ave,CALGARY,AB,T2P 1M6,John.M.Whitney@dodgit.com,403-508-4620
Robin,Perez,3922 Hastings Street,VANCOUVER,BC,V6C 1B4,Robin.K.Perez@dodgit.com,604-710-8501
Pamela,Matthes,4901 Yonge Street,TORONTO,ON,M4W 1J7,Pamela.G.Matthes@pookmail.com,416-923-4268
Janet,Horne,2326 Gorham Street,LONDON,ON,N0N 0N0,Janet.W.Horne@spambob.com,519-661-7539
Lauren,Voss,374 Montreal Road,OTTAWA,ON,K1L 6C7,Lauren.D.Voss@spambob.com,613-945-6019
Carmen,Davis,1068 St Marys Rd,WINNIPEG,MB,R3C 0C4,Carmen.G.Davis@mailinator.com,204-291-1804
Lynn,Dunn,2857 Rose Street,REGINA,SK,S4P 3Y2,Lynn.R.Dunn@pookmail.com,306-995-3285
Marion,Medina,2248 Stoney Creek,GRENFELL,SK,S4P 3Y2,Marion.M.Medina@spambob.com,306-697-9634
Patricia,Flock,1918 184th Street,EDMONTON,AB,T5J 2R4,Patricia.P.Flock@spambob.com,780-913-4948
Matthew,Frechette,687 Acton Avenue,TORONTO,ON,M3H 4J1,Matthew.J.Frechette@trashymail.com,416-379-4636
Terry,Fernandes,271 Scotchmere Dr,CHATHAM,ON,N7M 5J7,Terry.J.Fernandes@dodgit.com,519-401-3188
John,Dunn,3520 Blanshard,VICTORIA,BC,V8W 2H9,John.B.Dunn@mailinator.com,250-386-8452
Demetrius,Olson,951 Silver Springs Blvd,CALGARY,AB,T3E 0K6,Demetrius.J.Olson@mailinator.com,403-242-3267
Elsie,Duran,2058 Derry Rd,MALTON,ON,L4T 1A8,Elsie.D.Duran@dodgit.com,416-891-4270
Maria,Garza,2738 Brew Creek Rd,BOWEN ISLAND,BC,V0N 1G0,Maria.J.Garza@pookmail.com,604-947-9605
Ruth,Sotelo,2191 Derry Rd,MALTON,ON,L4T 1A8,Ruth.K.Sotelo@mailinator.com,905-678-1782
John,Kemper,2016 Lynden Road,BROOKLIN,ON,L0B 1C0,John.K.Kemper@trashymail.com,905-655-7699
Naomi,Smith,2428 Brant Ave,CHIPEWYAN LAKE,AB,T1T 1T1,Naomi.M.Smith@pookmail.com,780-899-4378
Stanley,Webb,4682 Charleton Ave,HAMILTON,ON,L8N 3X3,Stanley.H.Webb@pookmail.com,905-517-5754
Gerald,Goss,2641 Adelaide St,TORONTO,ON,M5H 1P6,Gerald.K.Goss@trashymail.com,416-955-0290
Ray,Dorman,3545 St. John Street,CADILLAC,SK,S4P 3Y2,Ray.N.Dorman@pookmail.com,306-785-1068
James,Ruhl,801 Higginsville Road,WENTWORTH CREEK,NS,B0N 2T0,James.L.Ruhl@dodgit.com,902-791-5802
Daniel,Harris,4770 Heatherleigh,COOKSVILLE,ON,L5A 1V9,Daniel.J.Harris@pookmail.com,905-290-3807
Stacy,Kittelson,89 Tchesinkut Lake Rd,FRANCOIS LAKE,BC,V0J 1E0,Stacy.D.Kittelson@mailinator.com,250-695-7670
Elizabeth,Patton,1363 Stavanger Dr,ST JOHN'S,NL,A1A 5E8,Elizabeth.T.Patton@pookmail.com,709-351-9346
Clifford,Mason,3308 Elgin Street,SOUTH MOUNTAIN,ON,K0E 1W0,Clifford.A.Mason@mailinator.com,613-989-7292
Darren,Sanchez,3936 rue St-Henri,VILLE LE GARDEUR,QC,J5Z 1R6,Darren.F.Sanchez@trashymail.com,450-654-2726
Willie,Stone,1428 Wallbridge Loyalist Rd,BELLEVILLE,ON,K8N 1L9,Willie.N.Stone@dodgit.com,613-962-4962
Kenneth,Morris,220 Queen Elizabeth Boulevard,ETOBICOKE,ON,M9W 1K7,Kenneth.A.Morris@dodgit.com,647-777-2473
Christopher,Carter,2816 Islington Ave,TORONTO,ON,M8V 3B6,Christopher.L.Carter@mailinator.com,416-779-9412
Joyce,Rochester,225 Algonquin Blvd,TIMMINS,ON,P4N 1C3,Joyce.M.Rochester@trashymail.com,705-266-1969
Henry,Powell,2589 De la Providence Avenue,HULL,QC,J8Y 3Y5,Henry.M.Powell@spambob.com,819-962-0790
Laurel,Mccormick,4852 Bayfield St,RICHMOND HILL,ON,L4C 3Y2,Laurel.R.Mccormick@dodgit.com,905-770-2442
Larry,Little,2299 11th Ave,CALGARY,AB,T2P 1M6,Larry.I.Little@spambob.com,403-294-2597
Emily,Hall,888 Heritage Drive,CALGARY,AB,T2V 2W2,Emily.I.Hall@pookmail.com,403-669-8063
Leona,Williams,2077 Brew Creek Rd,WHISTLER,BC,V0N 1B4,Leona.A.Williams@pookmail.com,604-906-3711
Vanessa,Lester,3697 Sherbrooke Ouest,MONTREAL,QC,H4A 1H3,Vanessa.D.Lester@mailinator.com,514-983-1805
Alex,Sweet,645 Harvest Moon Dr,UNIONVILLE,ON,L3R 0L7,Alex.V.Sweet@pookmail.com,905-316-4915
Glenn,Fouts,544 Albert Street,KITCHENER,ON,N2L 3V2,Glenn.S.Fouts@spambob.com,519-886-0900
Justin,Lee,4682 Jasper Avenue,EDMONTON,AB,T5J 3N2,Justin.M.Lee@spambob.com,780-409-5388
Jose,Blomberg,822 Yonge Street,TORONTO,ON,M4W 1J7,Jose.L.Blomberg@mailinator.com,416-924-1001
Tracy,Searle,4966 Port Washington Road,HIGH RIVER,AB,T0L 1B0,Tracy.J.Searle@dodgit.com,403-601-7974
Gary,Sanchez,4783 Dominion St,MAXVILLE,ON,K0C 1T0,Gary.A.Sanchez@dodgit.com,613-527-2106
Corey,Whitmore,3976 Toy Avenue,AJAX,ON,L1S 6L6,Corey.H.Whitmore@spambob.com,905-550-8782
Joseph,Cook,3393 49th Avenue,FORT SIMPSON,NT,X0E 0N0,Joseph.R.Cook@pookmail.com,867-695-9373
Robert,Aguilar,3369 Charleton Ave,HAMILTON,ON,L8N 3X3,Robert.N.Aguilar@trashymail.com,905-979-4324
Lawrence,Rowe,1332 Maria St,BURLINGTON,ON,L7R 2G6,Lawrence.M.Rowe@dodgit.com,905-630-2547
Tina,Barnes,2773 rue Ontario Ouest,MONTREAL,QC,H2X 1Y8,Tina.F.Barnes@pookmail.com,514-982-5316
Susan,Hartmann,4266 Ste. Catherine Ouest,MONTREAL,QC,H9S 3H5,Susan.M.Hartmann@trashymail.com,514-780-0581
Donna,Sawyer,4930 Calgary Avenue,PENTICTON,BC,V2A 2T6,Donna.G.Sawyer@pookmail.com,250-770-9801
Larhonda,Beck,1395 Islington Ave,TORONTO,ON,M8V 3B6,Larhonda.S.Beck@dodgit.com,647-223-9797
Joan,Mukai,2691 Woodvale Drive,LAMBETH,ON,N0L 1S2,Joan.M.Mukai@dodgit.com,519-652-6719
Julie,Oden,4450 Quayside Dr,NEW WESTMINSTER,BC,V3M 6A1,Julie.N.Oden@mailinator.com,604-351-7574
Matilda,Baker,371 Lillooet Street,PRINCE ALBERT,SK,S6V 5R4,Matilda.S.Baker@spambob.com,306-961-8288
David,Daigle,3808 Lockhart Drive,BARRIE,ON,L4M 3B1,David.M.Daigle@mailinator.com,705-725-2912
Franklin,Hill,4775 Isabella Street,PEMBROKE,ON,K8A 6W2,Franklin.M.Hill@trashymail.com,613-638-3297
Arron,Vega,1528 Nelson Street,FORT SEVERN,ON,P0V 1W0,Arron.M.Vega@trashymail.com,807-478-8305
Edward,Moore,1839 Boulevard Laflèche,RIMOUSKI,QC,G5L 7E4,Edward.A.Moore@trashymail.com,418-896-3578
Aisha,Miller,1013 Reserve St,PLEVNA,ON,K0H 2M0,Aisha.M.Miller@spambob.com,613-479-6998
Sara,Scott,3107 rue des Églises Est,SHAWVILLE,QC,J0X 2Y0,Sara.R.Scott@spambob.com,819-647-6585
Krystal,Barnhill,1294 184th Street,EDMONTON,AB,T5J 2R4,Krystal.M.Barnhill@spambob.com,780-668-2449
Maria,Miranda,4116 Saskatchewan Dr,QUEBEC,QC,S4P 3Y2,Maria.I.Miranda@pookmail.com,418-681-1798
Edward,Cox,1137 Jasper Avenue,EDMONTON,AB,T5J 3N2,Edward.G.Cox@mailinator.com,780-231-8340
Arlene,Thrasher,4662 rue des Champs,CHICOUTIMI,QC,G7H 4N3,Arlene.D.Thrasher@pookmail.com,418-693-0487
Elizabeth,Horn,376 Yonge Street,TORONTO,ON,M4W 1J7,Elizabeth.J.Horn@spambob.com,416-618-0997
Christina,Hernandez,3399 Blanshard,VICTORIA,BC,V8W 2H9,Christina.M.Hernandez@pookmail.com,250-383-7501
Tyron,Garcia,3429 Lauzon Parkway,LEAMINGTON,ON,N8H 3B9,Tyron.J.Garcia@pookmail.com,519-329-8375
Doris,Wood,288 Garafraxa St,PORT ELGIN,ON,N0H 2C0,Doris.G.Wood@mailinator.com,519-708-1118
Tessie,Dean,3438 De la Providence Avenue,HULL,QC,J8Y 3Y5,Tessie.W.Dean@spambob.com,819-665-1299
Bertha,Nguyen,2004 Embro St,BRIGHT,ON,N0J 1B0,Bertha.R.Nguyen@trashymail.com,519-454-0771
Sandra,Smith,1564 Adelaide St,TORONTO,ON,M5H 1P6,Sandra.M.Smith@mailinator.com,416-862-9476
Barbara,Barker,1229 Carling Avenue,OTTAWA,ON,K1Z 7B5,Barbara.J.Barker@pookmail.com,613-301-4968
Richard,Deaton,1024 Mill Street,SEAFORTH,ON,N0K 1W0,Richard.B.Deaton@spambob.com,519-527-6778
Jody,Roland,4848 Toy Avenue,OSHAWA,ON,L1G 6Z8,Jody.C.Roland@spambob.com,905-439-8562
Greta,Liggett,4425 rue Principale,DUBUISSON,QC,J9P 4N8,Greta.P.Liggett@mailinator.com,819-738-5724
Roy,Koch,4524 Island Hwy,CAMPBELL RIVER,BC,V9W 2L9,Roy.S.Koch@pookmail.com,250-830-5434
Joseph,Pearson,4889 MacLaren Street,OTTAWA,ON,K1P 5M7,Joseph.K.Pearson@dodgit.com,613-944-7798
Wayne,Durkin,3903 49th Avenue,KIMMIRUT,NT,X0A 0N0,Wayne.L.Durkin@mailinator.com,867-939-3544
Neil,Hwang,3154 Eglinton Avenue,TORONTO,ON,M4P 1A6,Neil.J.Hwang@pookmail.com,647-200-5193
James,Ferreira,2873 Reserve St,HALIBURTON,ON,K0M 1S0,James.L.Ferreira@dodgit.com,705-457-4152
Sandy,Williams,342 Sable Street,WHITEFISH FALLS,ON,P0P 2H0,Sandy.T.Williams@mailinator.com,705-285-9453
Michael,Hagler,4373 Vulcan Avenue,SOUTH BAR,NS,B1P 2Y3,Michael.S.Hagler@pookmail.com,902-561-2024
Shelia,Simmons,2528 Brand Road,SASKATOON,SK,S7K 1W8,Shelia.J.Simmons@spambob.com,306-374-4428
Mary,Murphy,3029 Carling Avenue,OTTAWA,ON,K1Z 7B5,Mary.H.Murphy@pookmail.com,613-859-2925
Arthur,Shockey,1135 Alness Street,TORONTO,ON,M3J 2J1,Arthur.J.Shockey@dodgit.com,905-738-7897
Jena,Sumner,97 Port Washington Road,FORT CHIPEWYAN,AB,T0P 1B0,Jena.J.Sumner@dodgit.com,780-697-5978
Vivian,Lally,3897 Pitfield Blvd,LAVAL,QC,H7P 2C7,Vivian.J.Lally@mailinator.com,450-627-2394
Rose,Demby,1367 Glover Road,LANGLEY,BC,V3A 4P6,Rose.R.Demby@mailinator.com,604-614-6191
Annette,Ries,1192 Mesa Vista Drive,CACHE CREEK,BC,V0K 1H0,Annette.R.Ries@dodgit.com,250-457-8733
Matthew,Brinson,78 Manitoba Street,GRAVENHURST,ON,P1P 1X2,Matthew.S.Brinson@spambob.com,705-684-2358
Albert,Moody,2448 Blanshard,VICTORIA,BC,V8W 2H9,Albert.E.Moody@pookmail.com,250-413-6711
David,Atwood,3774 Rose Street,REGINA,SK,S4P 3V2,David.D.Atwood@mailinator.com,306-501-1401
Edward,Collins,1375 rue de la Gauchetière,MONTREAL,QC,H3B 2M3,Edward.K.Collins@pookmail.com,514-876-4867
Bobby,Meyer,3652 Victoria Park Ave,TORONTO,ON,M4A 2M5,Bobby.S.Meyer@trashymail.com,416-751-7979
Marsha,Hull,413 Bank St,OTTAWA,ON,K1H 7Z1,Marsha.N.Hull@pookmail.com,613-816-2209
Hazel,Kahn,2752 Haaglund Rd,BOB QUINN LAKE,BC,V0H 0H0,Hazel.L.Kahn@trashymail.com,250-237-3096
Marissa,Townsend,2127 Sturgeon Drive,PEACE RIVER,AB,T8S 1V9,Marissa.J.Townsend@pookmail.com,780-625-6968
Laura,Vassar,120 Water Street,KITCHENER,ON,N2H 5A5,Laura.L.Vassar@mailinator.com,519-581-6224
Robin,Lumpkin,4012 rue Saint-Édouard,TROIS RIVIERES,QC,G9A 5S8,Robin.L.Lumpkin@trashymail.com,819-695-4188
Martha,Valenzuela,919 Halsey Avenue,TORONTO,ON,M3B 2W6,Martha.R.Valenzuela@dodgit.com,416-383-2592
Norma,Ward,910 Port Washington Road,MAGRATH,AB,T0K 1J0,Norma.W.Ward@trashymail.com,403-758-4177
Patricia,Lampley,1177 Birkett Lane,BRANTFORD,ON,N3T 2Z8,Patricia.C.Lampley@pookmail.com,519-757-7484
Willie,Harden,3896 Galts Ave,RED DEER,AB,T4N 2A6,Willie.M.Harden@trashymail.com,403-505-3482
Hortencia,White,4223 rue de la Gauchetière,MONTREAL,QC,H3B 2M3,Hortencia.J.White@spambob.com,514-393-9300
Joseph,Ernest,4082 Dundas St,LONDON,ON,N6B 3L5,Joseph.J.Ernest@spambob.com,519-476-7080
Manuel,Haglund,3549 René-Lévesque Blvd,MONTREAL,QC,H3B 4W8,Manuel.K.Haglund@mailinator.com,514-991-9872
Mable,Morris,1648 Bloor Street,NEW SAREPTA,AB,T0B 3M0,Mable.R.Morris@pookmail.com,780-941-6454
Joe,Goode,2035 Landon Street,MARTEN RIVER,ON,P0H 1T0,Joe.R.Goode@mailinator.com,705-892-7443
Jason,Jones,2565 Fourth Avenue,CALGARY,AB,T2P 0H3,Jason.C.Jones@pookmail.com,403-616-8356
Brian,Evans,4634 Sable Street,ANSONVILLE,ON,P0P 0P0,Brian.S.Evans@spambob.com,705-232-5856
Cynthia,Juneau,2974 St Jean Baptiste St,LAC EDOUARD,QC,G0A 2G0,Cynthia.J.Juneau@mailinator.com,819-653-9992
Rosalie,Green,3792 Central Pkwy,PORT CREDIT,ON,L5G 1K2,Rosalie.R.Green@spambob.com,905-274-0467
Nancy,Beatty,933 De L'Acadie Boul,MONTREAL,QC,H4N 3C5,Nancy.Z.Beatty@mailinator.com,514-894-6969
Denise,Jennings,142 Hamilton Street,OSGOODE STATION,ON,K0A 2W0,Denise.D.Jennings@trashymail.com,613-826-3253
Michael,Moore,4259 Queens Bay,SLOCAN,BC,V0G 2C0,Michael.D.Moore@pookmail.com,250-355-0062
Esther,Leisure,991 Holdom Avenue,SURREY,BC,V3T 4Y5,Esther.R.Leisure@pookmail.com,604-585-4541
Ricardo,Miller,1598 Carter Crescent,NEW GLASGOW,NS,B2H 4P1,Ricardo.M.Miller@dodgit.com,902-695-8966
Renee,Williams,4748 Fallon Drive,RIPLEY,ON,N0G 2R0,Renee.M.Williams@mailinator.com,519-395-9832
Jacob,Valdes,3944 rue Garneau,QUEBEC,QC,G1V 3V5,Jacob.H.Valdes@trashymail.com,418-571-8786
Chris,Barron,468 Kinchant St,CLUCULZ LAKE,BC,V2N 4T6,Chris.R.Barron@dodgit.com,250-441-8649
Quinn,Bryant,1124 Port Washington Road,VAUXHALL,AB,T0K 2K0,Quinn.D.Bryant@spambob.com,403-654-1792
Cynthia,Curry,3824 Hastings Street,VANCOUVER,BC,V6C 1B4,Cynthia.D.Curry@mailinator.com,778-882-9719
Betty,Compton,4713 102nd Avenue,BRITANNIA BEACH,BC,V1V 1V1,Betty.R.Compton@pookmail.com,604-896-6023
Rose,Stovall,2660 Côte Joyeuse,ST AGAPIT,QC,H0H 0H0,Rose.R.Stovall@dodgit.com,418-918-3146
Charles,Toth,1666 Wellington Street,TORONTO,ON,M9C 3J5,Charles.D.Toth@dodgit.com,416-621-3146
Michael,Canup,2886 Brand Road,SASKATOON,SK,S7K 1W8,Michael.J.Canup@pookmail.com,306-978-7007
Renee,Rains,1185 Haaglund Rd,OLIVER,BC,V0H 1T0,Renee.R.Rains@mailinator.com,250-498-1495
Barbara,Lavin,1339 Heatherleigh,COOKSVILLE,ON,L5A 1V9,Barbara.N.Lavin@spambob.com,905-804-2965
Dionne,Hicks,2082 Main St,CARROT RIVER,SK,S0E 0L0,Dionne.G.Hicks@trashymail.com,306-768-0764
William,Price,4741 Robson St,VANCOUVER,BC,V6B 3K9,William.S.Price@pookmail.com,604-659-5051
Jonathan,Swanson,1643 Kennedy Rd,LINDSAY,ON,K9V 4A4,Jonathan.G.Swanson@pookmail.com,705-953-5821
Sophie,Hutchins,970 Kinchant St,HANEY,BC,V2V 4H9,Sophie.B.Hutchins@trashymail.com,604-466-7799
Debbi,Flor,2618 Tchesinkut Lake Rd,VANDERHOOF,BC,V0J 3A0,Debbi.A.Flor@trashymail.com,250-567-2646
Amy,Garcia,2235 St. John Street,CODERRE,SK,S4P 3Y2,Amy.J.Garcia@trashymail.com,306-394-6309
Kenneth,Whang,973 rue des Églises Est,LA REINE,QC,J0Z 2L8,Kenneth.M.Whang@pookmail.com,819-947-2819
Sally,Binkley,138 Princess St,KINGSTON,ON,K7L 1C2,Sally.J.Binkley@dodgit.com,613-547-5344
Von,Jackson,2048 Côte Joyeuse,ST RAYMOND,QC,H0H 0H0,Von.K.Jackson@pookmail.com,418-340-6458
Lori,Celaya,2772 Bay Street,TORONTO,ON,M5J 2R8,Lori.F.Celaya@dodgit.com,416-876-8971
Cindy,England,71 Islington Ave,TORONTO,ON,M9V 2X5,Cindy.J.England@pookmail.com,416-451-5469
Charles,Tucker,4520 Fallon Drive,AYTON,ON,N0G 1C0,Charles.G.Tucker@dodgit.com,519-665-4458
Jack,Conner,4860 Derry Rd,MALTON,ON,L4T 1A8,Jack.L.Conner@mailinator.com,416-771-9469
Clyde,Garrett,3496 rue Principale,DUBUISSON,QC,J9P 4N8,Clyde.C.Garrett@spambob.com,819-738-4426
Bernard,Foote,4814 Islington Ave,TORONTO,ON,M8V 3B6,Bernard.C.Foote@pookmail.com,416-528-5755
Shawna,Salazar,38 Albert Street,HEPBURN,SK,S4P 3Y2,Shawna.J.Salazar@dodgit.com,306-947-9323
Edward,Herrera,639 Higginsville Road,SHUBENACADIE,NS,B0N 2H0,Edward.E.Herrera@trashymail.com,902-236-0170
Judy,Martinez,4804 40th Street,CALGARY,AB,T2M 0G6,Judy.J.Martinez@pookmail.com,403-277-4029
Joan,Wildman,2173 Jade St,RICHMOND,BC,V7E 2E4,Joan.L.Wildman@mailinator.com,604-275-7024
Scott,Dillard,3743 Heritage Drive,CALGARY,AB,T2V 2W2,Scott.N.Dillard@pookmail.com,403-771-7547
Samuel,Horton,2067 Yonge Street,TORONTO,ON,M4W 1J7,Samuel.E.Horton@trashymail.com,416-275-4901
Luise,Gregory,3200 Goyeau Ave,WINDSOR,ON,N9A 1H9,Luise.H.Gregory@pookmail.com,519-973-7567
Leanne,Suggs,2742 40th Street,CALGARY,AB,T2N 2A7,Leanne.J.Suggs@trashymail.com,403-670-7174
Joseph,Huerta,2970 9th Avenue,LISTOWEL,ON,N4W 2H8,Joseph.V.Huerta@dodgit.com,519-292-0581
Eric,Austin,4468 Embro St,DRUMBO,ON,N0J 1G0,Eric.B.Austin@mailinator.com,519-463-8419
David,Webb,4518 Wellington Street,TORONTO,ON,M9C 3J5,David.B.Webb@trashymail.com,905-206-6050
Taryn,Poulos,1162 Speers Road,OAKVILLE,ON,L6J 3X4,Taryn.D.Poulos@spambob.com,905-842-8767
Anna,Mai,3436 137th Avenue,EDMONTON,AB,T5C 2L2,Anna.V.Mai@spambob.com,780-406-3048
Ashley,Tierney,2461 Queens Bay,VALLICAN,BC,V0G 1E0,Ashley.J.Tierney@dodgit.com,250-226-8996
Leann,Spellman,283 St. John Street,LAKE ALMA,SK,S4P 3Y2,Leann.L.Spellman@pookmail.com,306-447-5625
James,Cho,3277 Fallon Drive,DURHAM,ON,N0G 1R0,James.F.Cho@mailinator.com,519-921-9143
Roland,Torres,1735 Fourth Avenue,CALGARY,AB,T2P 0H3,Roland.E.Torres@mailinator.com,403-870-0402
Peter,Hughes,1197 49th Avenue,FORT RESOLUTION,NT,X0E 0M0,Peter.E.Hughes@spambob.com,867-394-6774
William,Murillo,2194 Baker Street,COBOURG,ON,N0N 0N0,William.C.Murillo@mailinator.com,905-376-1416
Inez,Rioux,3580 James Street,MOUNT PLEASANT,ON,N0E 1K0,Inez.S.Rioux@pookmail.com,519-484-3028
Christopher,Bailey,207 Barton Street,HAMILTON,ON,L8P 1P8,Christopher.M.Bailey@spambob.com,905-745-5629
Brian,Straub,2629 Richmond Road,CALGARY,AB,T2T 0C6,Brian.P.Straub@trashymail.com,403-228-5083
Katherine,Wong,2075 Bloor Street,WAINWRIGHT,AB,T0B 3G0,Katherine.B.Wong@trashymail.com,780-842-1339
Jaime,Kranz,3765 St Jean Baptiste St,NORBERTVILLE,QC,G0P 1B0,Jaime.S.Kranz@pookmail.com,819-369-1967
Jay,Melchor,267 Blanshard,VICTORIA,BC,V8W 2H9,Jay.M.Melchor@spambob.com,250-858-4357
James,Dodson,3562 Brand Road,SASKATOON,SK,S7K 1W8,James.E.Dodson@spambob.com,306-652-3552
Joshua,Long,4230 Keith Road,NORTH VANCOUVER,BC,V5T 2C1,Joshua.K.Long@mailinator.com,604-998-5522
Linda,Brady,684 rue Levy,MONTREAL,QC,H3C 5K4,Linda.S.Brady@dodgit.com,514-433-8585
John,Tilton,4860 Bragg Road,OXFORD,NS,B0M 1P0,John.C.Tilton@mailinator.com,902-552-2616
Nelson,Hook,4983 Venture Place,SLAVE LAKE,AB,T0G 2A2,Nelson.V.Hook@dodgit.com,780-843-3505
Lula,Jones,1607 St Jean Baptiste St,HEBERTVILLE STATION,QC,G0W 1T0,Lula.L.Jones@pookmail.com,418-343-1363
Howard,Beeler,3915 Victoria Park Ave,TORONTO,ON,M2J 3T7,Howard.D.Beeler@trashymail.com,416-714-7893
Edward,Myers,541 Wyecroft Road,SNELGROVE,ON,L7A 1E6,Edward.M.Myers@pookmail.com,905-840-1099
Thomas,Santos,1715 Nelson Street,WEAGAMOW,ON,P0V 2Y0,Thomas.M.Santos@spambob.com,807-469-3562
Don,Levine,2113 Bloor Street,KITSCOTY,AB,T0B 2P0,Don.J.Levine@mailinator.com,780-846-8046
Linda,Johnson,4694 Sixth Street,NEW WESTMINISTER,BC,V3L 3C1,Linda.J.Johnson@dodgit.com,604-828-6882
James,Mason,1163 Galts Ave,RED DEER,AB,T4N 2A6,James.D.Mason@pookmail.com,403-348-0779
John,Arevalo,943 Quayside Dr,NEW WESTMINSTER,BC,V3M 6A1,John.T.Arevalo@dodgit.com,604-616-6821
Edward,Barnes,4132 Dundas St,TORONTO,ON,M2N 2G8,Edward.M.Barnes@pookmail.com,416-250-7754
Ramona,Putnam,4504 Sixth Street,NEW WESTMINISTER,BC,V3L 3C1,Ramona.M.Putnam@pookmail.com,604-209-6231
Beth,Peterson,1652 Lauzon Parkway,WINDSOR,ON,N8Y 4V1,Beth.R.Peterson@pookmail.com,519-996-9830
Violet,Coffin,3640 Balmy Beach Road,OWEN SOUND,ON,N4K 2N7,Violet.M.Coffin@mailinator.com,519-375-1397
Earlene,Coleman,604 Alaska Hwy,DEASE LAKE,BC,V0C 1L0,Earlene.D.Coleman@dodgit.com,250-771-3247
Jesus,Matthews,2292 184th Street,EDMONTON,AB,T5J 2R4,Jesus.K.Matthews@pookmail.com,780-554-9207
Melissa,Burgess,4894 rue Ellice,JOLIETTE,QC,J6E 7X1,Melissa.C.Burgess@trashymail.com,450-960-4418
Betty,Carroll,4843 rue Ontario Ouest,MONTREAL,QC,H2X 1Y8,Betty.D.Carroll@trashymail.com,514-280-7164
Evelyn,Lafond,1119 Gorham Street,LONDON,ON,N0N 0N0,Evelyn.R.Lafond@mailinator.com,519-667-6901
Kyle,Fine,2367 Montreal Road,OTTAWA,ON,K1L 6C7,Kyle.K.Fine@dodgit.com,613-747-2317
Keith,Tibbitts,4471 Eglinton Avenue,TORONTO,ON,M4P 1A6,Keith.S.Tibbitts@mailinator.com,416-845-3796
Ronald,Mangold,4695 Algoma St,THUNDER BAY,ON,P7A 4T3,Ronald.M.Mangold@mailinator.com,807-766-3922
Clayton,Palmer,2479 11th Ave,CALGARY,AB,T2P 1M6,Clayton.S.Palmer@trashymail.com,403-920-9537
Donald,Fain,3359 Mesa Vista Drive,CLINTON,BC,V0K 1K0,Donald.J.Fain@dodgit.com,250-459-9259
David,Tinker,3947 Carling Avenue,OTTAWA,ON,K1Z 7B5,David.E.Tinker@dodgit.com,613-728-3178
Helen,Grego,656 Rue King,SHERBROOKE,QC,J1H 1R4,Helen.J.Grego@mailinator.com,819-564-5557
Christopher,Combs,2128 Roger Street,DUNCAN,BC,V9L 1P1,Christopher.C.Combs@spambob.com,250-701-5087
John,Evans,3020 St Marys Rd,WINNIPEG,MB,R3B 3K6,John.S.Evans@dodgit.com,204-688-7827
Rosemary,Conway,4272 avenue de Port-Royal,BONAVENTURE,QC,G0C 1E0,Rosemary.B.Conway@spambob.com,418-299-0977
Linnea,Thomas,4794 White Point Road,CORNWALLIS,NS,B0S 1H0,Linnea.R.Thomas@pookmail.com,902-638-4528
Eric,Yanez,2549 184th Street,EDMONTON,AB,T5J 2R4,Eric.V.Yanez@pookmail.com,780-468-2217
Barbara,Bradley,3677 boulevard des Laurentides,LA TUQUE,QC,G9X 3B2,Barbara.R.Bradley@spambob.com,819-523-7574
Lowell,Mccarter,3546 Danforth Avenue,TORONTO,ON,M4K 1A6,Lowell.J.Mccarter@dodgit.com,416-404-8366
Jason,Ferrera,4550 Sheppard Ave,TORONTO,ON,M1S 1T4,Jason.L.Ferrera@mailinator.com,416-299-1605
Tyler,Wilson,1423 47th Avenue,SMOKY LAKE,AB,T0A 3C0,Tyler.A.Wilson@mailinator.com,780-656-6420
Thomas,Strickland,1563 rue des Églises Est,HUDSON,QC,J0P 1H0,Thomas.S.Strickland@dodgit.com,450-458-4368
Stacy,Gridley,902 Water Street,KITCHENER,ON,N2H 5A5,Stacy.W.Gridley@trashymail.com,519-584-9388
Evelyn,Williams,1842 Horner Ave,TORONTO,ON,M8W 4Y4,Evelyn.A.Williams@pookmail.com,647-435-8469
Kelly,Buckner,1649 Alness Street,TORONTO,ON,M3J 2J1,Kelly.R.Buckner@spambob.com,905-738-7813
Susan,Rabon,4737 Nelson Street,NIPIGON,ON,P0T 2J0,Susan.J.Rabon@pookmail.com,807-887-7772
Lena,Davis,3049 St Marys Rd,WINNIPEG,MB,R3C 0C4,Lena.G.Davis@dodgit.com,204-510-1641
Henry,Craig,3513 A Avenue,EDMONTON,AB,T5J 0K7,Henry.M.Craig@dodgit.com,780-441-2988
Jerry,Ashley,3125 Cornwall Street,ESTEVAN,SK,S4A 0W6,Jerry.M.Ashley@pookmail.com,306-636-4227
Joyce,Smith,1230 Blind Bay Road,TAPPEN,BC,V0E 2X0,Joyce.J.Smith@trashymail.com,250-835-0181
Jerome,Blackburn,3214 Coldstream Avenue,VERNON,BC,V1T 6N1,Jerome.E.Blackburn@trashymail.com,250-545-4449
Robin,Clanton,3457 Silver Springs Blvd,CALGARY,AB,T3B 2C3,Robin.A.Clanton@dodgit.com,403-996-6106
Randy,Hill,4749 Alness Street,TORONTO,ON,M3J 2J1,Randy.K.Hill@spambob.com,905-660-4495
Gary,Loeb,4649 Nelson Street,ECHO BAY,ON,P0S 1C0,Gary.J.Loeb@trashymail.com,705-248-9327
Shawn,Murray,1143 Sheppard Ave,TORONTO,ON,M1S 1T4,Shawn.M.Murray@trashymail.com,416-292-0772
Meghan,Bennett,2359 Mt Edward Rd,CHARLOTTETOWN,NS,C1A 5T1,Meghan.M.Bennett@trashymail.com,902-367-3350
Alison,Jamison,4576 Granville St,HALIFAX,NS,B3K 5L2,Alison.C.Jamison@trashymail.com,902-440-1885
Ashlee,Palmer,2216 Rue King,SHERBROOKE,QC,J1H 1R4,Ashlee.C.Palmer@pookmail.com,819-822-8700
Donald,Thornley,1930 Bay Street,TORONTO,ON,M5J 2R8,Donald.D.Thornley@mailinator.com,416-830-2962
Ellen,Evans,1665 De la Providence Avenue,HULL,QC,J8Y 3Y5,Ellen.T.Evans@mailinator.com,819-665-0946
Matthew,Thomas,972 Park Ct,DRAYTON VALLEY,AB,T0E 0M0,Matthew.C.Thomas@dodgit.com,780-621-1932
James,Conkle,1539 Bridgeport Rd,ORANGEVILLE,ON,L9W 2J9,James.E.Conkle@spambob.com,519-217-6341
Charles,Smith,804 7th Ave,CALGARY,AB,T2P 0W4,Charles.J.Smith@trashymail.com,403-375-5519
Harold,Jones,2282 Rue De La Gare,ALMA,QC,G8B 2W5,Harold.R.Jones@mailinator.com,418-719-8646
Mark,Young,590 Saint-Denis Street,MONTREAL,QC,H9R 3J4,Mark.C.Young@dodgit.com,514-693-6765
June,Jennings,4598 St. John Street,CONQUEST,SK,S4P 3Y2,June.T.Jennings@mailinator.com,306-856-7393
Richard,Mccarthy,3361 Roger Street,NANAIMO,BC,V9R 5H9,Richard.T.Mccarthy@spambob.com,250-518-1910
Timothy,Barnes,3324 Venture Place,JARVIE,AB,T0G 1H0,Timothy.A.Barnes@mailinator.com,780-954-9193
Alex,Nichol,777 René-Lévesque Blvd,MONTREAL,QC,H3B 4W8,Alex.C.Nichol@spambob.com,514-992-2796
Joshua,Prochaska,4221 St. John Street,ALIDA,SK,S4P 3Y2,Joshua.Y.Prochaska@spambob.com,306-443-0707
Tonya,Mckenzie,431 49th Avenue,ARCTIC BAY,NT,X0A 0A0,Tonya.O.Mckenzie@dodgit.com,867-439-8681
Tiffany,Buford,3166 Carling Avenue,OTTAWA,ON,K1Z 7B5,Tiffany.E.Buford@mailinator.com,613-784-0802
Heidi,Cordero,2583 Ste. Catherine Ouest,MONTREAL,QC,H9S 3H5,Heidi.D.Cordero@trashymail.com,514-780-6281
Ronald,Lewis,1041 Brand Road,KINDERSLEY,SK,S7K 1W8,Ronald.H.Lewis@pookmail.com,306-460-8120
Joan,Green,1732 Woodvale Drive,DUTTON,ON,N0L 1J0,Joan.T.Green@spambob.com,519-762-9304
Raul,Martel,3423 Lauzon Parkway,WINDSOR,ON,N8T 3H5,Raul.S.Martel@dodgit.com,519-974-2333
Calvin,Eisenberg,3527 Carling Avenue,OTTAWA,ON,K1Z 7B5,Calvin.M.Eisenberg@dodgit.com,613-769-8171
Charles,Gaspard,1885 Blanshard,VICTORIA,BC,V8W 2H9,Charles.B.Gaspard@mailinator.com,250-952-2931
Suzanne,Holloway,3092 Merton Street,TORONTO,ON,M1L 3K7,Suzanne.C.Holloway@pookmail.com,416-459-8394
Christopher,Brown,76 40th Street,CALGARY,AB,T2A 1C8,Christopher.E.Brown@mailinator.com,403-273-9583
Andrew,Ledoux,411 Ganges Road,VICTORIA,BC,V0S 1M0,Andrew.S.Ledoux@dodgit.com,250-544-0829
Timothy,Freeman,3756 Elgin Street,MAITLAND,ON,K0E 1P0,Timothy.P.Freeman@trashymail.com,613-348-5806
Ronald,Clements,3101 Findlay Creek Road,CRESTON,BC,V0B 1G0,Ronald.J.Clements@dodgit.com,250-431-8620
Lakesha,Carrera,2124 Ste. Catherine Ouest,MONTREAL,QC,H3C 3X6,Lakesha.J.Carrera@spambob.com,514-821-9498
Robert,Deeter,368 Wallace Street,NANAIMO,BC,V9R 3A8,Robert.F.Deeter@pookmail.com,250-668-5184
Susan,Graham,3813 90th Avenue,YOUNGSTOWN,AB,T0J 3P0,Susan.M.Graham@pookmail.com,403-779-2053
Margo,Pierre,1719 Kinchant St,CHILLIWACK,BC,V2P 2S6,Margo.D.Pierre@pookmail.com,604-799-0328
Joseph,Ostrander,4967 Ross Street,RENFREW,ON,K7V 1T5,Joseph.J.Ostrander@trashymail.com,613-433-6657
Abraham,Clements,396 Bloor Street,GALAHAD,AB,T0B 1R0,Abraham.P.Clements@spambob.com,780-583-2131
Leonard,Scheer,3527 Park Ct,DRAYTON VALLEY,AB,T0E 0M0,Leonard.T.Scheer@spambob.com,780-898-5119
David,Mcgovern,301 Bridgeport Rd,COLLINGWOOD,ON,L9Y 1X1,David.E.Mcgovern@dodgit.com,705-444-5468
Alfred,Ralston,309 Tchesinkut Lake Rd,VANDERHOOF,BC,V0J 3A0,Alfred.G.Ralston@trashymail.com,250-567-2977
Carol,Adams,3394 Bayfield St,RICHMOND HILL,ON,L4C 3Y2,Carol.A.Adams@dodgit.com,905-884-9417
Melissa,Mangum,4531 Bay Street,TORONTO,ON,M5J 2R8,Melissa.E.Mangum@pookmail.com,647-899-4696
Christopher,Jones,513 Riedel Street,FORT MCMURRAY,AB,T9H 3J9,Christopher.K.Jones@pookmail.com,780-715-7908
Grant,Garraway,184 MacLaren Street,OTTAWA,ON,K1P 5M7,Grant.L.Garraway@spambob.com,613-580-4807
Mary,Smith,4666 Calgary Avenue,PENTICTON,BC,V2A 2T6,Mary.J.Smith@spambob.com,250-493-3366
Jesus,Clark,1230 Carlson Road,PRINCE GEORGE,BC,V2L 5E5,Jesus.S.Clark@trashymail.com,250-561-2674
Lonnie,Kay,400 René-Lévesque Blvd,MONTREAL,QC,H3B 4W8,Lonnie.E.Kay@spambob.com,514-969-7593
Jesse,Brewer,1187 De la Providence Avenue,STE AGATHE,QC,J8C 1J5,Jesse.R.Brewer@mailinator.com,819-216-1748
Ramiro,Lyons,3007 Island Hwy,CAMPBELL RIVER,BC,V9W 2C9,Ramiro.S.Lyons@dodgit.com,250-201-5048
Heather,Woods,233 Speers Road,BRAMPTON,ON,L6T 3W9,Heather.E.Woods@dodgit.com,905-458-9189
Mack,Gibbs,2313 Port Washington Road,NANTON,AB,T0L 1R0,Mack.T.Gibbs@pookmail.com,403-646-9907
Kalyn,Ramirez,4398 Boulevard Cremazie,QUEBEC,QC,G1R 1B8,Kalyn.J.Ramirez@mailinator.com,418-649-6383
Patricia,Perkins,2466 rue Levy,MONTREAL,QC,H3C 5K4,Patricia.S.Perkins@pookmail.com,514-602-6387
Jana,Victory,2121 Maynard Rd,CALGARY,AB,T2E 6J8,Jana.T.Victory@dodgit.com,403-837-4176
Princess,Wright,2058 Richmond Road,CALGARY,AB,T2T 0C6,Princess.S.Wright@mailinator.com,403-228-1704
Kevin,Schmitt,4806 St Jean Baptiste St,HEBERTVILLE STATION,QC,G0W 1T0,Kevin.T.Schmitt@mailinator.com,418-344-0484
Matthew,Buck,1733 Water Street,KITCHENER,ON,N2H 5A5,Matthew.G.Buck@pookmail.com,519-501-4304
Paula,Kruse,18 Dominion St,MORRISBURG,ON,K0C 1X0,Paula.F.Kruse@spambob.com,613-543-9815
Ernest,Purcell,1259 Queen Elisabeth Blvd,KERROBERT,SK,S4P 3Y2,Ernest.J.Purcell@mailinator.com,306-834-2844
David,Gable,197 Burdett Avenue,SIDNEY,BC,V8L 1X3,David.D.Gable@spambob.com,250-654-0268
Bryan,Flowers,3898 Reserve St,ROSENEATH,ON,K0K 2X0,Bryan.C.Flowers@spambob.com,905-352-3585
Saundra,Deal,2930 MacLaren Street,OTTAWA,ON,K1P 5M7,Saundra.R.Deal@pookmail.com,613-786-5002
Bruce,Arthur,405 St. John Street,BIRCH HILLS,SK,S4P 3Y2,Bruce.L.Arthur@spambob.com,306-749-3832
Mary,Washington,4990 Venture Place,JARVIE,AB,T0G 1H0,Mary.B.Washington@spambob.com,780-954-7486
Beverly,Host,812 Heritage Drive,CALGARY,AB,T2V 2W2,Beverly.K.Host@dodgit.com,403-660-1218
William,Hughes,4249 Tolmie St,VANCOUVER,BC,V6R 4C5,William.L.Hughes@trashymail.com,604-225-1457
Kenneth,Burk,1257 Bay Street,TORONTO,ON,M5J 2R8,Kenneth.E.Burk@pookmail.com,647-886-9810
Alex,Carter,1252 Rue King,SHERBROOKE,QC,J1H 1R4,Alex.M.Carter@dodgit.com,819-829-7141
Henry,Hardin,4062 Elgin Street,CARDINAL,ON,K0E 1E0,Henry.S.Hardin@trashymail.com,613-657-9676
Karen,Agan,252 Nootka Street,VANCOUVER,BC,V5M 3M5,Karen.R.Agan@trashymail.com,778-233-2159
Rosie,Craig,1521 Queen Elisabeth Blvd,KENOSEE LAKE,SK,S4P 3Y2,Rosie.V.Craig@mailinator.com,306-577-7703
John,Noble,1236 St George Street,VANCOUVER,BC,V5T 1Z7,John.W.Noble@pookmail.com,604-876-8482
Kim,May,4250 Scotchmere Dr,SARNIA,ON,N7T 7X5,Kim.J.May@pookmail.com,519-331-1467
Alice,Carbajal,640 Rose Street,REGINA,SK,S4P 3Y2,Alice.T.Carbajal@pookmail.com,306-546-9154
Wanda,Sullivan,4985 rue Ontario Ouest,MONTREAL,QC,H2X 1Y8,Wanda.R.Sullivan@dodgit.com,514-841-3828
Margaret,Thomas,674 Port Washington Road,HIGH RIVER,AB,T0L 1B0,Margaret.N.Thomas@dodgit.com,403-601-1298
Walter,Jackson,1787 rue Ontario Ouest,MONTREAL,QC,H2X 1Y8,Walter.B.Jackson@pookmail.com,514-842-7848
Darrell,Nichols,4500 Ross Terrasse,ST BASILE,NB,E7C 1A1,Darrell.V.Nichols@mailinator.com,506-481-3719
Angelo,Jones,4537 Carlson Road,PRINCE GEORGE,BC,V2L 5E5,Angelo.K.Jones@spambob.com,250-565-5400
Michael,Blodgett,4890 Carling Avenue,OTTAWA,ON,K1Z 7B5,Michael.T.Blodgett@spambob.com,613-784-3502
Steven,Gomez,4502 chemin Georges,RAWDON,QC,J0K 1S0,Steven.M.Gomez@pookmail.com,450-834-2090
David,Rankin,3736 Yonge Street,TORONTO,ON,M4W 1J7,David.M.Rankin@spambob.com,416-967-7888
David,Davis,1798 James Street,BURNABY,BC,V5G 4W7,David.S.Davis@trashymail.com,604-830-2786
Mary,Evans,3048 Victoria Park Ave,TORONTO,ON,M2J 3T7,Mary.Y.Evans@spambob.com,416-719-6176
Patricia,Scott,1277 Sherbrooke Ouest,MONTREAL,QC,H4A 1H3,Patricia.A.Scott@trashymail.com,514-240-8445
Sally,Scholl,1145 Robson St,VANCOUVER,BC,V6B 3K9,Sally.M.Scholl@spambob.com,604-646-0255
Matthew,Staff,2046 Balmy Beach Road,OWEN SOUND,ON,N4K 2N7,Matthew.B.Staff@trashymail.com,519-387-4280
George,Hill,4459 184th Street,EDMONTON,AB,T5J 2R4,George.R.Hill@trashymail.com,780-721-6685
Katherine,Jensen,3844 Sherbrooke Ouest,MONTREAL,QC,H4A 1H3,Katherine.H.Jensen@dodgit.com,514-444-5415
Timothy,Saliba,2237 Burdett Avenue,VICTORIA,BC,V8R 5A7,Timothy.M.Saliba@pookmail.com,250-598-4917
Nathan,Carter,2541 Robson St,VANCOUVER,BC,V6B 3K9,Nathan.J.Carter@pookmail.com,604-647-0871
Dan,Fassett,1623 rue Saint-Édouard,TROIS RIVIERES,QC,G9A 5S8,Dan.J.Fassett@mailinator.com,819-373-9682
Clair,Taylor,1688 rue des Églises Est,FUGEREVILLE,QC,J0Z 2A0,Clair.E.Taylor@pookmail.com,819-748-2749
Marie,Low,1575 Roger Street,VICTORIA,BC,V9B 1X2,Marie.D.Low@mailinator.com,250-642-9324
Terry,Johnson,3115 Papineau Avenue,MONTREAL,QC,H2K 4J5,Terry.R.Johnson@spambob.com,514-887-5833
Juan,Martin,2056 Speers Road,OAKVILLE,ON,L6J 3X4,Juan.N.Martin@trashymail.com,905-338-2796
Sarah,Adkins,1853 Joseph St,KITCHENER,ON,N2C 1A7,Sarah.T.Adkins@trashymail.com,519-894-1531
Ramona,Wyatt,2291 Park Ct,DRAYTON VALLEY,AB,T0E 0M0,Ramona.R.Wyatt@pookmail.com,780-898-9090
Steven,Masterson,4893 St-Jerome Street,ST JEROME,QC,S4P 3Y2,Steven.M.Masterson@mailinator.com,450-569-4031
Willie,Ulrich,4906 Tchesinkut Lake Rd,AIYANSH,BC,V0J 3T0,Willie.E.Ulrich@pookmail.com,250-633-3201
June,Nichols,120 Benton Street,KITCHENER,ON,N2G 4L9,June.D.Nichols@pookmail.com,519-500-4968
Neva,Cunningham,1673 Mesa Vista Drive,LAC LA HACHE,BC,V0K 1T0,Neva.M.Cunningham@dodgit.com,250-396-3990
Douglas,Lowe,2614 Nelson Street,HONEY HARBOUR,ON,P0E 1E0,Douglas.S.Lowe@pookmail.com,705-756-9777
Eric,Porter,1050 Ste. Catherine Ouest,MONTREAL,QC,H2A 2Z3,Eric.J.Porter@pookmail.com,514-777-6381
Virginia,Greer,1576 Weston Rd,TORONTO,ON,M9N 1G4,Virginia.R.Greer@trashymail.com,416-244-5172
Candy,Taylor,610 Hastings Street,VANCOUVER,BC,V6C 1B4,Candy.E.Taylor@dodgit.com,604-339-0179
Eric,Gomez,993 Ross Street,PERTH,ON,K7H 2S6,Eric.J.Gomez@pookmail.com,613-264-6620
Frank,Roush,1792 rue Saint-Antoine,GRANBY,QC,J2G 4W7,Frank.M.Roush@dodgit.com,450-830-5224
Kathleen,Holloway,411 James Street,FORT ALBANY,ON,P0L 1H0,Kathleen.S.Holloway@pookmail.com,705-278-0123
Buford,Barker,3847 Brand Road,ROSETOWN,SK,S7K 1W8,Buford.T.Barker@mailinator.com,306-831-5617
Peter,Jordon,4307 Bayfield St,BARRIE,ON,L4M 4S7,Peter.T.Jordon@dodgit.com,705-627-6575
Raymond,Swanson,1918 White Point Road,SAULNIERVILLE,NS,B0W 2Z0,Raymond.L.Swanson@spambob.com,902-260-0568
David,Guerrero,4578 Nelson Street,SACHIGO LAKE,ON,P0V 2P0,David.K.Guerrero@trashymail.com,807-595-2946
Carmen,Dunkin,2159 Harvest Moon Dr,UNIONVILLE,ON,L3R 0L7,Carmen.L.Dunkin@pookmail.com,905-248-1049
Kay,Young,966 40th Street,CALGARY,AB,T2C 2P3,Kay.L.Young@pookmail.com,403-236-7860
Corinne,Gonzalez,3332 Sherbrooke Ouest,MONTREAL,QC,H4A 1H3,Corinne.H.Gonzalez@mailinator.com,514-838-9607
Matthew,Chaney,1559 Dufferin Street,TORONTO,ON,M6H 4B6,Matthew.J.Chaney@trashymail.com,416-588-9672
Dennis,Parker,1463 Islington Ave,TORONTO,ON,M8V 3B6,Dennis.E.Parker@trashymail.com,647-222-7557
Robert,Horton,3432 102nd Avenue,NELSON,BC,V1L 4G9,Robert.J.Horton@mailinator.com,250-509-9872
Janet,Cope,4152 Tchesinkut Lake Rd,SMITHERS,BC,V0J 2N0,Janet.F.Cope@trashymail.com,250-847-2206
Vivian,Booth,2554 Scarth Street,MONTREAL,QC,S4P 3Y2,Vivian.S.Booth@pookmail.com,514-488-2276
Fred,Smith,4639 Reserve St,ENTERPRISE,ON,K0K 1Z0,Fred.S.Smith@dodgit.com,613-358-0260
Mary,Barnes,184 Seguin Street,KIRKLAND LAKE,ON,P2N 2G8,Mary.D.Barnes@mailinator.com,705-568-4092
George,Wible,4083 Neilson Avenue,TORONTO,ON,M1M 1V1,George.K.Wible@mailinator.com,416-267-4855
John,Goss,99 Carter Crescent,NEW GLASGOW,NS,B2H 4P1,John.A.Goss@pookmail.com,902-695-7828
Ronald,Brewer,423 Silver Springs Blvd,CALGARY,AB,T3B 2C3,Ronald.J.Brewer@trashymail.com,403-286-4387
Ryan,Beatty,3203 Richmond Road,CALGARY,AB,T2T 0C6,Ryan.P.Beatty@dodgit.com,403-944-4152
Robby,Dunson,1477 Fallon Drive,WINGHAM,ON,N0G 2W0,Robby.G.Dunson@mailinator.com,519-531-5779
Kathy,Cortez,3691 Acton Avenue,TORONTO,ON,M3H 4J1,Kathy.W.Cortez@dodgit.com,416-631-7139
Jose,Reynolds,1035 Reserve St,INVERARY,ON,K0H 1X0,Jose.R.Reynolds@mailinator.com,613-353-7717
James,Saxon,282 St Marys Rd,WINNIPEG,MB,R3C 3N9,James.M.Saxon@dodgit.com,204-887-5801
Steve,Barnhardt,1954 Dominion St,ALEXANDRIA,ON,K0C 1A0,Steve.A.Barnhardt@spambob.com,613-525-7770
Brian,Robinson,2411 Bay Street,TORONTO,ON,M5J 2R8,Brian.F.Robinson@spambob.com,647-686-2193
Mozelle,Hogan,594 Rose Street,REGINA,SK,S4P 3Y2,Mozelle.G.Hogan@dodgit.com,306-539-6459
Michael,Coletti,4429 McGill Road,KAMLOOPS,BC,V2C 5R8,Michael.E.Coletti@mailinator.com,250-314-6222
Robert,Brindle,4372 Carter Crescent,ANTIGONISH,NS,B2G 2A9,Robert.D.Brindle@dodgit.com,902-735-8725
Max,Scott,3564 Glover Road,SURREY,BC,V3W 4N6,Max.J.Scott@mailinator.com,604-561-5805
Josie,Dalton,4120 102nd Avenue,TRAIL,BC,V1R 3W5,Josie.J.Dalton@dodgit.com,250-368-1394
Arthur,Roach,3161 St. John Street,ALIDA,SK,S4P 3Y2,Arthur.B.Roach@dodgit.com,306-443-8378
Saul,Gober,3802 No. 3 Road,RICHMOND,BC,V6X 2B8,Saul.A.Gober@spambob.com,604-231-1384
Gregory,Rimer,2707 Algoma St,THUNDER BAY,ON,P7A 4T3,Gregory.L.Rimer@spambob.com,807-766-4245
Todd,Burns,4891 Borough Drive,TORONTO,ON,M1P 4W2,Todd.C.Burns@mailinator.com,416-279-3899
Cynthia,Jones,3491 rue des Églises Est,ST PIE DE GUIRE,QC,J0G 1R0,Cynthia.J.Jones@pookmail.com,450-706-1289
Phyllis,Franks,3013 Yonge Street,TORONTO,ON,M4W 1J7,Phyllis.J.Franks@mailinator.com,416-929-1536
Francisco,Goodwin,4293 rue des Champs,CHICOUTIMI,QC,G7H 4N3,Francisco.L.Goodwin@spambob.com,418-549-7500
Owen,Navarrete,1394 Ste. Catherine Ouest,MONTREAL,QC,H3A 4G4,Owen.A.Navarrete@trashymail.com,514-448-6622
James,Hedrick,4024 Wellington Street,TORONTO,ON,M9C 3J5,James.M.Hedrick@mailinator.com,905-212-8532
Donna,Price,2105 Albert Street,STRATFORD,ON,N5A 3K5,Donna.J.Price@mailinator.com,519-274-3900
William,Gutierrez,3888 Victoria Park Ave,TORONTO,ON,M2J 3T7,William.V.Gutierrez@spambob.com,416-990-6291
Lee,Smith,4615 René-Lévesque Blvd,MONTREAL,QC,H3B 4W8,Lee.L.Smith@mailinator.com,514-962-4086
Amanda,Hurd,1147 Lyons Avenue,BRANTFORD,ON,N3R 7W5,Amanda.C.Hurd@dodgit.com,519-209-2584
Margarita,Herrera,32 Brand Road,SASKATOON,SK,S7K 1W8,Margarita.W.Herrera@pookmail.com,306-382-3361
Craig,Frankel,875 Landon Street,MARTEN RIVER,ON,P0H 1T0,Craig.S.Frankel@trashymail.com,705-892-4483
John,Sanchez,3368 Kinchant St,QUESNEL,BC,V2J 2R5,John.D.Sanchez@spambob.com,250-992-3133
Ruby,Cline,1948 Dundas St,TORONTO,ON,M2N 2G8,Ruby.J.Cline@trashymail.com,416-225-9683
Amanda,Izzo,3183 St Jean Baptiste St,LAC AU SAUMON,QC,G0J 1M0,Amanda.A.Izzo@mailinator.com,418-778-2614
Alan,Evans,4229 St Marys Rd,WINNIPEG,MB,R3C 0C4,Alan.T.Evans@mailinator.com,204-295-0886
Werner,Southerland,4533 Bank St,OTTAWA,ON,K1H 7Z1,Werner.R.Southerland@mailinator.com,613-739-4583
Sonja,Hewitt,474 avenue de Port-Royal,BONAVENTURE,QC,G0C 1E0,Sonja.G.Hewitt@dodgit.com,418-534-4275
Jason,Francisco,2561 Calgary Avenue,PENTICTON,BC,V2A 2T6,Jason.L.Francisco@mailinator.com,250-493-6832
Larry,Cummings,838 Adelaide St,TORONTO,ON,M5H 1P6,Larry.L.Cummings@trashymail.com,416-982-1922
Ayako,Raymer,3950 Park Ct,BLUE RIDGE,AB,T0E 0B0,Ayako.P.Raymer@dodgit.com,780-648-4056
Bradley,Hardy,1399 Pine Street,PONOKA,AB,T0C 2H0,Bradley.A.Hardy@spambob.com,403-704-3693
Benjamin,Barnes,2461 Cordova Street,VANCOUVER,BC,V6B 1E1,Benjamin.P.Barnes@trashymail.com,778-995-4369
Paige,Inglis,3259 Kinchant St,WILLIAMS LAKE,BC,V2G 1H9,Paige.R.Inglis@dodgit.com,250-392-5156
Norma,Son,2251 Scarth Street,MONTREAL,QC,S4P 3Y2,Norma.J.Son@mailinator.com,514-482-4101
James,Mcghee,3815 Holdom Avenue,SURREY,BC,V3T 4Y5,James.S.Mcghee@dodgit.com,604-581-6159
Ronnie,Peterson,902 Brook St,NEWCOMBVILLE,NS,B4V 2V8,Ronnie.F.Peterson@dodgit.com,902-553-9581
Gerald,Rogers,3051 Paris St,SUDBURY,ON,P3A 1Z6,Gerald.J.Rogers@trashymail.com,705-525-5483
Suzanne,Dawson,844 Merivale Road,OTTAWA,ON,K2H 5B6,Suzanne.L.Dawson@mailinator.com,613-765-5209
Jeffrey,Lawrence,4783 rue Saint-Antoine,GRANBY,QC,J2H 2H5,Jeffrey.P.Lawrence@spambob.com,450-525-7586
Nancy,Fowler,634 Heritage Drive,CALGARY,AB,T2V 2W2,Nancy.F.Fowler@dodgit.com,403-669-3977
Zora,Ellison,2857 7th Ave,CALGARY,AB,T2P 0W4,Zora.B.Ellison@trashymail.com,403-239-7847
Percy,Robb,146 Bellwood Acres Rd,SUNDRIDGE,ON,P0A 1Z0,Percy.K.Robb@spambob.com,705-384-6885
Steven,Dube,1528 Reserve St,BURLEIGH FALLS,ON,K0L 1K0,Steven.A.Dube@dodgit.com,705-654-1920
Patricia,Obrien,4023 Bank St,OTTAWA,ON,K1H 7Z1,Patricia.W.Obrien@pookmail.com,613-730-6837
Amanda,Parker,2116 Duke Street,MONTREAL,QC,H3C 5K4,Amanda.J.Parker@spambob.com,514-217-4137
Rosa,Brookes,1554 rue Ellice,JOLIETTE,QC,J6E 7X1,Rosa.J.Brookes@spambob.com,450-960-1161
Fern,Laporte,3587 Adelaide St,TORONTO,ON,M5H 1P6,Fern.M.Laporte@trashymail.com,416-947-7110
Bonnie,Welch,126 Churchill Plaza,SAULT STE MARIE,ON,P6A 1Z2,Bonnie.F.Welch@mailinator.com,705-254-8604
Perry,Lewis,2209 Stum Lake Road,ALKALI LAKE,BC,V0L 1B0,Perry.M.Lewis@spambob.com,250-440-1665
Alvin,Gill,2537 St George Street,VANCOUVER,BC,V5T 1Z7,Alvin.S.Gill@pookmail.com,604-708-6761
Rafael,Trahan,42 Leduc Street,PLANTAGENET,ON,K0B 1L0,Rafael.T.Trahan@dodgit.com,613-673-3594
Monique,Dayton,802 Main St,GRAVELBOURG,SK,S0H 1X0,Monique.J.Dayton@mailinator.com,306-648-5011
Arleen,Porter,1108 Nelson Street,MATHESON,ON,P0K 1N0,Arleen.M.Porter@mailinator.com,705-273-6677
Edward,Bergeron,2929 Cornwall Street,ESTEVAN,SK,S4A 0W6,Edward.K.Bergeron@spambob.com,306-634-1145
Zachary,Fernandez,2450 Brand Road,SASKATOON,SK,S7K 1W8,Zachary.R.Fernandez@spambob.com,306-477-4910
Irene,Omeara,529 St. Paul Street,NIAGARA FALLS,ON,L2E 4E6,Irene.R.Omeara@pookmail.com,905-357-7418
Lynn,Atencio,558 Yonge Street,TORONTO,ON,M4W 1J7,Lynn.W.Atencio@pookmail.com,416-278-9002
Rose,Dejesus,2691 Pape Ave,TORONTO,ON,M4E 2V5,Rose.S.Dejesus@pookmail.com,416-316-4179
Sandra,Rivera,888 MacLaren Street,OTTAWA,ON,K1P 5M7,Sandra.D.Rivera@spambob.com,613-597-7551
Christina,Gray,2202 White Point Road,BRIDGETOWN,NS,B0S 1C0,Christina.E.Gray@mailinator.com,902-588-3386
Angela,Harper,2066 Heritage Drive,CALGARY,AB,T2V 2W2,Angela.A.Harper@pookmail.com,403-880-6252
Brian,Phillips,821 Landon Street,PORT LORING,ON,P0H 1Y0,Brian.B.Phillips@dodgit.com,705-757-2345
Bertha,Caraballo,4243 43rd Avenue,TAGISH,NT,Y1A 1T0,Bertha.J.Caraballo@trashymail.com,867-399-8081
Eugene,Curtis,4935 St Marys Rd,WINNIPEG,MB,R3C 0C4,Eugene.V.Curtis@dodgit.com,204-291-2989
Mike,Raven,2349 Tycos Dr,TORONTO,ON,M5T 1T4,Mike.E.Raven@dodgit.com,416-346-1586
Linda,Cheesman,4672 Brew Creek Rd,WHISTLER,BC,V0N 1B0,Linda.G.Cheesman@pookmail.com,604-698-2790
Cheryl,Dufresne,3129 St. John Street,DENARE BEACH,SK,S4P 3Y2,Cheryl.M.Dufresne@trashymail.com,306-362-1470
Armando,Cowan,1337 Dundas St,LONDON,ON,N6B 3L5,Armando.S.Cowan@mailinator.com,519-317-3084
Peggy,Solberg,3711 rue de la Gauchetière,MONTREAL,QC,H3B 2M3,Peggy.J.Solberg@spambob.com,514-591-1358
Tarah,Humphries,2261 Nelson Street,SIOUX NARROWS,ON,P0X 1N0,Tarah.P.Humphries@trashymail.com,807-226-3115
Joseph,Reed,4212 Speers Road,MAPLE,ON,L6A 1G5,Joseph.I.Reed@trashymail.com,905-303-3741
Stephen,Herrera,3846 Burdett Avenue,SIDNEY,BC,V8L 1X3,Stephen.D.Herrera@pookmail.com,250-654-8003
Shane,Cohen,154 3rd Avenue,LETHBRIDGE,AB,T1J 0J9,Shane.H.Cohen@spambob.com,403-634-5827
Leslie,James,1055 Lynden Road,BEAVERTON,ON,L0K 1A0,Leslie.P.James@dodgit.com,705-426-8805
Lupe,Brown,3512 Nelson Street,RED LAKE,ON,P0V 2M0,Lupe.K.Brown@trashymail.com,807-727-2288
Richard,Garcia,1824 St Jean Baptiste St,BAIE ST PAUL,QC,G0A 1B0,Richard.N.Garcia@mailinator.com,418-240-4124
Janet,Rogers,759 Roger Street,NANAIMO,BC,V9R 5H4,Janet.K.Rogers@mailinator.com,250-797-7962
Leatrice,Petway,3762 Cork St,GUELPH,ON,N1H 2W8,Leatrice.S.Petway@spambob.com,519-836-6657
Manuel,Harter,668 Burdett Avenue,SIDNEY,BC,V8L 1X3,Manuel.K.Harter@mailinator.com,250-655-3035
James,Dunn,4646 Woodvale Drive,RODNEY,ON,N0L 2C0,James.L.Dunn@spambob.com,519-785-9051
Rachel,Mcknight,1827 Fallon Drive,HENSALL,ON,N0M 1X0,Rachel.J.Mcknight@trashymail.com,519-262-3883
Gayle,Long,1587 Eglinton Avenue,TORONTO,ON,M4P 1A6,Gayle.P.Long@mailinator.com,416-315-9364
Joel,Henderson,53 Bayfield St,MIDLAND,ON,L4S 1V5,Joel.S.Henderson@pookmail.com,705-526-0864
John,Pulver,2374 St. John Street,BREDENBURY,SK,S4P 3Y2,John.L.Pulver@dodgit.com,306-898-2440
Lucille,Richardson,3094 5th Avenue,WORSLEY,AB,T0H 3W0,Lucille.O.Richardson@mailinator.com,780-685-0440
Betty,Schultz,2632 rue Levy,MONTREAL,QC,H3C 5K4,Betty.D.Schultz@mailinator.com,514-913-3436
John,Dabbs,2551 Sheppard Ave,TORONTO,ON,M1S 1T4,John.C.Dabbs@pookmail.com,416-339-8321
Roger,Rathbun,1220 Dry Pine Bay Rd,CHAPLEAU,ON,P0M 1K0,Roger.E.Rathbun@pookmail.com,705-864-6368
Betty,Moore,4773 Port Washington Road,CAROLINE,AB,T0M 0M0,Betty.J.Moore@mailinator.com,403-722-7395
Mary,Hicks,4265 King George Hwy,SURREY,BC,V3W 4E3,Mary.M.Hicks@mailinator.com,604-599-8442
Shawn,Becker,525 Blanshard,VICTORIA,BC,V8W 2H9,Shawn.M.Becker@pookmail.com,250-220-1543
Russell,Ross,817 Roger Street,NANAIMO,BC,V9R 5H9,Russell.D.Ross@pookmail.com,250-760-3067
Ronald,Brooks,2413 Albert Street,KITCHENER,ON,N2L 3V2,Ronald.L.Brooks@spambob.com,519-746-4701
Jennifer,Mulloy,1311 Port Washington Road,ENCHANT,AB,T0K 0V0,Jennifer.K.Mulloy@dodgit.com,403-739-4954
William,Berry,1182 rue Boulay,ST THOMAS D'AQUIN,QC,J0H 2A0,William.S.Berry@mailinator.com,450-796-0518
Jean,Johnson,1092 3rd Avenue,MEDICINE HAT,AB,T1A 8A5,Jean.F.Johnson@spambob.com,403-952-4226
Suzanna,Nagel,554 Brand Road,SASKATOON,SK,S7K 1W8,Suzanna.G.Nagel@mailinator.com,306-934-0518
Anna,Potter,3302 Nootka Street,VANCOUVER,BC,V5M 3M5,Anna.C.Potter@spambob.com,778-231-0278
Kristi,Hurwitz,3265 7th Ave,CALGARY,AB,T2P 0W4,Kristi.D.Hurwitz@trashymail.com,403-260-7664
George,Hobbs,3366 Main St,CARNDUFF,SK,S0C 0S0,George.E.Hobbs@dodgit.com,306-482-0560
Mary,Bakos,3160 Carling Avenue,OTTAWA,ON,K1Z 7B5,Mary.M.Bakos@pookmail.com,613-240-0635
Marilyn,Ison,3523 43rd Avenue,JOUSSARD,AB,Y1Y 1Y1,Marilyn.O.Ison@spambob.com,780-776-5337
Dorothy,Miller,4799 Matheson St,KENORA,ON,P9N 1T8,Dorothy.R.Miller@spambob.com,807-467-5672
Mable,Mae,4395 St Jean Baptiste St,NORBERTVILLE,QC,G0P 1B0,Mable.M.Mae@trashymail.com,819-369-8498
Amanda,Ney,1139 Boulevard Cremazie,QUEBEC,QC,G1R 1B8,Amanda.R.Ney@pookmail.com,418-646-8241
Kenneth,Williams,239 chemin Hudson,MONTREAL,QC,H4J 1M9,Kenneth.E.Williams@mailinator.com,514-222-8947
Robert,Pickett,1700 rue Ontario Ouest,MONTREAL,QC,H2X 1Y8,Robert.C.Pickett@dodgit.com,514-848-0281
William,Adams,2074 Dry Pine Bay Rd,MARKSTAY,ON,P0M 2G0,William.E.Adams@pookmail.com,705-853-3037
Mildred,Frakes,1711 Tanner Street,VANCOUVER,BC,V5R 2T4,Mildred.K.Frakes@spambob.com,604-789-4443
Thomas,Parker,1678 Carling Avenue,OTTAWA,ON,K1Z 7B5,Thomas.T.Parker@mailinator.com,613-299-9016
Geneva,Graff,4751 Nelson Street,SEVERN BRIDGE,ON,P0E 1N0,Geneva.D.Graff@spambob.com,705-689-5968
Carol,Loyd,1451 Robson St,VANCOUVER,BC,V6B 3K9,Carol.M.Loyd@spambob.com,604-693-2281
Paul,Holden,174 Hammarskjold Dr,BURNABY,BC,V5B 3C9,Paul.A.Holden@dodgit.com,604-450-7389
Larry,Johnson,3092 Water Street,KITCHENER,ON,N2H 5A5,Larry.D.Johnson@mailinator.com,519-807-2145
Ellis,Hill,2559 Sheppard Ave,TORONTO,ON,M1S 1T4,Ellis.M.Hill@spambob.com,416-293-6430
Richard,Stock,3724 40th Street,CALGARY,AB,T2R 0A9,Richard.E.Stock@trashymail.com,403-313-1629
Kirk,Burgess,4364 rue des Églises Est,BISHOPTON,QC,J0B 1G0,Kirk.C.Burgess@trashymail.com,819-884-0146
Rosemary,Hunter,615 rue Ellice,JOLIETTE,QC,J6E 3E8,Rosemary.O.Hunter@mailinator.com,450-916-2331
Christine,Moore,1312 Toy Avenue,OSHAWA,ON,L1G 6Z8,Christine.A.Moore@trashymail.com,905-439-1821
Crystal,Slaughter,1207 Tycos Dr,TORONTO,ON,M5T 1T4,Crystal.R.Slaughter@mailinator.com,416-888-7730
Janice,Hall,1657 Brew Creek Rd,WHISTLER,BC,V0N 1B0,Janice.H.Hall@mailinator.com,604-932-4163
Brenda,Day,4997 Glover Road,LANGLEY,BC,V3A 1Z3,Brenda.S.Day@mailinator.com,604-534-3298
Bradley,Cole,136 Rayborn Crescent,ST ALBERT,AB,T8N 1C7,Bradley.S.Cole@dodgit.com,780-418-0901
Horace,Mahlum,2799 Front Street,TORONTO,ON,M5J 2N1,Horace.R.Mahlum@spambob.com,416-509-5199
John,Fye,2602 137th Avenue,EDMONTON,AB,T5C 2L2,John.C.Fye@spambob.com,780-456-9721
Frances,Stephens,1881 Silver Springs Blvd,CALGARY,AB,T3E 0K6,Frances.T.Stephens@pookmail.com,403-217-4925
Effie,Evans,4094 rue Levy,MONTREAL,QC,H3C 5K4,Effie.J.Evans@pookmail.com,514-348-0745
Michael,Ward,3844 rue Fournier,MIRABEL,QC,J7N 1C9,Michael.L.Ward@dodgit.com,450-595-9687
Quincy,Rodgers,4470 Nelson Street,HONEY HARBOUR,ON,P0E 1E0,Quincy.H.Rodgers@spambob.com,705-756-7077
Anibal,Pullen,2567 Burdett Avenue,VICTORIA,BC,V8Z 2J8,Anibal.L.Pullen@trashymail.com,250-881-8728
John,Green,1158 Calgary Avenue,PENTICTON,BC,V2A 2T6,John.G.Green@spambob.com,250-488-9706
Thomas,Finley,4927 184th Street,EDMONTON,AB,T5J 2R4,Thomas.L.Finley@spambob.com,403-999-3227
Kristy,Christy,3182 St Jean Baptiste St,STE LUCIE DE BEAUREGARD,QC,G0R 3L0,Kristy.J.Christy@spambob.com,418-223-8538
Susan,Manning,665 Barrydowne Road,SUDBURY,ON,P3E 5K3,Susan.R.Manning@pookmail.com,705-669-5815
Janice,Hicks,2858 Carter Crescent,NEW GLASGOW,NS,B2H 4P1,Janice.P.Hicks@spambob.com,902-695-4279
Kevin,Campbell,4865 Sherbrooke Ouest,MONTREAL,QC,H4A 1H3,Kevin.C.Campbell@spambob.com,514-617-1681
Theresa,Espino,1146 Lock Street,GALT,ON,N1R 3Y8,Theresa.R.Espino@trashymail.com,519-621-6829
Bert,Boyett,2863 Port Washington Road,BOWDEN,AB,T0M 0K0,Bert.J.Boyett@pookmail.com,403-224-8821
Andrea,Hudkins,2092 rue Garneau,QUEBEC,QC,G1V 3V5,Andrea.A.Hudkins@trashymail.com,418-577-6612
Frances,Lopez,2458 Brand Road,SASKATOON,SK,S7K 1W8,Frances.P.Lopez@mailinator.com,306-652-3027
Juan,Sardina,4885 Gateway Blvd,EDMONTON,AB,T6H 1J5,Juan.M.Sardina@trashymail.com,780-989-4612
Wilma,Toomey,929 Islington Ave,TORONTO,ON,M8V 3B6,Wilma.R.Toomey@dodgit.com,416-705-5019
Phillip,Walsh,2160 Cork St,GUELPH,ON,N1H 2W8,Phillip.M.Walsh@dodgit.com,519-827-6750
Manuel,Davis,39 Glen Long Avenue,TORONTO,ON,M6B 1J8,Manuel.V.Davis@dodgit.com,416-783-4902
Robert,Frick,2479 Ganges Road,SOOKE,BC,V0S 1N0,Robert.G.Frick@spambob.com,250-646-9864
Jeanette,Marquez,25 Speers Road,OAKVILLE,ON,L6H 3H5,Jeanette.S.Marquez@trashymail.com,289-259-1454
Melissa,Sherman,1025 Toy Avenue,BOWMANVILLE,ON,L1C 2L8,Melissa.J.Sherman@pookmail.com,905-623-8884
Nancy,Wesley,1654 rue Fournier,MIRABEL,QC,J7N 1C9,Nancy.J.Wesley@trashymail.com,450-595-7246
Charles,Ancheta,4484 rue Levy,MONTREAL,QC,H3C 5K4,Charles.J.Ancheta@trashymail.com,514-433-4141
Chris,Buzbee,2392 Whitmore Road,WOODBRIDGE,ON,L0L 0L0,Chris.A.Buzbee@mailinator.com,905-856-0351
Lelia,Ramey,1074 Lauzon Parkway,TECUMSEH,ON,N8N 1L7,Lelia.D.Ramey@trashymail.com,519-735-0194
Clifford,Swanson,3093 Fallon Drive,LUCAN,ON,N0M 2J0,Clifford.B.Swanson@spambob.com,519-227-6463
Marc,Seidel,443 Parkdale Ave,BROCKVILLE,ON,K6V 4X4,Marc.S.Seidel@trashymail.com,613-345-0007
Phillip,Palmer,513 chemin Hudson,MONTREAL,QC,H4J 1M9,Phillip.M.Palmer@mailinator.com,514-688-6138
Richard,Walters,276 Scotchmere Dr,SARNIA,ON,N7T 7X5,Richard.C.Walters@pookmail.com,519-402-5131
Robyn,Howard,3976 Islington Ave,TORONTO,ON,M9V 2X5,Robyn.S.Howard@mailinator.com,416-745-3271
Luis,Romero,2178 Reserve St,FENELON FALLS,ON,K0M 1N0,Luis.L.Romero@trashymail.com,705-887-6585
Darryl,Montanez,2819 rue Ontario Ouest,MONTREAL,QC,H2X 1Y8,Darryl.L.Montanez@dodgit.com,514-289-5415
Matthew,Shanley,4803 Goyeau Ave,WINDSOR,ON,N9A 1H9,Matthew.W.Shanley@mailinator.com,519-258-4553
Joan,Heppner,2640 Thurston Dr,HULL,QC,K1A 0C9,Joan.R.Heppner@dodgit.com,819-635-8336
Monica,Taylor,4760 rue Garneau,QUEBEC,QC,G1V 3V5,Monica.Z.Taylor@dodgit.com,418-572-3704
Isabell,Page,2212 rue des Églises Est,ST OURS,QC,J0G 1P0,Isabell.M.Page@pookmail.com,450-785-9549
Robert,Parker,2950 Paris St,GARSON,ON,P3L 1C9,Robert.L.Parker@dodgit.com,705-693-3059
Carlos,Diaz,1119 Bloor Street,DAYSLAND,AB,T0B 1A0,Carlos.B.Diaz@dodgit.com,780-374-6036
Rhonda,Thompson,2988 Princess St,KINGSTON,ON,K7L 1C2,Rhonda.L.Thompson@mailinator.com,613-531-6613
Nancy,Harris,1679 chemin Hudson,MONTREAL,QC,H4J 1M9,Nancy.B.Harris@mailinator.com,514-730-0413
Marilyn,Provencher,3260 Sherbrooke Ouest,MONTREAL,QC,H4A 1H3,Marilyn.S.Provencher@spambob.com,514-519-5696
Judith,Chase,1092 Landon Street,PORT LORING,ON,P0H 1Y0,Judith.A.Chase@pookmail.com,705-757-9894
Sherry,Teague,1583 chemin Hudson,MONTREAL,QC,H4J 1M9,Sherry.B.Teague@pookmail.com,514-883-9832
Drew,Earnhardt,2942 rue Saint-Antoine,ST HYACINTHE,QC,J2S 2T3,Drew.M.Earnhardt@pookmail.com,450-502-1173
Roseann,Wyrick,4788 Leslie Street,NEWMARKET,ON,L3Y 2A3,Roseann.P.Wyrick@trashymail.com,905-830-5824
Katie,Crump,4458 Weston Rd,TORONTO,ON,M9N 1G4,Katie.G.Crump@mailinator.com,416-246-8210
Ann,Richards,4572 Reserve St,HARROWSMITH,ON,K0H 1V0,Ann.J.Richards@mailinator.com,613-372-3176
Ruth,Salazar,4132 James Street,BURNABY,BC,V5G 1J9,Ruth.D.Salazar@pookmail.com,604-240-8975
Gordon,Juarez,3409 40th Street,CALGARY,AB,T2P 4L4,Gordon.A.Juarez@mailinator.com,403-889-9811
Javier,Manning,1257 rue Fournier,ST JEROME,QC,J7Z 5L3,Javier.D.Manning@dodgit.com,450-822-9833
Mary,Connor,2160 Eglinton Avenue,TORONTO,ON,M4P 1A6,Mary.W.Connor@spambob.com,416-723-0922
Amanda,Beesley,11 rue des Églises Est,OTTER LAKE,QC,J0X 2P0,Amanda.R.Beesley@dodgit.com,819-453-2105
Oscar,Hahn,1740 Rue King,SHERBROOKE,QC,J1H 1R4,Oscar.B.Hahn@pookmail.com,819-563-6868
Margrett,Bicknell,693 Alaska Hwy,FORT NELSON,BC,V0C 1C0,Margrett.J.Bicknell@trashymail.com,250-233-7591
Rowena,Su,1655 Granville St,HALIFAX,NS,B3K 5L2,Rowena.M.Su@pookmail.com,902-440-0969
Renee,Lu,2663 Rue King,SHERBROOKE,QC,J1H 1R4,Renee.D.Lu@dodgit.com,819-829-9734
Darrell,Esquivel,3291 Glover Road,SURREY,BC,V3S 4C4,Darrell.B.Esquivel@pookmail.com,604-576-8329
Cindy,Horton,2804 James Street,BURNABY,BC,V5G 1J9,Cindy.R.Horton@dodgit.com,604-444-9423
Alta,Simpson,650 rue Levy,MONTREAL,QC,H3C 5K4,Alta.R.Simpson@trashymail.com,514-918-6168
Timmy,Berube,2261 Victoria Park Ave,TORONTO,ON,M2J 3T7,Timmy.A.Berube@dodgit.com,416-715-6423
Nell,Broderick,1572 Papineau Avenue,MONTREAL,QC,H2K 4J5,Nell.P.Broderick@spambob.com,514-862-2792
Tina,Nanney,2707 Lyons Avenue,BRANTFORD,ON,N3R 7W5,Tina.D.Nanney@trashymail.com,519-771-1151
John,Davis,1994 Kennedy Rd,LINDSAY,ON,K9V 4A4,John.F.Davis@dodgit.com,705-359-6095
Lisa,Sloat,2791 Water Street,KITCHENER,ON,N2H 5A5,Lisa.K.Sloat@dodgit.com,519-569-2218
Mary,Hull,3249 Lake City Way,BURNABY,BC,V5A 2Z6,Mary.J.Hull@pookmail.com,778-689-0672
Mark,Gantt,2722 Venture Place,BARRHEAD,AB,T0G 0E0,Mark.S.Gantt@trashymail.com,780-674-8254
James,Vasquez,53 Lock Street,CAMBRIDGE,ON,N1R 6J6,James.M.Vasquez@pookmail.com,519-629-5535
Trevor,Jorgensen,492 Bloor Street,BASHAW,AB,T0B 0H0,Trevor.C.Jorgensen@dodgit.com,780-372-0898
Jessie,Mcpherson,2026 Port Washington Road,CARDSTON,AB,T0K 0K0,Jessie.T.Mcpherson@dodgit.com,403-653-6019
Elizabeth,Albert,3470 Main St,PUNNICHY,SK,S0A 3C0,Elizabeth.M.Albert@dodgit.com,306-835-8977
Lynn,Yan,893 Blanshard,VICTORIA,BC,V8W 2H9,Lynn.J.Yan@spambob.com,250-385-2266
Carla,Piland,243 Main St,BLACK LAKE,QC,S0J 0H0,Carla.H.Piland@spambob.com,418-423-5104
Thomas,Leung,2011 Higginsville Road,WINDSOR,NS,B0N 2T0,Thomas.V.Leung@mailinator.com,902-472-0270
Dean,Doan,1130 Blanshard,VICTORIA,BC,V8W 2H9,Dean.A.Doan@spambob.com,250-360-4263
Patricia,Brannen,347 137th Avenue,EDMONTON,AB,T5M 3K3,Patricia.M.Brannen@trashymail.com,780-452-7151
Jason,Oneil,90 René-Lévesque Blvd,MONTREAL,QC,H3B 4W8,Jason.A.Oneil@pookmail.com,514-577-6186
Mercedes,Mccoy,4305 Kennedy Rd,COBOURG,ON,K9A 1J1,Mercedes.C.Mccoy@pookmail.com,905-372-6583
Sarah,Klock,1692 Reserve St,ENTERPRISE,ON,K0K 1Z0,Sarah.J.Klock@mailinator.com,613-358-2452
Sandra,Salazar,4480 Bridgeport Rd,ORANGEVILLE,ON,L9W 2C8,Sandra.K.Salazar@trashymail.com,519-288-4312
Martha,Crain,866 Granville St,HALIFAX,NS,B3K 1N7,Martha.L.Crain@pookmail.com,902-209-5634
Mary,Wilson,2036 Parkdale Avenue,HAMILTON,ON,L8K 1A4,Mary.R.Wilson@trashymail.com,905-548-5855
Michael,Holt,3485 St. Paul Street,ST CATHARINES,ON,L2R 3B5,Michael.R.Holt@mailinator.com,905-346-4444
Bruce,Oconnell,4841 St Jean Baptiste St,ST JEAN DE DIEU,QC,G0L 3M0,Bruce.J.Oconnell@dodgit.com,418-963-5083
George,Dean,4683 rue des Églises Est,FABRE,QC,J0Z 1Z0,George.A.Dean@spambob.com,819-634-1908
Susan,Anderson,1079 Glen Long Avenue,TORONTO,ON,M6B 1J8,Susan.C.Anderson@trashymail.com,416-783-5387
Antonette,Hanes,4604 Eglinton Avenue,TORONTO,ON,M4P 1A6,Antonette.J.Hanes@dodgit.com,416-206-7370
Eric,Fields,2440 Riedel Street,FORT MCMURRAY,AB,T9H 3J9,Eric.R.Fields@dodgit.com,780-742-1872
Wendy,Ruiz,925 Sixth Street,NEW WESTMINSTER,BC,V3L 3C1,Wendy.S.Ruiz@trashymail.com,604-878-2407
Matthew,Engstrom,3231 47th Avenue,DAWSON CITY,NT,Y0B 1G0,Matthew.T.Engstrom@spambob.com,867-993-8434
Hazel,Rich,2575 Lynden Road,NOBLETON,ON,L0G 1N0,Hazel.A.Rich@trashymail.com,905-859-5722
Michele,Ecker,2394 Galts Ave,RED DEER,AB,T4N 2A6,Michele.D.Ecker@trashymail.com,403-896-3977
Laurie,Banks,148 Mesa Vista Drive,MERRITT,BC,V0K 2B0,Laurie.J.Banks@mailinator.com,250-315-2656
Don,Freeman,4752 Merivale Road,KANATA,ON,K2K 1L9,Don.P.Freeman@dodgit.com,613-591-6550
Elizabeth,Kinney,2580 avenue Royale,QUEBEC,QC,G1R 5B2,Elizabeth.W.Kinney@dodgit.com,418-261-3805
Patricia,Deck,2171 Mountain Rd,MONCTON,NB,E1C 1H6,Patricia.C.Deck@dodgit.com,506-961-2805
James,Wiseman,1968 rue St-Paul,STE AGATHE,QC,J3P 6S2,James.B.Wiseman@dodgit.com,819-325-5114
Ruth,Marlow,4964 Heritage Drive,CALGARY,AB,T2V 2W2,Ruth.R.Marlow@mailinator.com,403-253-5530
Susana,Hill,4594 avenue de Port-Royal,BONAVENTURE,QC,G0C 1E0,Susana.B.Hill@pookmail.com,418-530-8017
Robert,Galvez,744 Halsey Avenue,TORONTO,ON,M3B 2W6,Robert.M.Galvez@mailinator.com,416-449-2351
Rose,Gallegos,323 Rayborn Crescent,ST ALBERT,AB,T8N 1C7,Rose.J.Gallegos@spambob.com,780-419-8875
Arianne,Diamond,69 Galts Ave,RED DEER,AB,T4N 2A6,Arianne.J.Diamond@dodgit.com,403-896-4768
Jami,Auxier,1111 Blind Bay Road,VAVENBY,BC,V0E 3A0,Jami.J.Auxier@trashymail.com,250-676-8226
Florence,Dixon,1187 Thurston Dr,OTTAWA,ON,K1P 6M1,Florence.W.Dixon@mailinator.com,613-321-4768
Seth,Jackson,3994 Rogers Road,TORONTO,ON,M6E 1R1,Seth.T.Jackson@dodgit.com,416-410-7567
Margaret,Dixon,3326 Elgin Street,PRESCOTT,ON,K0E 1T0,Margaret.S.Dixon@dodgit.com,613-925-1166
Mary,Garrett,108 Goyeau Ave,WINDSOR,ON,N9A 1H9,Mary.F.Garrett@pookmail.com,519-985-6492
Joyce,Oneal,3321 Kinchant St,PRINCE GEORGE,BC,V2L 3H9,Joyce.B.Oneal@mailinator.com,250-552-7494
Brenda,Braden,381 Bay Street,TORONTO,ON,M5J 2R8,Brenda.R.Braden@pookmail.com,416-834-5426
Francisco,Wallace,3429 184th Street,EDMONTON,AB,T5J 2R4,Francisco.M.Wallace@dodgit.com,780-719-8226
Betsy,King,4573 Orenda Rd,BRAMPTON,ON,L6W 1Z2,Betsy.E.King@mailinator.com,905-796-4566
Harry,Burnside,171 Reserve St,OMEMEE,ON,K0L 2S0,Harry.S.Burnside@mailinator.com,705-799-5643
Gale,Schulz,4742 Yonge Street,TORONTO,ON,M4W 1J7,Gale.C.Schulz@dodgit.com,416-464-8928
Marie,Higgins,486 Pitt St,CORNWALL,ON,K6J 3R2,Marie.E.Higgins@trashymail.com,613-362-1928
Larry,Buffington,2247 Lynden Road,HAMPTON,ON,L0B 1J0,Larry.K.Buffington@trashymail.com,905-263-0658
Esperanza,Fisher,4421 Haaglund Rd,SUMMERLAND,BC,V0H 1Z0,Esperanza.R.Fisher@mailinator.com,250-494-3608
Kevin,Lee,4044 rue Ellice,VALLEYFIELD,QC,J6T 4R2,Kevin.C.Lee@dodgit.com,450-802-7455
Joe,Holmes,2148 Park Ct,DRAYTON VALLEY,AB,T0E 0M0,Joe.U.Holmes@spambob.com,780-514-0909
Orlando,Cook,2240 Jasper Avenue,EDMONTON,AB,T5J 3N2,Orlando.T.Cook@mailinator.com,780-298-1116
Richard,Pendleton,3652 MacLaren Street,OTTAWA,ON,K1P 5M7,Richard.F.Pendleton@pookmail.com,613-943-9311
Sarah,Goyette,1614 Royal Avenue,NEW WESTMINSTER,BC,V3L 5H1,Sarah.W.Goyette@pookmail.com,778-861-3363
Ashley,Beltran,3369 Speers Road,BRAMPTON,ON,L6T 3W9,Ashley.D.Beltran@spambob.com,905-789-4601
Jeffrey,Byrd,1510 Lockhart Drive,BARRIE,ON,L4M 3B1,Jeffrey.P.Byrd@mailinator.com,705-331-7449
Glen,Levinson,3499 Albert Street,LONDON,ON,N5W 5K6,Glen.R.Levinson@pookmail.com,519-457-2772
Lorene,Poe,3842 Harvest Moon Dr,UNIONVILLE,ON,L3R 0L7,Lorene.W.Poe@dodgit.com,905-316-5475
Jim,Cole,4384 Rogers Road,TORONTO,ON,M6E 1R1,Jim.J.Cole@trashymail.com,416-653-2772
Bertha,Triggs,4354 Wascana Parkway,REGINA,SK,S4S 2R3,Bertha.G.Triggs@trashymail.com,306-779-0322
Derek,Burt,488 rue Fournier,MASCOUCHE,QC,J7K 1T3,Derek.E.Burt@dodgit.com,450-474-7086
Florence,Curry,3738 Richmond Road,CALGARY,AB,T2T 0C6,Florence.D.Curry@pookmail.com,403-228-7682
Mary,Emmons,2205 99th St,GRANDE PRAIRIE,AB,T8V 0S1,Mary.T.Emmons@dodgit.com,780-518-7415
Josephine,Hartman,3213 Danforth Avenue,TORONTO,ON,M4K 1A6,Josephine.E.Hartman@spambob.com,416-778-5245
Todd,Walker,1929 Tycos Dr,TORONTO,ON,M5T 1T4,Todd.W.Walker@mailinator.com,416-977-8448
Wendy,Cadle,4161 rue Levy,MONTREAL,QC,H3C 5K4,Wendy.B.Cadle@mailinator.com,514-756-4190
Justine,Munguia,1290 Garafraxa St,PORT ELGIN,ON,N0H 2C0,Justine.J.Munguia@spambob.com,519-386-7673
Doris,Pointer,3566 Birkett Lane,BRANTFORD,ON,N3T 2Z8,Doris.R.Pointer@trashymail.com,519-720-0462
Christine,Porter,507 James Street,SMOOTH ROCK FALLS,ON,P0L 2B0,Christine.D.Porter@mailinator.com,705-338-0753
Mary,Shuford,3790 Bloor Street,RYLEY,AB,T0B 4A0,Mary.J.Shuford@dodgit.com,780-663-2394
Gerard,Stokes,4431 Albert Street,HERSCHEL,SK,S4P 3Y2,Gerard.S.Stokes@dodgit.com,306-377-9135
Peggy,Anderson,2097 rue de la Gauchetière,MONTREAL,QC,H3B 2M3,Peggy.D.Anderson@spambob.com,514-397-2402
Mario,Bergman,4999 Blind Bay Road,MICA CREEK,BC,V0E 2L0,Mario.C.Bergman@dodgit.com,250-834-7997
Timothy,Rivas,3918 Reserve St,WELLINGTON,ON,K0K 3L0,Timothy.G.Rivas@trashymail.com,613-399-1097
Mary,Mcfarland,3142 Adelaide St,TORONTO,ON,M5H 1P6,Mary.D.Mcfarland@mailinator.com,416-360-1197
Walter,Vasquez,1160 Landon Street,TEMAGAMI,ON,P0H 2H0,Walter.B.Vasquez@mailinator.com,705-569-2550
Vivian,Sears,3750 9th Ave,LETHBRIDGE,AB,T1J 2J7,Vivian.S.Sears@dodgit.com,403-328-4986
Judy,Rogers,1613 Bank St,OTTAWA,ON,K1H 7Z1,Judy.D.Rogers@dodgit.com,613-774-0291
Mack,Cook,2266 Blanshard,VICTORIA,BC,V8W 2H9,Mack.K.Cook@spambob.com,250-858-3962
Eric,Blood,2076 rue Parc,SHERBROOKE,QC,J1H 1R6,Eric.G.Blood@dodgit.com,819-574-0179
Julietta,Hutchins,961 Toy Avenue,OSHAWA,ON,L1H 1A8,Julietta.M.Hutchins@spambob.com,905-674-7255
Earlene,Harris,4065 Bloor Street,LOUGHEED,AB,T0B 2V0,Earlene.P.Harris@pookmail.com,780-386-5913
Peggy,Hyatt,2784 Kennedy Rd,LINDSAY,ON,K9V 4A4,Peggy.A.Hyatt@trashymail.com,705-341-4930
Shawn,Davis,2427 rue Levy,MONTREAL,QC,H3C 5K4,Shawn.E.Davis@dodgit.com,514-891-0133
Latoya,Montford,1356 Goyeau Ave,WINDSOR,ON,N9A 1H9,Latoya.F.Montford@trashymail.com,519-790-6774
Christopher,Patterson,3034 Scotts Lane,UNION BAY,BC,V0R 3B0,Christopher.S.Patterson@dodgit.com,250-335-2810
Mary,Thompson,1950 Munsee Street,FISHERVILLE,ON,N0A 1G0,Mary.R.Thompson@trashymail.com,905-779-1966
Erik,Thompson,3199 Fairford St,MOOSE JAW,SK,S4P 3Y2,Erik.P.Thompson@dodgit.com,306-630-0072
Carol,Ream,4240 90th Avenue,BROOKS,AB,T0J 0J0,Carol.C.Ream@trashymail.com,403-363-7906
Craig,Carvalho,3587 Pitfield Blvd,LAVAL,QC,H7A 4B7,Craig.B.Carvalho@pookmail.com,450-666-0979
Pamela,Smith,2308 Eglinton Avenue,TORONTO,ON,M4P 1A6,Pamela.L.Smith@spambob.com,416-440-4530
Shelly,Correa,2060 Blind Bay Road,ARMSTRONG,ON,V0E 1B0,Shelly.L.Correa@pookmail.com,807-583-7214
David,Kalish,4113 St. John Street,DILLON,SK,S4P 3Y2,David.L.Kalish@dodgit.com,306-282-3605
Marilyn,Atlas,2665 Queens Sq,HESPELER,ON,N3C 1H3,Marilyn.W.Atlas@pookmail.com,519-658-5502
Tommy,Hawk,3402 rue Ellice,JOLIETTE,QC,J6E 3E8,Tommy.K.Hawk@mailinator.com,450-917-2462
Dan,Cope,1815 York St,LONDON,ON,N5W 2S9,Dan.T.Cope@dodgit.com,519-636-8649
Edward,Cassell,827 Queen Elisabeth Blvd,KAMSACK,SK,S4P 3Y2,Edward.S.Cassell@mailinator.com,306-542-8623
William,Taylor,1717 Gateway Blvd,EDMONTON,AB,T6H 1J5,William.C.Taylor@dodgit.com,780-988-6753
Edna,Niemi,161 Quayside Dr,NEW WESTMINSTER,BC,V3M 6A1,Edna.S.Niemi@spambob.com,604-351-6132
Nancy,Talamantes,3179 St Jean Baptiste St,LAC EDOUARD,QC,G0A 2G0,Nancy.G.Talamantes@pookmail.com,819-653-7879
John,Perry,3517 40th Street,CALGARY,AB,T2C 2P3,John.L.Perry@dodgit.com,403-203-6136
Angelo,Goin,4679 rue des Églises Est,ST ANDREWS EAST,QC,J0V 1X0,Angelo.L.Goin@dodgit.com,450-537-3499
Gisela,English,2951 rue des Églises Est,ST EMILE DU SUFFOLK,QC,J0V 1Y0,Gisela.R.English@mailinator.com,819-426-6647
Joe,Jackson,4700 Victoria Park Ave,TORONTO,ON,M2J 3T7,Joe.E.Jackson@spambob.com,416-498-0388
Robert,Stanley,84 Islington Ave,TORONTO,ON,M9V 2X5,Robert.E.Stanley@trashymail.com,416-560-8057
Cindy,Schroeder,662 Dufferin Street,TORONTO,ON,M6H 4B6,Cindy.J.Schroeder@mailinator.com,416-582-9704
Guy,White,1783 Bay Street,TORONTO,ON,M5J 2R8,Guy.S.White@trashymail.com,416-837-6279
Billie,Ewert,2113 White Point Road,SAULNIERVILLE,NS,B0W 2Z0,Billie.B.Ewert@dodgit.com,902-260-9590
Kathy,Marmon,4013 Barton Street,HAMILTON,ON,L8P 1P8,Kathy.M.Marmon@mailinator.com,905-741-8345
Grace,Harrison,4355 Heritage Drive,CALGARY,AB,T2V 2W2,Grace.H.Harrison@spambob.com,403-969-9882
Sarah,Correa,959 Scotchmere Dr,CHATHAM,ON,N7L 4M5,Sarah.L.Correa@dodgit.com,519-784-3307
Gerardo,English,1916 Main St,FRANCIS,SK,S0G 1V0,Gerardo.A.English@trashymail.com,306-245-1767
Paul,Vaughn,70 Blanshard,VICTORIA,BC,V8W 2H9,Paul.E.Vaughn@spambob.com,250-383-8291
David,Byers,1545 rue Levy,MONTREAL,QC,H3C 5K4,David.J.Byers@trashymail.com,514-757-7941
Daniel,Tucker,4410 Central Pkwy,ERIN MILLS,ON,L5L 3A1,Daniel.L.Tucker@pookmail.com,905-820-2411
Charles,Rowles,1364 Wascana Parkway,REGINA,SK,S4S 2R3,Charles.L.Rowles@dodgit.com,306-791-8921
Gabriel,Francis,2270 Smith Avenue,HAMILTON,ON,L9H 1E6,Gabriel.C.Francis@pookmail.com,905-929-7474
Ryan,Deberry,3262 102nd Avenue,NELSON,BC,V1L 5Y5,Ryan.A.Deberry@pookmail.com,250-551-7064
Barbara,Perez,3476 2nd Street,FRASERWOOD,MB,R0C 1A0,Barbara.W.Perez@mailinator.com,204-643-1655
Roberto,Creamer,510 Landon Street,RESTOULE,ON,P0H 2R0,Roberto.M.Creamer@spambob.com,705-729-2990
Ebony,King,2753 Hardy Street,KELOWNA,BC,V1Y 8H2,Ebony.E.King@mailinator.com,250-801-8100
John,Baines,2784 Reserve St,ELGIN,ON,K0G 1E0,John.J.Baines@pookmail.com,613-359-1185
Jennie,Day,2490 Yonge Street,TORONTO,ON,M4W 1J7,Jennie.L.Day@pookmail.com,416-464-7369
Shane,Hill,3388 Goyeau Ave,WINDSOR,ON,N9A 1H9,Shane.I.Hill@spambob.com,519-257-9610
Rolande,Tritt,3310 40th Street,EDMONTON,AB,T2P 3Z3,Rolande.C.Tritt@dodgit.com,780-483-8285
Elizabeth,Berger,1471 Yonge Street,TORONTO,ON,M4W 1J7,Elizabeth.R.Berger@pookmail.com,416-515-8724
Austin,Magana,1477 Kinchant St,WILDWOOD,BC,V2G 2P2,Austin.M.Magana@mailinator.com,250-989-2019
Marshall,Fulton,2373 St. John Street,RIVERHURST,SK,S4P 3Y2,Marshall.J.Fulton@dodgit.com,306-353-1774
Cory,Steinhoff,2835 Lockhart Drive,BARRIE,ON,L4M 3B1,Cory.R.Steinhoff@trashymail.com,705-735-7725
Paul,Rouse,4021 Albert Street,KITCHENER,ON,N2L 3V2,Paul.C.Rouse@trashymail.com,519-886-0506
Dianne,Batista,3984 Kinchant St,CHILLIWACK,BC,V2P 2S6,Dianne.C.Batista@trashymail.com,604-316-7232
Marvin,Mccabe,2610 Silver Springs Blvd,CALGARY,AB,T3B 2C3,Marvin.S.Mccabe@mailinator.com,403-202-6981
Robert,Williams,4355 Hamilton Street,METCALFE,ON,K0A 2P0,Robert.G.Williams@trashymail.com,613-821-9651
Katie,Porter,2341 Woolwick Drive,TORONTO,ON,M1H 1A8,Katie.R.Porter@trashymail.com,416-439-0567
Thomas,Fabian,1521 Goyeau Ave,WINDSOR,ON,N9A 1H9,Thomas.J.Fabian@spambob.com,519-985-9499
Charlotte,Fernandes,2522 Tchesinkut Lake Rd,VANDERHOOF,BC,V0J 3A0,Charlotte.S.Fernandes@pookmail.com,250-570-5443
Zenaida,Jessie,4848 Maria St,BURLINGTON,ON,L7R 2G6,Zenaida.H.Jessie@mailinator.com,905-633-1845
Cynthia,Willis,2862 rue des Champs,CHICOUTIMI,QC,G7H 4N3,Cynthia.R.Willis@dodgit.com,418-541-8040
Robert,Summers,1183 Islington Ave,TORONTO,ON,M9V 2X5,Robert.E.Summers@mailinator.com,416-745-1594
Howard,Alexander,697 Kinchant St,PORT ALBERNI,BC,V2L 3N1,Howard.D.Alexander@spambob.com,250-735-8806
George,Vernon,4891 Danforth Avenue,TORONTO,ON,M4K 1A6,George.D.Vernon@mailinator.com,416-404-0252
Lorinda,Gauthier,3287 Park Ct,DRAYTON VALLEY,AB,T0E 0M0,Lorinda.E.Gauthier@dodgit.com,780-542-6477
Donald,Martinez,3610 Boulevard Ste-Geneviève,CHICOUTIMI,QC,G7G 2G6,Donald.M.Martinez@dodgit.com,418-812-4221
Kristine,Fergus,1902 Old Spallumcheen Rd,YARROW,BC,V0X 2A0,Kristine.R.Fergus@pookmail.com,604-823-7332
Josefina,Aquilar,4171 De la Providence Avenue,HULL,QC,J8Y 3Y5,Josefina.S.Aquilar@dodgit.com,819-664-2636
Rebecca,Haggerty,3047 St Marys Rd,WINNIPEG,MB,R3C 3N9,Rebecca.B.Haggerty@pookmail.com,204-962-8671
Robert,Nelson,1834 rue Garneau,QUEBEC,QC,G1V 3V5,Robert.M.Nelson@spambob.com,418-571-3998
Henry,Barrow,1625 Maynard Rd,CALGARY,AB,T2E 6J8,Henry.N.Barrow@mailinator.com,403-585-1214
Chris,Pyle,3656 Sherbrooke Ouest,MONTREAL,QC,H4A 1H3,Chris.N.Pyle@spambob.com,514-979-7367
William,White,3118 Albert Street,HUDSON BAY,SK,S4P 3Y2,William.H.White@dodgit.com,306-865-8755
Gloria,Borgman,3401 Kinchant St,WILDWOOD,BC,V2G 2P2,Gloria.D.Borgman@spambob.com,250-989-5856
Ken,Mcmichael,2554 Benton Street,KITCHENER,ON,N2G 4L9,Ken.H.Mcmichael@pookmail.com,519-498-7479
William,Smith,1247 rue Saint-Antoine,ST HYACINTHE,QC,J2S 2T3,William.E.Smith@mailinator.com,450-278-6430
Frank,Thompson,290 Kinchant St,HANEY,BC,V2V 4H9,Frank.A.Thompson@trashymail.com,604-476-3052
Norris,Hudson,3095 Heritage Drive,CALGARY,AB,T2V 2W2,Norris.M.Hudson@spambob.com,403-386-1201
Richard,Mitchell,3730 Fallon Drive,PALMERSTON,ON,N0G 2P0,Richard.C.Mitchell@pookmail.com,519-343-5438
Mary,Parks,1881 Pearl Street,STREETSVILLE,ON,L5M 1X2,Mary.S.Parks@dodgit.com,905-826-2880
Johnny,Frederick,1755 Roger Street,PORT ALBERNI,BC,V9Y 4M8,Johnny.M.Frederick@trashymail.com,250-206-7354
Krista,Albritton,2726 McGill Road,KAMLOOPS,BC,V2C 5R8,Krista.T.Albritton@spambob.com,250-377-5079
Victor,Bradford,2860 Carling Avenue,OTTAWA,ON,K1Z 7B5,Victor.R.Bradford@dodgit.com,613-324-6558
Beulah,Sawyer,1358 Yonge Street,TORONTO,ON,M4W 1J7,Beulah.M.Sawyer@pookmail.com,416-317-7439
Mark,Lowry,2430 Eglinton Avenue,TORONTO,ON,M4P 1A6,Mark.L.Lowry@dodgit.com,416-541-0669
Oscar,Vanderpool,2557 40th Street,CALGARY,AB,T2A 1C8,Oscar.M.Vanderpool@trashymail.com,403-207-4111
Juanita,Wilson,3623 De la Providence Avenue,HULL,QC,J8Y 3S6,Juanita.M.Wilson@mailinator.com,819-503-3104
Catherine,Troxel,4399 Bay Street,TORONTO,ON,M5J 2R8,Catherine.D.Troxel@pookmail.com,647-892-5431
Brandon,Griffith,4139 Wallace Street,NANAIMO,BC,V9R 3A8,Brandon.K.Griffith@spambob.com,250-714-9067
Jackie,Hill,186 MacLaren Street,OTTAWA,ON,K1P 5M7,Jackie.D.Hill@trashymail.com,613-565-5656
Angela,Thompson,1132 Keith Road,NORTH VANCOUVER,BC,V5T 2C1,Angela.E.Thompson@spambob.com,604-981-2467
James,Atkinson,3372 St Jean Baptiste St,MANSEAU,QC,G0X 1V0,James.M.Atkinson@dodgit.com,819-356-5357
Ronald,Altman,4783 Bank St,OTTAWA,ON,K1H 7Z1,Ronald.P.Altman@mailinator.com,613-520-7183
Kenneth,Armenta,4367 102nd Avenue,KELOWNA,BC,V1Y 1P5,Kenneth.N.Armenta@mailinator.com,250-863-4141
Gena,Bailey,3705 Nelson Street,BRUCE MINES,ON,P0R 1C0,Gena.W.Bailey@dodgit.com,705-785-4324
Joseph,Ahmad,324 9th Avenue,WOODSTOCK,ON,N4S 6J6,Joseph.W.Ahmad@mailinator.com,519-533-1864
Natalie,King,1836 Galts Ave,RED DEER,AB,T4N 2A6,Natalie.E.King@dodgit.com,403-358-1823
David,Johnson,2872 René-Lévesque Blvd,MONTREAL,QC,H3B 4W8,David.M.Johnson@dodgit.com,514-571-0945
Miguel,Herring,1187 90th Avenue,RALSTON,AB,T0J 2N0,Miguel.M.Herring@spambob.com,403-544-0703
Linda,Engelke,1150 Port Washington Road,BANFF,AB,T0L 0C0,Linda.E.Engelke@pookmail.com,403-760-2309
Orval,Zastrow,3866 Grey Rd,MARKDALE,ON,N0C 1H0,Orval.K.Zastrow@mailinator.com,519-986-7894
Martha,Hannan,4800 Fallon Drive,TILBURY,ON,N0P 2L0,Martha.T.Hannan@trashymail.com,519-682-6975
Sandra,Charles,4931 Roger Street,NANAIMO,BC,V9T 5H3,Sandra.P.Charles@spambob.com,250-619-1516
Britney,Kelly,4773 Landon Street,MATTAWA,ON,P0H 1V0,Britney.J.Kelly@mailinator.com,705-744-8708
Edward,Berns,1206 Bayfield St,RICHMOND HILL,ON,L4C 3Y2,Edward.I.Berns@dodgit.com,905-770-0820
Debra,Stamps,938 Haaglund Rd,OLIVER,BC,V0H 1T0,Debra.D.Stamps@mailinator.com,250-485-8226
Teresa,Buckner,1186 Victoria Park Ave,TORONTO,ON,M2J 3T7,Teresa.D.Buckner@trashymail.com,647-291-6798
Catherine,Waters,2321 Airport Blvd,GANDER,NL,A1V 2M7,Catherine.P.Waters@spambob.com,709-234-3866
Derek,Genova,1209 Jasper Ave,EDMONTON,AB,T5J 3N6,Derek.S.Genova@dodgit.com,780-907-9266
Alberta,Sanchez,866 Queens Bay,SLOCAN,BC,V0G 2C0,Alberta.F.Sanchez@spambob.com,250-355-2000
Melissa,Lunde,4301 Blind Bay Road,BARRIERE,BC,V0E 1E0,Melissa.L.Lunde@pookmail.com,250-672-2160
Thomas,Steele,3619 Isabella Street,TRENTON,ON,K8V 6S1,Thomas.L.Steele@pookmail.com,613-394-3474
Patrick,Brake,922 Park Ct,MARLBORO,AB,T0E 0P0,Patrick.S.Brake@spambob.com,780-397-2693
David,Sapp,4750 Garafraxa St,CHATSWORTH,ON,N0H 1G0,David.D.Sapp@pookmail.com,519-794-4297
Lynne,Stevenson,2901 De la Providence Avenue,BUCKINGHAM,QC,J8L 1P1,Lynne.S.Stevenson@dodgit.com,819-986-0595
Yvette,Camargo,1261 Wascana Parkway,REGINA,SK,S4S 2R3,Yvette.A.Camargo@spambob.com,306-766-3559
James,Wilson,4054 Carlson Road,PRINCE GEORGE,BC,V2L 5E5,James.S.Wilson@mailinator.com,250-649-2110
Franklin,Doty,272 rue St-Henri,VILLE LE GARDEUR,QC,J5Z 1R6,Franklin.R.Doty@spambob.com,450-654-1965
Zachary,Cobb,279 rue des Champs,CHICOUTIMI,QC,G7H 4N3,Zachary.R.Cobb@pookmail.com,418-696-3559
Franklin,Mitchell,3245 Galts Ave,RED DEER,AB,T4N 2A6,Franklin.L.Mitchell@dodgit.com,403-887-9116
William,Hillard,3915 Lake City Way,BURNABY,BC,V5A 2Z6,William.V.Hillard@mailinator.com,778-899-7115
Charles,Stanley,4166 Charing Cross Rd,CHATHAM,ON,N7M 2G9,Charles.C.Stanley@spambob.com,519-352-3841
Ana,Hall,2506 Sheppard Ave,TORONTO,ON,M1S 1T4,Ana.J.Hall@trashymail.com,416-332-1092
Albert,Daugherty,1175 Dufferin Avenue,TORONTO,ON,M5J 2N8,Albert.C.Daugherty@pookmail.com,647-722-9370
James,Johnson,1352 Speers Road,OAKVILLE,ON,L6J 3X4,James.R.Johnson@dodgit.com,905-849-6351
Carol,James,3504 11th Ave,CALGARY,AB,T2P 1M6,Carol.M.James@spambob.com,403-231-2991
Kathy,Mccarthy,4027 Summerfield Blvd,CAMROSE,AB,T4V 1V4,Kathy.S.Mccarthy@mailinator.com,780-678-2312
Lawrence,Buggs,4686 5th Avenue,SPIRIT RIVER,AB,T0H 3G0,Lawrence.D.Buggs@mailinator.com,780-864-4576
Sonja,Maddix,4816 Birkett Lane,BRANTFORD,ON,N3T 2Z8,Sonja.J.Maddix@trashymail.com,519-758-2880
Kathy,Mandel,4812 Baker Street,LONDON,ON,N0N 0N0,Kathy.D.Mandel@spambob.com,519-646-2871
Ralph,Crane,4676 rue Levy,MONTREAL,QC,H3C 5K4,Ralph.M.Crane@mailinator.com,514-433-8444
Terry,Jack,4577 Blanshard,VICTORIA,BC,V8W 2H9,Terry.J.Jack@pookmail.com,250-978-8250
Jason,Gilchrist,4688 Hamilton Street,EDAM,SK,S4P 3Y2,Jason.J.Gilchrist@trashymail.com,306-397-8861
Ashley,Molter,2006 Eglinton Avenue,TORONTO,ON,M4P 1A6,Ashley.P.Molter@pookmail.com,416-723-8672
David,Lloyd,4184 rue Levy,MONTREAL,QC,H3C 5K4,David.J.Lloyd@mailinator.com,514-929-6817
Thomas,Breton,1997 Blanshard,VICTORIA,BC,V8W 2H9,Thomas.J.Breton@dodgit.com,250-384-0573
Jeanne,Ruggerio,903 rue des Églises Est,STE VICTOIRE,QC,J0G 1T0,Jeanne.D.Ruggerio@pookmail.com,450-782-3366
Jesse,Hasse,4103 rue Garneau,QUEBEC,QC,G1V 3V5,Jesse.T.Hasse@spambob.com,418-656-5125
Mattie,Pratt,1152 Brew Creek Rd,BOWEN ISLAND,BC,V0N 1G0,Mattie.L.Pratt@spambob.com,604-947-6474
Michael,Hickman,989 Manitoba Street,HUNTSVILLE,ON,P1H 1P2,Michael.D.Hickman@mailinator.com,705-380-4204
Robert,Long,1784 Victoria Park Ave,TORONTO,ON,M4A 2M5,Robert.A.Long@mailinator.com,416-701-6118
Maria,Thomas,3008 Nootka Street,VANCOUVER,BC,V5M 3M5,Maria.R.Thomas@dodgit.com,604-340-2285
Rick,Lopez,2872 Pape Ave,TORONTO,ON,M4E 2V5,Rick.T.Lopez@trashymail.com,416-712-9770
Katherine,Riddle,3386 Robson St,VANCOUVER,BC,V6B 3K9,Katherine.D.Riddle@dodgit.com,604-641-4173
Kimberly,Warren,584 Birkett Lane,BRANTFORD,ON,N3T 2Z8,Kimberly.J.Warren@mailinator.com,519-754-5855
Cecilia,Carrick,4748 rue de la Gauchetière,MONTREAL,QC,H3B 2M3,Cecilia.J.Carrick@pookmail.com,514-871-9250
Amy,Trent,2216 Coldstream Avenue,VERNON,BC,V1T 6N1,Amy.J.Trent@trashymail.com,250-545-0979
Sean,Ham,3393 Higginsville Road,BROOKFIELD,NS,B0N 1M0,Sean.S.Ham@dodgit.com,902-650-7571
Kevin,Peck,918 Bay Street,TORONTO,ON,M5J 2R8,Kevin.S.Peck@dodgit.com,416-877-9262
Irene,Franco,2696 Glover Road,COQUITLAM,BC,V3J 4S1,Irene.S.Franco@trashymail.com,604-937-5882
Kathleen,Jones,2478 Acton Avenue,TORONTO,ON,M3H 4J1,Kathleen.T.Jones@dodgit.com,416-600-2723
Kenya,Jessie,1428 rue Boulay,ST HUGUES,QC,J0H 1N0,Kenya.S.Jessie@pookmail.com,450-794-0526
Leah,Anderson,3161 Eglinton Avenue,TORONTO,ON,M4P 1A6,Leah.M.Anderson@dodgit.com,416-554-7919
Deborah,Fulkerson,4936 St Jean Baptiste St,LAC AU SAUMON,QC,G0J 1M0,Deborah.J.Fulkerson@trashymail.com,418-778-0277
Alice,Pearson,4194 Danforth Avenue,TORONTO,ON,M4K 1A6,Alice.M.Pearson@trashymail.com,416-466-1588
Linda,Ollis,4413 Brew Creek Rd,SETON PORTAGE,BC,V0N 3C0,Linda.N.Ollis@pookmail.com,250-259-3041
Rose,Reynoso,3874 102nd Avenue,NELSON,BC,V1L 5Y5,Rose.D.Reynoso@dodgit.com,250-354-7484
Gerald,Turner,1905 Sable Street,MANITOWANING,ON,P0P 1N0,Gerald.B.Turner@trashymail.com,705-859-5332
Melissa,Holsey,2525 Pitfield Blvd,LAVAL,QC,H7S 1N5,Melissa.R.Holsey@dodgit.com,450-575-1436
Thomas,Henry,2539 Boulevard Laflèche,RIMOUSKI,QC,G5L 7E4,Thomas.J.Henry@dodgit.com,418-896-6947
Michael,Johnson,2890 1st Ave,YORKTON,SK,S3N 1J6,Michael.F.Johnson@trashymail.com,306-782-5856
Joe,Radford,1295 99th St,GRANDE PRAIRIE,AB,T8V 0S1,Joe.S.Radford@trashymail.com,780-832-0035
Joshua,Fischer,1146 Albert Street,HALLONQUIST,SK,S4P 3Y2,Joshua.I.Fischer@trashymail.com,306-553-8590
Danielle,Davis,2978 Silver St,EARLTON,ON,P0J 1E0,Danielle.D.Davis@mailinator.com,705-563-4322
Charles,Garcia,2306 Robson St,VANCOUVER,BC,V6B 3K9,Charles.J.Garcia@spambob.com,604-691-3652
Ryan,Newbern,1678 Eglinton Avenue,TORONTO,ON,M4P 1A6,Ryan.E.Newbern@dodgit.com,647-203-6335
Martha,Casey,1728 Venture Place,SLAVE LAKE,AB,T0G 2A2,Martha.C.Casey@trashymail.com,780-843-3403
Thomas,Hines,483 Wallace Street,NANAIMO,BC,V9R 3A8,Thomas.N.Hines@spambob.com,250-716-9830
Hunter,Joiner,118 Rue De La Gare,ST FELICIEN,QC,G8K 1B1,Hunter.M.Joiner@spambob.com,418-218-0438
Rachel,Martinez,1433 Duke Street,MONTREAL,QC,H3C 5K4,Rachel.A.Martinez@mailinator.com,514-210-9521
Ronnie,Allen,1928 Main St,BLACK LAKE,QC,S0J 0H0,Ronnie.D.Allen@spambob.com,418-423-7643
Christopher,Anstett,3203 Baker Street,LONDON,ON,N0N 0N0,Christopher.M.Anstett@pookmail.com,519-858-9454
Beatrice,Davies,1051 rue des Églises Est,VAL DES BOIS,QC,J0X 3C0,Beatrice.J.Davies@mailinator.com,819-454-9742
Clara,Bullington,2366 40th Street,CALGARY,AB,T2P 4L4,Clara.F.Bullington@trashymail.com,403-889-8702
Ola,Postell,2843 Acton Avenue,TORONTO,ON,M3H 4J1,Ola.R.Postell@trashymail.com,416-372-5538
Carrie,Ono,4119 Eagle Rd,TORONTO,ON,M8Z 4H4,Carrie.M.Ono@spambob.com,416-234-6865
Berna,Devries,4358 rue Levy,MONTREAL,QC,H3C 5K4,Berna.P.Devries@pookmail.com,514-974-1572
Jesse,Pelletier,1839 Sheppard Ave,TORONTO,ON,M1S 1T4,Jesse.L.Pelletier@dodgit.com,416-609-7793
Leigh,Klein,3016 Queens Bay,CASTLEGAR,BC,V0G 2G0,Leigh.E.Klein@pookmail.com,250-365-4873
Jeffrey,Wright,743 Acton Avenue,TORONTO,ON,M3H 4J1,Jeffrey.D.Wright@dodgit.com,416-638-3035
William,Brice,2399 Reserve St,MADOC,ON,K0K 2K0,William.D.Brice@spambob.com,613-473-0109
Alice,Mcanally,1193 Nelson Street,KAMINISTIQUIA,ON,P0T 1X0,Alice.R.Mcanally@spambob.com,807-933-0856
Randal,Rios,918 Elizabeth St,TORONTO,ON,M5G 2J5,Randal.R.Rios@mailinator.com,416-673-1206
Robert,Rhodes,2731 47th Avenue,CARMACKS,NT,Y0B 1C0,Robert.M.Rhodes@trashymail.com,867-863-5295
Kathleen,Knight,2354 Orenda Rd,BRAMPTON,ON,L6W 1Z2,Kathleen.M.Knight@dodgit.com,905-457-6897
Christopher,Castro,2880 Richmond Street,OSHAWA,ON,S4P 3Y2,Christopher.D.Castro@trashymail.com,905-434-9860
Steven,Lomas,4947 Hyde Park Road,LONDON,ON,N6E 1A9,Steven.N.Lomas@pookmail.com,519-690-2381
John,Cassidy,1056 Eglinton Avenue,TORONTO,ON,M4P 1A6,John.C.Cassidy@trashymail.com,416-669-3519
Robert,Laguerre,938 MacLaren Street,OTTAWA,ON,K1P 5M7,Robert.A.Laguerre@spambob.com,613-880-7701
Richard,Glenn,2470 Venture Place,HIGH PRAIRIE,AB,T0G 1E0,Richard.J.Glenn@pookmail.com,780-536-2711
Marisa,Brookman,4543 Mesa Vista Drive,LOGAN LAKE,BC,V0K 1W0,Marisa.O.Brookman@mailinator.com,250-523-3528
Carl,Crockett,4884 chemin Hudson,MONTREAL,QC,H4J 1M9,Carl.E.Crockett@mailinator.com,514-830-9550
Pricilla,Crockett,2006 Brand Road,SASKATOON,SK,S7K 1W8,Pricilla.T.Crockett@spambob.com,306-664-3819
Rhett,Bank,1161 Roger Street,DUNCAN,BC,V9L 1P1,Rhett.M.Bank@dodgit.com,250-709-2369
Reginald,Betts,2750 137th Avenue,EDMONTON,AB,T5J 2Z2,Reginald.J.Betts@trashymail.com,780-709-4956
Grace,Maillet,233 Russell Avenue,WHITE ROCK,BC,V4B 3E1,Grace.G.Maillet@pookmail.com,604-542-1694
Rachel,Huddle,1257 Bay Street,TORONTO,ON,M5J 2R8,Rachel.C.Huddle@trashymail.com,416-732-5832
Josh,Walker,4372 Gateway Blvd,EDMONTON,AB,T6H 1J5,Josh.R.Walker@spambob.com,780-434-0276
Jack,Eads,4279 Albert Street,ST THOMAS,ON,N5R 3R5,Jack.D.Eads@spambob.com,519-633-4753
Danny,Williams,3443 St. Paul Street,ST CATHARINES,ON,L2S 3A1,Danny.M.Williams@spambob.com,905-321-9506
Patsy,Morris,2638 Woodvale Drive,HARRIETSVILLE,ON,N0L 1N0,Patsy.P.Morris@mailinator.com,519-269-4915
Melvin,Lucas,2113 James Street,COCHRANE,ON,P0L 1C0,Melvin.B.Lucas@spambob.com,705-272-7974
Gary,Tran,57 Mill Street,SEAFORTH,ON,N0K 1W0,Gary.J.Tran@trashymail.com,519-522-5185
James,Hatley,3928 Scotts Lane,CHEMAINUS,BC,V0R 1K0,James.L.Hatley@dodgit.com,250-416-7737
Crystal,Newton,102 Ste. Catherine Ouest,MONTREAL,QC,H3K 2C3,Crystal.R.Newton@dodgit.com,514-313-0891
Martha,Peckham,1106 McGill Road,KAMLOOPS,BC,V2C 5R8,Martha.L.Peckham@spambob.com,250-318-6254
Ruth,Bogan,118 Isabella Street,BELLEVILLE,ON,K8N 4Z5,Ruth.T.Bogan@mailinator.com,613-920-4615
Mark,Durand,2779 Pearl Street,STREETSVILLE,ON,L5M 1X2,Mark.C.Durand@spambob.com,905-819-6323
Suzette,Valencia,935 Islington Ave,TORONTO,ON,M9V 2X5,Suzette.G.Valencia@mailinator.com,416-747-2094
Bonnie,Elliott,3752 Victoria Park Ave,TORONTO,ON,M4A 2M5,Bonnie.M.Elliott@trashymail.com,416-680-8822
Alan,Lopez,2372 Robson St,VANCOUVER,BC,V6B 3K9,Alan.V.Lopez@dodgit.com,604-664-5580
Linda,Jewell,106 Richmond Street,OSHAWA,ON,S4P 3Y2,Linda.S.Jewell@dodgit.com,905-438-6612
Jennifer,Boggs,2919 rue Garneau,QUEBEC,QC,G1V 3V5,Jennifer.W.Boggs@mailinator.com,418-655-6219
James,Carmona,2935 Cordova Street,VANCOUVER,BC,V6B 1E1,James.D.Carmona@mailinator.com,778-288-1826
Daniel,Doyle,3681 St. John Street,CLIMAX,SK,S4P 3Y2,Daniel.C.Doyle@dodgit.com,306-293-8084
Erica,Hylton,2662 184th Street,EDMONTON,AB,T5J 2R4,Erica.J.Hylton@pookmail.com,780-977-9922
Willy,Dillon,3830 Whitmore Road,WOODBRIDGE,ON,L0L 0L0,Willy.M.Dillon@trashymail.com,905-856-0465
Sherri,Mutchler,4873 Tycos Dr,TORONTO,ON,M5T 1T4,Sherri.F.Mutchler@pookmail.com,416-215-9384
Melanie,Johnson,1688 Adelaide St,TORONTO,ON,M5H 1P6,Melanie.J.Johnson@pookmail.com,416-775-0649
Jamie,Cole,716 Playfair Avenue,TORONTO,ON,M4J 3S3,Jamie.D.Cole@mailinator.com,416-421-2343
Alexandra,Dunleavy,1478 Kinchant St,BOUCHIE LAKE,BC,V2J 3H7,Alexandra.T.Dunleavy@trashymail.com,250-249-3058
Elizabeth,Roberts,2088 Boulevard Ste-Geneviève,CHICOUTIMI,QC,G7H 5B1,Elizabeth.C.Roberts@spambob.com,418-550-2571
Leif,Roehl,1987 Eglinton Avenue,TORONTO,ON,M4P 1A6,Leif.R.Roehl@mailinator.com,647-988-7651
Michael,Martin,1908 Old Spallumcheen Rd,HOPE,BC,V0X 1L0,Michael.V.Martin@spambob.com,604-860-6135
Jessica,Mott,831 Calgary Avenue,PENTICTON,BC,V2A 2T6,Jessica.B.Mott@pookmail.com,250-809-4637
Deborah,Youngblood,4484 Brant Ave,ASSUMPTION,AB,T1T 1T1,Deborah.P.Youngblood@pookmail.com,780-321-6036
Wilburn,Gamble,3617 rue Saint-Édouard,TROIS RIVIERES,QC,G9A 5S8,Wilburn.J.Gamble@mailinator.com,819-376-5006
Elizabeth,Bryant,3283 Halsey Avenue,TORONTO,ON,M3B 2W6,Elizabeth.D.Bryant@trashymail.com,416-382-4171
Kenneth,Waggoner,2324 Heritage Drive,CALGARY,AB,T2V 2W2,Kenneth.L.Waggoner@mailinator.com,403-692-1030
Dawn,Adams,2666 Nelson Street,DORION,ON,P0T 1K0,Dawn.J.Adams@spambob.com,807-857-0548
Patrick,Ledesma,2848 Harvest Moon Dr,UNIONVILLE,ON,L3R 0L7,Patrick.J.Ledesma@trashymail.com,905-475-1279
Jean,Johnson,2414 Lockhart Drive,BARRIE,ON,L4M 3B1,Jean.D.Johnson@trashymail.com,705-715-5135
Robert,Hale,234 St Jean Baptiste St,ST CAMILLE DE BELLECHASSE,QC,G0R 2S0,Robert.B.Hale@trashymail.com,418-595-5194
Silvia,Raabe,183 Silver Springs Blvd,CALGARY,AB,T3E 0K6,Silvia.J.Raabe@dodgit.com,403-246-2903
Lillian,Harris,2186 rue des Églises Est,LUSKVILLE,QC,J0X 2G0,Lillian.S.Harris@dodgit.com,819-455-3824
George,Estrada,3209 137th Avenue,EDMONTON,AB,T5C 2L2,George.E.Estrada@dodgit.com,780-456-7409
Raphael,Kays,3118 Islington Ave,TORONTO,ON,M8V 3B6,Raphael.P.Kays@trashymail.com,647-224-5519
Charles,Loiselle,2393 Derry Rd,MALTON,ON,L4T 1A8,Charles.J.Loiselle@mailinator.com,905-673-7321
Melissa,Terry,4300 Eglinton Avenue,TORONTO,ON,M4P 1A6,Melissa.T.Terry@pookmail.com,416-230-6276
Forest,Spriggs,4723 Rose Street,REGINA,SK,S4P 3Y2,Forest.A.Spriggs@pookmail.com,306-924-8789
Krystal,Newman,1669 rue Saint-Antoine,GRANBY,QC,J2H 2H5,Krystal.S.Newman@spambob.com,450-522-8550
Michael,Tyson,3160 Yonge Street,TORONTO,ON,M4W 1J7,Michael.S.Tyson@spambob.com,416-543-2178
Margaret,Moreno,4439 Orenda Rd,BRAMPTON,ON,L6W 1Z2,Margaret.N.Moreno@dodgit.com,905-454-4404
Nancy,Jenkins,3418 Victoria Park Ave,TORONTO,ON,M4A 2M5,Nancy.N.Jenkins@mailinator.com,416-757-4871
Norman,Pugh,4728 11th Ave,CALGARY,AB,T2P 1M6,Norman.P.Pugh@pookmail.com,403-645-2444
Tamara,Slinkard,1838 Carlson Road,PRINCE GEORGE,BC,V2L 5E5,Tamara.V.Slinkard@spambob.com,250-565-2324
Sandra,Fowler,3639 Gateway Blvd,EDMONTON,AB,T6H 1J5,Sandra.K.Fowler@dodgit.com,780-434-2773
Myrtis,Delarosa,1248 Roger Street,COURTENAY,BC,V9N 2J6,Myrtis.D.Delarosa@mailinator.com,250-898-3852
Eric,Emerson,3436 Wascana Parkway,REGINA,SK,S4S 2R3,Eric.R.Emerson@trashymail.com,306-352-5512
Linda,Brown,2995 99th St,GRANDE PRAIRIE,AB,T8V 0S1,Linda.M.Brown@mailinator.com,780-831-4625
John,Small,1594 Port Washington Road,CANMORE,AB,T0L 0M0,John.J.Small@dodgit.com,403-678-4795
Elizabeth,Sears,3512 rue Fournier,ST JEROME,QC,J7Z 5J7,Elizabeth.M.Sears@spambob.com,450-275-1374
Lois,York,822 Sheppard Ave,TORONTO,ON,M1S 1T4,Lois.S.York@mailinator.com,416-677-2749
Samuel,Bartlett,3529 St. Paul Street,NIAGARA FALLS,ON,L2E 4E6,Samuel.A.Bartlett@dodgit.com,905-353-3729
Dianne,Goodman,3974 Keith Road,NORTH VANCOUVER,BC,V5T 2C1,Dianne.P.Goodman@trashymail.com,604-987-3647
Quentin,Rice,1866 rue Fournier,MIRABEL,QC,J7J 1S5,Quentin.J.Rice@mailinator.com,450-476-7495
Jennifer,Elizondo,72 Eglinton Avenue,TORONTO,ON,M4P 1A6,Jennifer.M.Elizondo@pookmail.com,416-483-7333
Gary,Lawson,3022 Hastings Street,VANCOUVER,BC,V6C 1B4,Gary.V.Lawson@mailinator.com,778-882-4170
Frances,Kopp,2534 Sheppard Ave,TORONTO,ON,M1S 1T4,Frances.J.Kopp@trashymail.com,416-329-1327
Jennifer,Morrison,857 Scotts Lane,TOFINO,BC,V0R 2Z0,Jennifer.J.Morrison@dodgit.com,250-670-0895
Brian,Barber,4272 Eglinton Avenue,TORONTO,ON,M4P 1A6,Brian.S.Barber@mailinator.com,416-725-9601
Rebecca,Feldt,3973 rue des Églises Est,NOTRE DAME DU LAUS,QC,J0X 2M0,Rebecca.W.Feldt@spambob.com,819-767-4021
Herman,Tate,2977 Noble Rd,CORTES ISLAND,BC,V0P 1T0,Herman.K.Tate@spambob.com,250-935-3595
Mamie,Black,4476 rue Garneau,QUEBEC,QC,G1V 3V5,Mamie.N.Black@trashymail.com,418-570-6255
Jane,Blackwell,327 Playfair Avenue,TORONTO,ON,M4J 3S3,Jane.C.Blackwell@mailinator.com,416-424-3776
Eric,Lindner,896 Lynden Road,BRECHIN,ON,L0K 1B0,Eric.N.Lindner@dodgit.com,705-484-3524
Scott,Roberts,1933 Adelaide St,TORONTO,ON,M5H 1P6,Scott.E.Roberts@trashymail.com,416-874-9921
Cecile,Hoffman,2599 Whitmore Road,FORT ERIE,ON,L0L 0L0,Cecile.R.Hoffman@trashymail.com,905-994-4516
Rosetta,Norrell,2359 Albert Street,HAZLET,SK,S4P 3Y2,Rosetta.R.Norrell@spambob.com,306-678-4844
Gail,Brown,4177 47th Avenue,HAINES JUNCTION,NT,Y0B 1L0,Gail.D.Brown@trashymail.com,867-634-4004
Shantel,Hayes,3201 rue Saint-Antoine,GRANBY,QC,J2G 4W7,Shantel.S.Hayes@spambob.com,450-830-7842
Constance,Binkley,1892 rue Saint-Antoine,ST HYACINTHE,QC,J2S 1H3,Constance.L.Binkley@spambob.com,450-518-9764
Leo,King,919 Heritage Drive,CALGARY,AB,T2V 2W2,Leo.B.King@pookmail.com,403-669-8292
Edwin,Carbajal,3486 Dominion St,MAXVILLE,ON,K0C 1T0,Edwin.R.Carbajal@dodgit.com,613-527-9589
Martha,Sykes,3712 Wellington Street,TORONTO,ON,M9C 3J5,Martha.J.Sykes@spambob.com,905-206-9115
Marilyn,Maxwell,426 rue Saint-Charles,LONGUEUIL,QC,J4H 1M3,Marilyn.R.Maxwell@spambob.com,450-647-0372
Lorena,Becker,2575 Eglinton Avenue,TORONTO,ON,M4P 1A6,Lorena.B.Becker@dodgit.com,416-400-3641
Viola,Norton,296 Rue King,SHERBROOKE,QC,J1H 1R4,Viola.L.Norton@mailinator.com,819-346-1524
Megan,Mcninch,4275 Wascana Parkway,REGINA,SK,S4S 2R3,Megan.S.Mcninch@dodgit.com,306-751-4919
William,Winsor,763 Manitoba Street,NORTH BAY,ON,P1B 2Y8,William.M.Winsor@spambob.com,705-223-2689
Timothy,Craig,3569 Brook St,NEWCOMBVILLE,NS,B4V 2V8,Timothy.K.Craig@trashymail.com,902-529-9235
Raphael,Osborne,3673 3rd Avenue,LETHBRIDGE,AB,T1J 0J9,Raphael.P.Osborne@pookmail.com,403-635-2398
Corey,Neil,3900 rue des Champs,CHICOUTIMI,QC,G7H 4N3,Corey.B.Neil@pookmail.com,418-696-9638
Cynthia,Andrews,4387 Fourth Avenue,CALGARY,AB,T2P 0H3,Cynthia.W.Andrews@pookmail.com,403-690-0071
Lyle,Talty,3084 Pape Ave,TORONTO,ON,M4E 2V5,Lyle.M.Talty@trashymail.com,647-881-5567
Lois,Turpen,4846 102nd Avenue,CRANBROOK,BC,V1C 2R9,Lois.A.Turpen@pookmail.com,250-426-6802
Richard,Jenkins,3494 Brand Road,SASKATOON,SK,S7K 1W8,Richard.M.Jenkins@spambob.com,306-374-1429
Rosemary,Roby,1734 Roger Street,NANAIMO,BC,V9T 5H3,Rosemary.B.Roby@trashymail.com,250-618-2007
Micah,Baumgardner,3500 De la Providence Avenue,HULL,QC,J8X 1N5,Micah.L.Baumgardner@pookmail.com,819-483-4060
Teresa,Teixeira,295 Ross Terrasse,ST BASILE,NB,E7C 1A1,Teresa.D.Teixeira@pookmail.com,506-481-7356
Adrian,Wolf,829 184th Street,EDMONTON,AB,T5J 2R4,Adrian.C.Wolf@spambob.com,780-913-1934
Veronica,Harrell,716 49th Avenue,QIKIQTARJUAQ,NT,X0A 0B0,Veronica.T.Harrell@trashymail.com,867-927-4230
Susan,Chappell,1711 Lockhart Drive,BARRIE,ON,L4M 3B1,Susan.R.Chappell@pookmail.com,705-733-2486
Mary,Hess,4522 Halsey Avenue,TORONTO,ON,M3B 2W6,Mary.A.Hess@pookmail.com,647-285-3679
Ronald,Powers,920 47th Avenue,NAMAO,AB,T0A 2N0,Ronald.G.Powers@spambob.com,780-973-2175
Susan,Urban,1773 Galts Ave,RED DEER,AB,T4N 2A6,Susan.P.Urban@mailinator.com,403-506-1050
Eloise,Cody,3849 White Point Road,BARRINGTON,NS,B0W 1E0,Eloise.R.Cody@trashymail.com,902-630-6178
George,Word,4437 Cork St,GUELPH,ON,N1H 2W8,George.B.Word@spambob.com,519-827-6239
Stephen,Wolcott,388 Port Washington Road,CANMORE,AB,T0L 0M0,Stephen.I.Wolcott@trashymail.com,403-678-7513
Suzanne,Whitaker,3818 Hammarskjold Dr,BURNABY,BC,V5B 3C9,Suzanne.P.Whitaker@mailinator.com,604-205-5915
Aurora,Desouza,2138 Wellington Street,TORONTO,ON,M9C 3J5,Aurora.E.Desouza@mailinator.com,905-238-0439
Lisa,Casanova,2773 avenue Royale,QUEBEC,QC,G1E 2L3,Lisa.J.Casanova@mailinator.com,418-806-7709
Willie,Watkins,4171 St. John Street,LLOYDMINSTER,SK,S4P 3Y2,Willie.M.Watkins@trashymail.com,306-603-8572
Leesa,Lindstrom,3949 rue Parc,SHERBROOKE,QC,J1E 3B2,Leesa.M.Lindstrom@spambob.com,819-432-2575
Kristen,Waters,1610 Royal Avenue,NEW WESTMINSTER,BC,V3L 5H1,Kristen.J.Waters@trashymail.com,778-892-7090
Russell,Quigley,3667 James Street,BURNABY,BC,V5G 4W7,Russell.P.Quigley@mailinator.com,604-968-5061
Bette,Perez,4055 St Marys Rd,WINNIPEG,MB,R3C 3N9,Bette.T.Perez@trashymail.com,204-962-9603
Jessie,Harris,4563 Lake City Way,BURNABY,BC,V5A 2Z6,Jessie.L.Harris@pookmail.com,604-619-8780
William,Luck,2452 Victoria Park Ave,TORONTO,ON,M4A 2M5,William.J.Luck@mailinator.com,416-701-6427
Billy,Torres,3096 chemin Hudson,MONTREAL,QC,H4J 1M9,Billy.V.Torres@pookmail.com,514-291-3232
Russell,Kight,1962 Kinchant St,PORT ALBERNI,BC,V2L 3N1,Russell.J.Kight@pookmail.com,250-735-3780
Kathleen,Sliva,4538 Paradise Crescent,HAUTERIVE,QC,G5C 1M1,Kathleen.G.Sliva@mailinator.com,418-567-4479
Marnie,Higgins,4721 Nelson Street,EAR FALLS,ON,P0V 1T0,Marnie.J.Higgins@mailinator.com,807-222-5318
Janice,Lambeth,4311 40th Street,CALGARY,AB,T2P 4L4,Janice.D.Lambeth@dodgit.com,403-667-8623
Catherine,Healey,2191 Tycos Dr,TORONTO,ON,M5T 1T4,Catherine.D.Healey@pookmail.com,416-581-0255
Mark,Young,4102 A Avenue,EDMONTON,AB,T5J 0K7,Mark.D.Young@dodgit.com,780-493-5715
Carmine,Johnson,3337 Fallon Drive,BRUSSELS,ON,N0G 1H0,Carmine.B.Johnson@pookmail.com,519-887-3902
Charlie,Cash,2751 Eglinton Avenue,TORONTO,ON,M4P 1A6,Charlie.M.Cash@pookmail.com,416-602-7235
Christy,Dunn,1747 River Street,CAMLACHIE,ON,N0N 1E0,Christy.F.Dunn@dodgit.com,519-899-0566
Armando,Shuster,2380 A Avenue,EDMONTON,AB,T5J 0K7,Armando.E.Shuster@mailinator.com,780-401-7897
Marguerite,Whitney,3840 Queen Elisabeth Blvd,KINISTINO,SK,S4P 3Y2,Marguerite.B.Whitney@dodgit.com,306-864-0230
Christina,Wilson,178 rue Levy,MONTREAL,QC,H3C 5K4,Christina.J.Wilson@dodgit.com,514-918-5178
Kayla,Brown,3874 Kinchant St,CHILLIWACK,BC,V2P 2S6,Kayla.R.Brown@pookmail.com,604-799-2196
Clara,Hardiman,2874 MacLaren Street,OTTAWA,ON,K1P 5M7,Clara.W.Hardiman@trashymail.com,613-565-6855
Antonio,Hicks,4758 MacLaren Street,OTTAWA,ON,K1P 5M7,Antonio.C.Hicks@mailinator.com,613-593-1657
Robert,Samuels,3803 Rogers Road,TORONTO,ON,M6E 1R1,Robert.B.Samuels@pookmail.com,416-654-9563
Brian,Martinez,905 Carlson Road,PRINCE GEORGE,BC,V2L 5E5,Brian.B.Martinez@dodgit.com,250-612-5901
Phyllis,Miller,119 rue des Églises Est,ROLLET,QC,J0Z 3J0,Phyllis.C.Miller@trashymail.com,819-493-5971
Chris,Munoz,195 Silver Springs Blvd,CALGARY,AB,T3E 0K6,Chris.N.Munoz@spambob.com,403-685-4292
Darren,Arndt,3600 Reserve St,HARROWSMITH,ON,K0H 1V0,Darren.A.Arndt@mailinator.com,613-376-0012
Bradley,Jackson,850 Tycos Dr,TORONTO,ON,M5T 1T4,Bradley.V.Jackson@dodgit.com,416-946-0247
Joseph,Scheid,1337 40th Street,CALGARY,AB,T2A 1C8,Joseph.B.Scheid@pookmail.com,403-248-2302
Timothy,Shealy,3011 Bloor Street,FORESTBURG,AB,T0B 1N0,Timothy.C.Shealy@pookmail.com,780-582-8252
Sarah,Hunter,3130 5th Avenue,FALHER,AB,T0H 1M0,Sarah.J.Hunter@trashymail.com,780-837-4669
Elizabeth,Pepper,2637 Eglinton Avenue,TORONTO,ON,M4P 1A6,Elizabeth.E.Pepper@mailinator.com,416-481-6099
Sheryl,Sealey,554 Glover Road,LANGLEY,BC,V3A 4P6,Sheryl.B.Sealey@pookmail.com,604-613-5536
Edith,Thibeault,3128 Bloor Street,CZAR,AB,T0B 0Z0,Edith.D.Thibeault@trashymail.com,780-857-5455
Jennifer,Davis,1149 Birkett Lane,BRANTFORD,ON,N3T 2Z8,Jennifer.J.Davis@spambob.com,519-758-5037
Richard,Hester,2665 Wallbridge Loyalist Rd,BELLEVILLE,ON,K8N 1L9,Richard.C.Hester@mailinator.com,613-885-3040
Deanna,Okamoto,2513 2nd Street,FRASERWOOD,MB,R0C 1A0,Deanna.T.Okamoto@dodgit.com,204-643-7570
Mary,Griffin,1495 2nd Street,LORETTE,MB,R0A 0Y0,Mary.B.Griffin@spambob.com,204-961-4643
Carey,Isbell,612 Lauzon Parkway,AMHERSTBURG,ON,N9V 2V1,Carey.A.Isbell@trashymail.com,519-736-9417
Gail,Padilla,4273 Port Washington Road,BURDETT,AB,T0K 0J0,Gail.M.Padilla@spambob.com,403-833-3175
Roy,Williams,2755 Nelson Street,ATIKOKAN,ON,P0T 1C0,Roy.M.Williams@mailinator.com,807-597-1235
Travis,Turner,4525 Brew Creek Rd,PEMBERTON,BC,V0N 2L0,Travis.A.Turner@dodgit.com,604-894-0480
Lawrence,Helton,4602 Campsite Road,SPRUCE GROVE,AB,T7X 2Y8,Lawrence.C.Helton@spambob.com,780-960-0436
Robert,Humphrey,785 rue des Champs,CHICOUTIMI,QC,G7H 4N3,Robert.D.Humphrey@spambob.com,418-592-2190
Milton,Burton,3689 chemin Georges,RAWDON,QC,J0K 1S0,Milton.K.Burton@mailinator.com,450-834-5004
Stephen,Mora,1140 Hamilton Street,EYEBROW,SK,S4P 3Y2,Stephen.W.Mora@trashymail.com,306-759-0150
Kimberly,Winslow,2358 St Jean Baptiste St,HEBERTVILLE STATION,QC,G0W 1T0,Kimberly.S.Winslow@spambob.com,418-343-4952
Frances,Winters,709 Port Washington Road,OKOTOKS,AB,T0L 0T0,Frances.N.Winters@dodgit.com,403-938-5110
Mary,Watson,3140 Victoria Park Ave,TORONTO,ON,M2J 3T7,Mary.C.Watson@pookmail.com,416-494-8764
Mary,Smith,1169 Central Pkwy,PORT CREDIT,ON,L5G 1K2,Mary.N.Smith@mailinator.com,905-278-7466
William,Phillips,425 Harvest Moon Dr,UNIONVILLE,ON,L3R 0L7,William.K.Phillips@spambob.com,905-944-3022
Kara,Martin,4629 Reserve St,GOODERHAM,ON,K0M 1R0,Kara.D.Martin@trashymail.com,705-447-7715
Louise,Winfield,3595 Bay Street,TORONTO,ON,M5J 2R8,Louise.F.Winfield@pookmail.com,416-877-4047
Maudie,Luna,4058 Burdett Avenue,VICTORIA,BC,V8W 1B2,Maudie.P.Luna@spambob.com,250-217-4500
Thomas,Hensley,2148 chemin Hudson,MONTREAL,QC,H4J 1M9,Thomas.E.Hensley@mailinator.com,514-265-1294
Ronald,Walker,864 rue Principale,MONT LAURIER,QC,J9L 2H9,Ronald.R.Walker@pookmail.com,819-623-9873
Geraldine,Womack,3834 Kinchant St,KAMLOOPS,BC,V2B 3J5,Geraldine.P.Womack@trashymail.com,250-312-3341
Gregory,Rothermel,564 Barton Street,STONEY CREEK,ON,L8G 2V1,Gregory.D.Rothermel@dodgit.com,905-578-7463
Tod,Emmer,1688 Holdom Avenue,SURREY,BC,V3T 4Y5,Tod.B.Emmer@pookmail.com,604-953-0994
Larry,Montenegro,2100 Roger Street,COMOX,BC,V9N 5N1,Larry.N.Montenegro@trashymail.com,250-339-2244
Dorothy,Wallace,4008 Wyecroft Road,BURLINGTON,ON,L7P 2S9,Dorothy.T.Wallace@trashymail.com,905-336-3254
Ginger,Piper,94 49th Avenue,REPULSE BAY,NT,X0C 0H0,Ginger.J.Piper@pookmail.com,867-462-7508
Ronald,Barr,2031 René-Lévesque Blvd,MONTREAL,QC,H3B 4W8,Ronald.J.Barr@pookmail.com,514-967-8976
John,Vice,3966 St. John Street,LA RONGE,SK,S4P 3Y2,John.B.Vice@mailinator.com,306-425-7735
Margaret,Ayala,1058 Riedel Street,FORT MCMURRAY,AB,T9H 3J9,Margaret.M.Ayala@pookmail.com,780-713-0637
Sallie,Lorenzo,616 Front Street,TORONTO,ON,M5J 2N1,Sallie.R.Lorenzo@pookmail.com,416-816-7433
Philip,Lay,4418 102nd Avenue,FORT ST JOHN,BC,V1J 3Y7,Philip.C.Lay@dodgit.com,250-263-7148
Robert,Jordan,840 184th Street,EDMONTON,AB,T5J 2R4,Robert.S.Jordan@pookmail.com,780-975-7502
Malvina,Morrow,3939 Wellington Street,TORONTO,ON,M9C 3J5,Malvina.J.Morrow@spambob.com,905-602-9248
Marie,Ryan,4757 René-Lévesque Blvd,MONTREAL,QC,H3B 4W8,Marie.A.Ryan@trashymail.com,514-690-2951
Johnnie,Henry,1060 Lauzon Parkway,WINDSOR,ON,N9A 7A2,Johnnie.A.Henry@mailinator.com,519-980-1525
Meredith,Meade,1416 Carling Avenue,OTTAWA,ON,K1Z 7B5,Meredith.J.Meade@spambob.com,613-294-7839
Anna,Burkholder,1394 St Jean Baptiste St,STE ROSE DE WATFORD,QC,G0R 4G0,Anna.T.Burkholder@pookmail.com,418-267-5631
Paul,Duncan,4279 Brand Road,SASKATOON,SK,S7K 1W8,Paul.K.Duncan@dodgit.com,306-221-9791
Steven,Widener,3025 Brant Ave,FLOWERS COVE,NL,T1T 1T1,Steven.L.Widener@spambob.com,709-456-7457
Ronald,Brickley,3983 Eglinton Avenue,TORONTO,ON,M4P 1A6,Ronald.D.Brickley@dodgit.com,416-500-6773
Dorothy,Johnson,4444 MacLaren Street,OTTAWA,ON,K1P 5M7,Dorothy.J.Johnson@mailinator.com,613-232-0349
Gina,Williams,385 rue Parc,SHERBROOKE,QC,J1H 1R6,Gina.R.Williams@mailinator.com,819-570-9021
Laura,Lee,1746 avenue Royale,QUEBEC,QC,G1E 2L3,Laura.J.Lee@spambob.com,418-997-0906
Benjamin,Duhon,4069 Saint-Denis Street,MONTREAL,QC,H9R 3J4,Benjamin.D.Duhon@trashymail.com,514-693-1190
Kenneth,Morrison,2893 Birkett Lane,BRANTFORD,ON,N3T 2Z8,Kenneth.E.Morrison@pookmail.com,519-865-4334
Gloria,Forte,3997 Pape Ave,TORONTO,ON,M4E 2V5,Gloria.R.Forte@spambob.com,416-799-7009
Susanna,Mcnary,4466 Keith Road,NORTH VANCOUVER,BC,V5T 2C1,Susanna.W.Mcnary@mailinator.com,604-903-9650
Roger,Boatright,564 Pearl Street,STREETSVILLE,ON,L5M 1X2,Roger.B.Boatright@trashymail.com,905-363-5406
Darryl,Cole,4690 Jasper Ave,EDMONTON,AB,T5J 3N6,Darryl.M.Cole@spambob.com,780-993-3587
Byron,Hansen,1544 James Street,PORT ROWAN,ON,N0E 1M0,Byron.J.Hansen@trashymail.com,519-586-6244
Shirley,Williams,4839 Blanshard,VICTORIA,BC,V8W 2H9,Shirley.D.Williams@mailinator.com,250-230-5253
Ruth,Jones,3222 Gorham Street,LONDON,ON,N0N 0N0,Ruth.V.Jones@spambob.com,519-643-1407
Thomas,Roland,4244 Hardy Street,KELOWNA,BC,V1Y 8H2,Thomas.N.Roland@dodgit.com,250-878-9873
Natalie,Pegram,2995 De L'Acadie Boul,MONTREAL,QC,H4N 3C5,Natalie.L.Pegram@mailinator.com,514-233-7561
Julius,Williams,2902 Mt Edward Rd,CHARLOTTETOWN,NS,C1A 5T1,Julius.T.Williams@mailinator.com,902-367-9703
Kurt,Maple,149 Seguin Street,PARRY SOUND,ON,P2A 1W8,Kurt.B.Maple@dodgit.com,705-773-9422
Dana,Hendricks,3763 rue des Églises Est,BEAUCANTON,QC,J0Z 1H0,Dana.C.Hendricks@mailinator.com,819-941-6860
David,Raap,3220 Royal Avenue,NEW WESTMINSTER,BC,V3L 5H1,David.E.Raap@trashymail.com,778-893-9295
Jeremy,Ray,2360 Front Street,PICTOU,NS,B0K 1H0,Jeremy.H.Ray@dodgit.com,902-382-1285
Marta,Ingraham,4273 Glover Road,FORT LANGLEY,BC,V3A 6X5,Marta.E.Ingraham@trashymail.com,604-455-6078
Stella,Maddy,616 Bridgeport Rd,MILTON,ON,L9T 1P4,Stella.M.Maddy@dodgit.com,905-693-9536
Debra,Broussard,1724 184th Street,EDMONTON,AB,T5J 2R4,Debra.A.Broussard@dodgit.com,780-722-9072
Paul,Dahlquist,3279 Derry Rd,MALTON,ON,L4T 1A8,Paul.B.Dahlquist@dodgit.com,905-694-0930
Ellen,Myrick,3281 184th Street,EDMONTON,AB,T5J 2R4,Ellen.C.Myrick@spambob.com,780-915-0963
Earl,Duncan,3638 Granville St,HALIFAX,NS,B3K 1N7,Earl.C.Duncan@dodgit.com,902-880-3502
Dorothy,Elliott,1597 MacLaren Street,OTTAWA,ON,K1P 5M7,Dorothy.J.Elliott@mailinator.com,613-992-3505
Peter,Mason,1505 chemin Hudson,MONTREAL,QC,H4J 1M9,Peter.A.Mason@spambob.com,514-883-7493
Walter,Helland,1093 St Jean Baptiste St,CHAPAIS,QC,G0W 1H0,Walter.H.Helland@trashymail.com,418-745-4071
Don,Rothman,2897 Haaglund Rd,WINFIELD,BC,V0H 2C0,Don.L.Rothman@spambob.com,250-766-9189
Melvin,Creekmore,1942 rue des Champs,CHICOUTIMI,QC,G7H 4N3,Melvin.E.Creekmore@mailinator.com,418-690-9865
Candice,Nelson,3278 Gateway Blvd,EDMONTON,AB,T6H 1J5,Candice.T.Nelson@pookmail.com,780-436-7880
Ronald,Castellanos,417 Fallon Drive,HENSALL,ON,N0M 1X0,Ronald.J.Castellanos@trashymail.com,519-263-4646
Susan,Novak,2013 Islington Ave,TORONTO,ON,M8V 3B6,Susan.A.Novak@dodgit.com,647-224-8677
Gordon,Vang,4068 Halsey Avenue,TORONTO,ON,M3B 2W6,Gordon.P.Vang@pookmail.com,416-370-4531
Robert,Wise,4023 Blind Bay Road,VAVENBY,BC,V0E 3A0,Robert.D.Wise@trashymail.com,250-676-2035
Carla,Kammer,366 rue Saint-Antoine,GRANBY,QC,J2H 2H5,Carla.J.Kammer@spambob.com,450-525-7181
Jermaine,Bryer,2573 Silver Springs Blvd,CALGARY,AB,T3B 2C3,Jermaine.A.Bryer@spambob.com,403-247-8266
Kathleen,Obrien,3114 Bloor Street,LAVOY,AB,T0B 2S0,Kathleen.J.Obrien@dodgit.com,780-658-5970
Sara,Bennett,4509 Bank St,OTTAWA,ON,K1H 7Z1,Sara.J.Bennett@pookmail.com,613-731-8872
Charles,Hardesty,2454 Duke Street,MONTREAL,QC,H3C 5K4,Charles.L.Hardesty@pookmail.com,514-206-1727
John,Griffin,4940 Fallon Drive,HARRISTON,ON,N0G 1Z0,John.C.Griffin@pookmail.com,519-338-7894
Richard,King,3220 Silver St,HAILEYBURY,ON,P0J 1K0,Richard.I.King@trashymail.com,705-672-2370
Seth,Bice,969 Northumberland Street,ST CLEMENTS,ON,N0B 2M0,Seth.E.Bice@mailinator.com,519-699-3145
Lolita,Riddick,2799 Bridgeport Rd,MILTON,ON,L9T 1P4,Lolita.J.Riddick@spambob.com,905-864-9150
Margaret,Arenas,979 Nelson Street,BEARDMORE,ON,P0T 1G0,Margaret.D.Arenas@pookmail.com,807-875-9609
Jessica,Mccoy,3932 Central Pkwy,PORT CREDIT,ON,L5G 1K2,Jessica.R.Mccoy@mailinator.com,905-891-0905
Judith,Burdick,4709 Pitfield Blvd,LAVAL,QC,H7A 4B7,Judith.D.Burdick@mailinator.com,450-666-4142
Sherilyn,Sherman,928 St. John Street,CADILLAC,SK,S4P 3Y2,Sherilyn.M.Sherman@spambob.com,306-785-6513
Linda,Barratt,3955 Embro St,BRIGHT,ON,N0J 1B0,Linda.F.Barratt@pookmail.com,519-454-6316
Greg,Kearse,1667 47th Avenue,THORHILD,AB,T0A 3J0,Greg.K.Kearse@dodgit.com,780-398-8260
Robin,Collis,3842 rue des Églises Est,BROWNSBURG,QC,J0V 1A0,Robin.D.Collis@pookmail.com,450-533-9912
Dorothy,Adams,1116 Brant Ave,BEAR CANYON,AB,T1T 1T1,Dorothy.D.Adams@dodgit.com,780-595-9483
Samuel,Reyes,414 40th Street,CALGARY,AB,T2K 0P7,Samuel.C.Reyes@mailinator.com,403-295-7865
Kerri,Johnson,2338 Leslie Street,NEWMARKET,ON,L3Y 2A3,Kerri.M.Johnson@spambob.com,905-868-9516
Marion,Stanton,2161 Runnymede Rd,TORONTO,ON,M6S 2Z7,Marion.D.Stanton@spambob.com,416-763-9491
Rhonda,Holloway,4663 Lyons Avenue,BRANTFORD,ON,N3R 7W5,Rhonda.W.Holloway@pookmail.com,519-755-0946
Elizabeth,Noel,4160 Water Street,KITCHENER,ON,N2H 5A5,Elizabeth.N.Noel@mailinator.com,519-585-9385
Vivian,Bradburn,4974 Rue De La Gare,ALMA,QC,G8B 2W5,Vivian.C.Bradburn@dodgit.com,418-719-1875
Beverly,Aleman,4372 Bridgeport Rd,HAMILTON,ON,L9A 4V3,Beverly.N.Aleman@dodgit.com,905-383-5107
James,Doyle,1724 Manitoba Street,BRACEBRIDGE,ON,P1L 2B7,James.L.Doyle@dodgit.com,705-765-0886
Brice,Tomczak,2621 Reserve St,WOLFE ISLAND,ON,K0H 2Y0,Brice.J.Tomczak@trashymail.com,613-385-5715
Robert,Hedges,12 Boulevard Laflèche,ST GEORGES,QC,G5Y 1X7,Robert.K.Hedges@spambob.com,418-222-7906
Helen,Bullock,681 Cordova Street,VANCOUVER,BC,V6B 1E1,Helen.L.Bullock@spambob.com,604-417-9004
Jeffrey,Dye,3824 rue Parc,SHERBROOKE,QC,J1H 1R6,Jeffrey.R.Dye@pookmail.com,819-571-7507
Elaine,Towner,1997 No. 3 Road,RICHMOND,BC,V6X 2B8,Elaine.H.Towner@trashymail.com,604-244-8182
Margaret,Clifton,570 Jasper Ave,EDMONTON,AB,T5J 3N6,Margaret.J.Clifton@mailinator.com,780-904-0408
Grace,Parrish,3689 Dundas St,TORONTO,ON,M2N 2G8,Grace.L.Parrish@spambob.com,416-225-2221
Maria,Ingle,2913 99th St,GRANDE PRAIRIE,AB,T8V 0S1,Maria.A.Ingle@dodgit.com,780-518-4390
Chelsea,Nolan,1312 Pitfield Blvd,DOLLARD DES ORMEAUX,QC,H9B 1R2,Chelsea.R.Nolan@trashymail.com,514-752-6018
Robert,Holmes,3124 Isabella Street,PEMBROKE,ON,K8A 5S5,Robert.M.Holmes@mailinator.com,613-735-6601
Jessica,Wilson,1787 St. John Street,CHURCHBRIDGE,SK,S4P 3Y2,Jessica.J.Wilson@mailinator.com,306-896-3527
Donna,Dameron,4236 Burdett Avenue,VICTORIA,BC,V8W IE9,Donna.G.Dameron@pookmail.com,250-412-6624
Donald,Hill,3083 rue Levy,MONTREAL,QC,H3C 5K4,Donald.D.Hill@spambob.com,514-704-9583
Amy,Saladin,51 Albert Street,HARRIS,SK,S4P 3Y2,Amy.N.Saladin@trashymail.com,306-656-4762
Melissa,Lilley,1415 St. John Street,CREIGHTON,SK,S4P 3Y2,Melissa.J.Lilley@dodgit.com,306-688-8282
Larry,Wilson,4128 St. John Street,BETHUNE,SK,S4P 3Y2,Larry.S.Wilson@spambob.com,306-638-3616
Jennifer,Simpson,158 Eglinton Avenue,TORONTO,ON,M4P 1A6,Jennifer.D.Simpson@trashymail.com,416-484-1221
Diane,Jacobs,3183 Pitfield Blvd,LAVAL,QC,H7P 2C7,Diane.R.Jacobs@mailinator.com,450-627-2319
Justin,Carpenter,3413 Pitfield Blvd,PONT VIAU,QC,H7G 1P9,Justin.G.Carpenter@pookmail.com,450-981-7835
Mariam,Norris,1205 Kennedy Rd,LINDSAY,ON,K9V 4A4,Mariam.J.Norris@trashymail.com,705-324-7199
Jessica,Williamson,4270 Queens Bay,GENELLE,BC,V0G 1G0,Jessica.K.Williamson@dodgit.com,250-693-3791
Jennifer,Davis,2218 St-Jacques Est,PRINCEVILLE,QC,G6L 4X7,Jennifer.M.Davis@spambob.com,819-364-5682
Rebecca,Joyce,4085 Tolmie St,VANCOUVER,BC,V6M 1Y8,Rebecca.J.Joyce@mailinator.com,604-266-6458
John,Pierson,1947 James Street,ALDERGROVE,BC,V5W 3P7,John.G.Pierson@pookmail.com,604-607-3207
Joseph,Busby,4535 Bridgeport Rd,ALLISTON,ON,L9R 1H4,Joseph.A.Busby@mailinator.com,705-435-5238
Ronald,Hardeman,1445 Priddis Greens Drive,PRIDDIS,AB,T0L 1W0,Ronald.N.Hardeman@mailinator.com,403-931-2913
Leslie,Baer,1537 Reserve St,HARROWSMITH,ON,K0H 1V0,Leslie.J.Baer@spambob.com,613-376-8869
Kenneth,Shaffer,1480 Paradise Crescent,HAUTERIVE,QC,G5C 1M1,Kenneth.D.Shaffer@mailinator.com,418-939-1886
Jaimie,Herman,1936 Reserve St,ELGIN,ON,K0G 1E0,Jaimie.D.Herman@trashymail.com,613-359-3032
Lee,Jones,1712 St Jean Baptiste St,STE ROSE DE WATFORD,QC,G0R 4G0,Lee.M.Jones@pookmail.com,418-267-3130
Eunice,Cooper,1298 Woodvale Drive,DUTTON,ON,N0L 1J0,Eunice.M.Cooper@spambob.com,519-762-1771
Ann,Miller,789 Northumberland Street,ST JACOBS,ON,N0B 2N0,Ann.R.Miller@spambob.com,519-664-6112
Kathryn,Harris,4675 Glover Road,COQUITLAM,BC,V3J 4S1,Kathryn.J.Harris@mailinator.com,604-937-8868
Michael,Hinkle,922 Horner Ave,TORONTO,ON,M8W 4Y4,Michael.E.Hinkle@spambob.com,416-840-1053
Michael,Lin,2498 5th Avenue,VALLEYVIEW,AB,T0H 3N0,Michael.D.Lin@dodgit.com,780-552-0605
Sandra,Regan,1565 Bellwood Acres Rd,BURK'S FALLS,ON,P0A 1C0,Sandra.R.Regan@mailinator.com,705-382-4764
Daniel,Brown,4174 Victoria Park Ave,TORONTO,ON,M4A 2M5,Daniel.B.Brown@spambob.com,416-750-9813
Carlos,Smith,4371 Cassells St,NORTH BAY,ON,P1B 2Y7,Carlos.A.Smith@pookmail.com,705-763-4836
Wanda,Samuel,1997 Rue De La Gare,DOLBEAU,QC,G8L 1C3,Wanda.J.Samuel@mailinator.com,418-239-6137
Jeremiah,Ward,3530 Speers Road,BRAMPTON,ON,L6T 3W9,Jeremiah.S.Ward@pookmail.com,905-791-6793
Michael,Nichols,3971 Lockhart Drive,BARRIE,ON,L4M 3B1,Michael.A.Nichols@spambob.com,705-770-4914
Linda,Davis,1493 De la Providence Avenue,LACHUTE,QC,J8H 2J7,Linda.J.Davis@spambob.com,450-613-5438
Alexander,Horst,4828 Dry Pine Bay Rd,ALBAN,ON,P0M 1A0,Alexander.A.Horst@trashymail.com,705-857-5558
Dorothy,Adkins,777 Robson St,VANCOUVER,BC,V6B 3K9,Dorothy.N.Adkins@trashymail.com,604-669-7621
Susan,Gonzales,3363 A Avenue,EDMONTON,AB,T5J 0K7,Susan.E.Gonzales@spambob.com,780-427-4772
Brandy,Chapman,1820 7th Ave,CALGARY,AB,T2P 0W4,Brandy.H.Chapman@spambob.com,403-292-5162
Susan,Porter,4419 Duke Street,MONTREAL,QC,H3C 5K4,Susan.M.Porter@mailinator.com,514-212-1890
Susan,Reid,4404 Fallon Drive,KINTORE,ON,N0M 2C0,Susan.T.Reid@spambob.com,519-283-6741
Allan,Keel,4047 Wascana Parkway,REGINA,SK,S4S 2R3,Allan.V.Keel@dodgit.com,306-757-4621
Betty,Cozad,1409 Lynden Road,LEFROY,ON,L0L 1W0,Betty.C.Cozad@dodgit.com,705-456-4188
Christopher,Sloan,625 Rose Street,REGINA,SK,S4P 3Y2,Christopher.S.Sloan@trashymail.com,306-924-5237
Walter,Lockett,1858 Nelson Street,KEEWATIN,ON,P0X 1C0,Walter.K.Lockett@dodgit.com,807-547-8432
William,Young,861 Bay Street,TORONTO,ON,M5J 2R8,William.P.Young@pookmail.com,416-858-2506
Richard,Chapman,2083 Wentz Avenue,SASKATOON,SK,S7K 7A9,Richard.K.Chapman@dodgit.com,306-262-5326
Sue,Wiggins,523 Islington Ave,TORONTO,ON,M8V 3B6,Sue.F.Wiggins@trashymail.com,416-251-6339
Eddie,Bonomo,2919 rue Garneau,QUEBEC,QC,G1V 3V5,Eddie.E.Bonomo@pookmail.com,418-931-7727
Mark,Wallis,3877 St-Jerome Street,ST JEROME,QC,S4P 3Y2,Mark.S.Wallis@dodgit.com,450-432-7334
William,Sharpton,2896 Quayside Dr,NEW WESTMINSTER,BC,V3M 6A1,William.J.Sharpton@spambob.com,778-238-9488
Maxine,Bowman,1177 Nelson Street,ATIKOKAN,ON,P0T 1C0,Maxine.M.Bowman@pookmail.com,807-597-4252
Willis,Edison,4795 boulevard des Laurentides,TROIS RIVIERE,QC,G9A 4J4,Willis.L.Edison@mailinator.com,819-701-7984
Bruno,Ono,440 Fourth Avenue,CALGARY,AB,T2P 0H3,Bruno.L.Ono@pookmail.com,403-613-0301
Kevin,Manahan,1954 chemin du Lac,BOUCHERVILLE,QC,J4B 5B1,Kevin.A.Manahan@spambob.com,450-449-6254
Marc,Lopez,3601 Fallon Drive,BOTHWELL,ON,N0P 1C0,Marc.C.Lopez@pookmail.com,519-695-5710
Jean,Mize,1031 chemin du Lac,ST LAMBERT,QC,J4P 1W3,Jean.L.Mize@dodgit.com,450-761-3308
Claud,Straight,139 2nd Street,VIRDEN,MB,R0M 2C0,Claud.A.Straight@pookmail.com,204-748-8699
Nita,Akers,4181 Main St,LANGENBURG,SK,S0A 2A0,Nita.J.Akers@pookmail.com,306-743-0161
Henry,Platt,901 Heritage Drive,CALGARY,AB,T2V 2W2,Henry.E.Platt@mailinator.com,403-875-9164
Harold,Gray,599 rue Saint-Antoine,DRUMMONDVILLE,QC,J2C 4N1,Harold.B.Gray@pookmail.com,819-850-8582
Thomas,Rupp,952 Speers Road,MAPLE,ON,L6A 1G5,Thomas.P.Rupp@trashymail.com,905-879-5797
Marina,Joseph,763 137th Avenue,EDMONTON,AB,T5B 3V4,Marina.B.Joseph@dodgit.com,780-480-1926
Thomas,Nutt,3233 Brand Road,SASKATOON,SK,S7K 1W8,Thomas.R.Nutt@dodgit.com,306-653-4396
Janine,Swasey,719 Bayfield St,RICHMOND HILL,ON,L4C 3Y2,Janine.W.Swasey@pookmail.com,905-780-6249
Christine,Bailey,4030 rue Levy,MONTREAL,QC,H3C 5K4,Christine.L.Bailey@mailinator.com,514-605-7847
Roland,Hensley,3322 Gateway Blvd,EDMONTON,AB,T6H 1J5,Roland.C.Hensley@mailinator.com,780-989-6745
Joyce,Marshall,2609 Adelaide St,TORONTO,ON,M5H 1P6,Joyce.D.Marshall@dodgit.com,416-980-0494
Linda,Johnson,561 Silver St,ENGLEHART,ON,P0J 1H0,Linda.H.Johnson@mailinator.com,705-544-2146
Timothy,Pearson,2122 Port Washington Road,CROWSNEST PASS,AB,T0K 0E0,Timothy.M.Pearson@dodgit.com,403-562-5618
Charles,Kiker,2953 Heritage Drive,CALGARY,AB,T2V 2W2,Charles.S.Kiker@dodgit.com,403-816-5753
Lawrence,Blanchard,4239 Fallon Drive,WINGHAM,ON,N0G 2W0,Lawrence.B.Blanchard@trashymail.com,519-357-2716
Paul,Feldman,4733 Harvest Moon Dr,UNIONVILLE,ON,L3R 0L7,Paul.C.Feldman@pookmail.com,905-470-0368
Brian,Ocasio,2651 Township Rd,LLOYDMINSTER,AB,T9V 0L9,Brian.A.Ocasio@spambob.com,780-745-7374
Robert,Mazzella,1814 Russell Avenue,WHITE ROCK,BC,V4B 3E1,Robert.K.Mazzella@pookmail.com,604-531-1738
Henry,Bishop,149 Sturgeon Drive,PEACE RIVER,AB,T8S 1V9,Henry.G.Bishop@mailinator.com,780-926-6193
Carla,Clark,936 40th Street,CALGARY,AB,T2W 4H7,Carla.J.Clark@spambob.com,403-281-8865
Walter,Rodriguez,4655 St Jean Baptiste St,STE SOPHIE DE LEVRARD,QC,G0X 3C0,Walter.M.Rodriguez@pookmail.com,819-288-4762
Brian,Perkins,3715 rue des Érables,STE ANNE DES MONTS,QC,G4V 1B6,Brian.T.Perkins@dodgit.com,418-764-9348
Patrice,Espinal,1492 Kinchant St,SARDIS,BC,V2R 1C8,Patrice.H.Espinal@spambob.com,604-847-1641
Carlton,Smith,3218 St. John Street,AVONLEA,SK,S4P 3Y2,Carlton.E.Smith@trashymail.com,306-868-9192
Christopher,Coachman,2641 Burdett Avenue,VICTORIA,BC,V8Y 1Y7,Christopher.B.Coachman@pookmail.com,250-658-3366
Marlene,Dortch,3024 Nootka Street,VANCOUVER,BC,V5M 3M5,Marlene.D.Dortch@spambob.com,778-838-1561
Paul,Eisner,1136 Tolmie St,VANCOUVER,BC,V6B 5A1,Paul.B.Eisner@pookmail.com,604-630-5949
Timothy,Edwards,749 Heatherleigh,COOKSVILLE,ON,L5A 1V9,Timothy.L.Edwards@pookmail.com,905-283-2452
Lori,Hess,1309 Toy Avenue,OSHAWA,ON,L1H 7K5,Lori.S.Hess@mailinator.com,905-449-0392
Nicole,Taylor,4109 Rose Street,REGINA,SK,S4P 3Y2,Nicole.H.Taylor@pookmail.com,306-536-6686
Robert,Smith,2274 Holdom Avenue,SURREY,BC,V3T 4Y5,Robert.S.Smith@pookmail.com,604-951-8375
Ruth,Huynh,4966 Gorham Street,LONDON,ON,N0N 0N0,Ruth.F.Huynh@spambob.com,519-645-8526
Kyle,Randel,4223 Wellington Street,TORONTO,ON,M9C 3J5,Kyle.L.Randel@dodgit.com,905-624-5253
David,Story,2599 MacLaren Street,OTTAWA,ON,K1P 5M7,David.C.Story@trashymail.com,613-350-8991
Wendy,Horton,961 Lockhart Drive,BARRIE,ON,L4M 3B1,Wendy.R.Horton@dodgit.com,705-734-9102
Thomas,Martin,672 Victoria Park Ave,TORONTO,ON,M2J 3T7,Thomas.G.Martin@dodgit.com,416-990-6159
Joel,Juarez,3671 Tycos Dr,TORONTO,ON,M5T 1T4,Joel.H.Juarez@mailinator.com,416-599-1691
Gary,Martin,4722 Merton Street,TORONTO,ON,M1L 3K7,Gary.C.Martin@mailinator.com,416-436-5959
John,Sylvester,3463 rue Saint-Édouard,TROIS RIVIERES,QC,G9A 5S8,John.S.Sylvester@trashymail.com,819-373-6823
Jared,Cloud,699 Princess St,KINGSTON,ON,K7L 1C2,Jared.M.Cloud@pookmail.com,613-545-7217
Alisha,Smith,1795 Lockhart Drive,BARRIE,ON,L4M 3B1,Alisha.R.Smith@dodgit.com,705-725-4745
Sara,Lange,4329 Lake City Way,BURNABY,BC,V5A 2Z6,Sara.R.Lange@dodgit.com,778-554-4433
Bertha,Newby,916 Roger Street,COURTENAY,BC,V9N 2J6,Bertha.A.Newby@spambob.com,250-898-0210
Dennis,Garza,4246 137th Avenue,EDMONTON,AB,T5J 0K1,Dennis.S.Garza@pookmail.com,780-665-2599
Dennis,West,2028 Cork St,GUELPH,ON,N1H 2W8,Dennis.M.West@dodgit.com,519-767-3567
Christina,Wilson,2580 Haaglund Rd,LOWER POST,BC,V0H 0H0,Christina.J.Wilson@mailinator.com,250-779-4250
Carlos,Brinson,1530 René-Lévesque Blvd,MONTREAL,QC,H3B 4W8,Carlos.E.Brinson@spambob.com,514-961-4538
Henry,Versace,1344 Wyecroft Road,BOLTON,ON,L7E 2C2,Henry.W.Versace@spambob.com,905-857-6112
Craig,Knox,1770 Brew Creek Rd,PORT HARDY,BC,V0N 2P0,Craig.T.Knox@pookmail.com,250-949-7457
Diane,Diaz,236 St. John Street,BENGOUGH,SK,S4P 3Y2,Diane.C.Diaz@pookmail.com,306-268-5599
Eric,Chapman,272 St Marys Rd,WINNIPEG,MB,R3C 3N9,Eric.K.Chapman@mailinator.com,204-887-2023
Victor,Powers,3886 40th Street,CALGARY,AB,T2P 4L4,Victor.V.Powers@spambob.com,403-714-3170
Arnold,Hunt,1216 Halsey Avenue,TORONTO,ON,M3B 2W6,Arnold.G.Hunt@mailinator.com,416-381-9282
James,Dickinson,3107 Stum Lake Road,MCLEESE LAKE,BC,V0L 1P0,James.R.Dickinson@trashymail.com,250-297-6211
George,Leonard,676 rue Parc,SHERBROOKE,QC,J1E 3B2,George.L.Leonard@mailinator.com,819-432-0928
Glenn,Kelly,1896 De la Providence Avenue,HULL,QC,J8Y 3Y5,Glenn.M.Kelly@pookmail.com,819-664-3091
Kathy,Connor,605 Roger Street,COURTENAY,BC,V9N 2J6,Kathy.H.Connor@dodgit.com,250-897-3379
Traci,Christopher,3335 St Marys Rd,WINNIPEG,MB,R3C 0C4,Traci.A.Christopher@mailinator.com,204-297-6869
Elizabeth,Rondeau,4836 Galts Ave,RED DEER,AB,T4N 2A6,Elizabeth.R.Rondeau@spambob.com,403-227-4884
Patsy,Everitt,2270 40th Street,CALGARY,AB,T2M 0X4,Patsy.R.Everitt@dodgit.com,403-338-7434
Mary,Holland,2908 Toy Avenue,PICKERING,ON,L1S 6L6,Mary.A.Holland@pookmail.com,905-622-6856
Eve,Orta,3523 Barrydowne Road,SUDBURY,ON,P3E 5K3,Eve.R.Orta@trashymail.com,705-263-6362
Crystal,Glassman,3816 Bloor Street,VEGREVILLE,AB,T0B 4L0,Crystal.I.Glassman@trashymail.com,780-768-0670
Eileen,Mueller,3791 René-Lévesque Blvd,MONTREAL,QC,H3B 4W8,Eileen.M.Mueller@dodgit.com,514-690-4749
Kim,Minto,4891 De L'Acadie Boul,MONTREAL,QC,H4N 3C5,Kim.C.Minto@pookmail.com,514-943-7388
Brandon,Montalvo,1960 De L'Acadie Boul,MONTREAL,QC,H4N 3C5,Brandon.K.Montalvo@pookmail.com,514-943-5318
Donald,Joyce,4621 Pitt St,CORNWALL,ON,K6J 3R2,Donald.J.Joyce@trashymail.com,613-933-2163
David,Lovell,2766 Pearl Street,STREETSVILLE,ON,L5M 1X2,David.C.Lovell@spambob.com,905-819-7869
Charles,Perez,1090 Bellwood Acres Rd,HUNTSVILLE,ON,P0A 1K0,Charles.A.Perez@trashymail.com,705-788-0499
Charles,Peden,2166 Venture Place,WIDEWATER,AB,T0G 2M0,Charles.N.Peden@spambob.com,780-369-6436
Cristina,Smith,4236 Carling Avenue,OTTAWA,ON,K1Z 7B5,Cristina.N.Smith@pookmail.com,613-290-5235
Maryann,Feldman,2991 Papineau Avenue,MONTREAL,QC,H2K 4J5,Maryann.W.Feldman@pookmail.com,514-892-5267
Nancy,Howell,4743 St Jean Baptiste St,ST THEOPHILE,QC,G0M 2A0,Nancy.A.Howell@dodgit.com,418-597-4426
Melissa,Starr,3554 Sable Street,SPANISH,ON,P0P 2A0,Melissa.M.Starr@trashymail.com,705-844-6752
Steve,Gillespie,776 Blind Bay Road,PRITCHARD,BC,V0E 2P0,Steve.G.Gillespie@trashymail.com,250-577-9991
Donna,Lawrence,406 11th Ave,CALGARY,AB,T2P 1M6,Donna.J.Lawrence@mailinator.com,403-531-9593
Nellie,Gonzales,1928 Robson St,VANCOUVER,BC,V6B 3K9,Nellie.B.Gonzales@pookmail.com,604-842-0869
Rebecca,Shropshire,4902 99th St,GRANDE PRAIRIE,AB,T8V 0S1,Rebecca.S.Shropshire@pookmail.com,780-538-5295
Lola,Price,270 rue St-Henri,VILLE LE GARDEUR,QC,J5Z 1R6,Lola.R.Price@mailinator.com,450-585-7402
Quincy,Harrison,1181 Main St,BRANDON,MB,R7A 5Y1,Quincy.D.Harrison@trashymail.com,204-721-3638
Beverly,Larry,161 Reserve St,DUNSFORD,ON,K0M 1L0,Beverly.B.Larry@pookmail.com,705-793-9669
Amanda,Whitfield,4529 René-Lévesque Blvd,MONTREAL,QC,H3B 4W8,Amanda.R.Whitfield@dodgit.com,514-659-3886
Lewis,Chacon,2548 Reserve St,COBOCONK,ON,K0M 1K0,Lewis.L.Chacon@trashymail.com,705-454-8313
Angela,David,2889 Brew Creek Rd,MAYNE ISLAND,BC,V0N 2J0,Angela.M.David@pookmail.com,250-539-5511
Mary,Quigley,3530 Bloor Street,HAY LAKES,AB,T0B 1W0,Mary.M.Quigley@trashymail.com,780-878-7806
Stanley,Lucero,2187 Duke Street,MONTREAL,QC,H3C 5K4,Stanley.M.Lucero@spambob.com,514-246-0411
Phyllis,Flores,1341 90th Avenue,STRATHMORE,AB,T0J 3H0,Phyllis.T.Flores@dodgit.com,403-901-7371
Eric,Moyer,3379 Wyecroft Road,BOLTON,ON,L7E 2C2,Eric.A.Moyer@pookmail.com,905-951-9325
Bonita,Carroll,3469 7th Ave,CALGARY,AB,T2P 0W4,Bonita.J.Carroll@pookmail.com,403-726-3116
Carlos,Jones,274 Victoria Park Ave,TORONTO,ON,M2J 3T7,Carlos.G.Jones@spambob.com,416-990-6071
Kerry,Antonelli,2382 Barton Street,WATERDOWN,ON,L8G 3R4,Kerry.M.Antonelli@spambob.com,905-690-4872
Vern,Ives,3823 Adelaide St,TORONTO,ON,M5H 1P6,Vern.S.Ives@pookmail.com,416-860-9599
Joseph,Ralston,968 Quayside Dr,NEW WESTMINSTER,BC,V3M 6A1,Joseph.P.Ralston@trashymail.com,604-808-7839
Shaina,Bailey,2435 A Avenue,EDMONTON,AB,T5J 0K7,Shaina.R.Bailey@mailinator.com,780-408-3791
Ruth,Rourke,3142 York St,LONDON,ON,N5W 2S9,Ruth.S.Rourke@dodgit.com,519-860-4096
Charles,Kennerson,2660 St Marys Rd,WINNIPEG,MB,R3C 0C4,Charles.K.Kennerson@pookmail.com,204-955-8297
Richard,Colby,4814 Sheppard Ave,TORONTO,ON,M1S 1T4,Richard.C.Colby@trashymail.com,416-683-7324
Ben,Coogan,3286 Lynden Road,LEFROY,ON,L0L 1W0,Ben.R.Coogan@spambob.com,705-456-8194
June,Woods,2578 102nd Avenue,DAWSON CREEK,BC,V1G 2C4,June.M.Woods@spambob.com,250-719-8938
Elisabeth,Burger,852 St Jean Baptiste St,SANMAUR,QC,G0X 3R0,Elisabeth.A.Burger@mailinator.com,819-666-8372
Marsha,Hopkins,256 St. John Street,BIRCH HILLS,SK,S4P 3Y2,Marsha.M.Hopkins@spambob.com,306-749-6862
Billy,Weeks,293 Cordova Street,VANCOUVER,BC,V6B 1E1,Billy.B.Weeks@trashymail.com,604-961-9646
Thomas,Park,4130 Heatherleigh,COOKSVILLE,ON,L5A 1V9,Thomas.E.Park@trashymail.com,905-756-3944
John,Whittle,3106 Pape Ave,TORONTO,ON,M4E 2V5,John.E.Whittle@spambob.com,416-389-9625
Susan,Powers,1869 MacLaren Street,OTTAWA,ON,K1P 5M7,Susan.C.Powers@trashymail.com,613-948-4256
Marilyn,Keene,1122 Bank St,OTTAWA,ON,K1H 7Z1,Marilyn.D.Keene@dodgit.com,613-277-1946
Marianne,Sam,2773 rue des Églises Est,ILE PERROT,QC,J0P 1K0,Marianne.C.Sam@mailinator.com,514-425-4757
Virginia,Lombardi,2879 rue Principale,MONT LAURIER,QC,J9L 2H9,Virginia.W.Lombardi@trashymail.com,819-440-3338
Darlene,Ragland,572 rue des Églises Est,EAST HEREFORD,QC,J0B 1S0,Darlene.M.Ragland@dodgit.com,819-844-7961
Joseph,Gurney,1536 Queens Sq,HESPELER,ON,N3C 1H3,Joseph.L.Gurney@dodgit.com,519-222-2705
Gordon,Angelo,620 Heatherleigh,COOKSVILLE,ON,L5A 1V9,Gordon.L.Angelo@mailinator.com,905-273-2856
Cynthia,Kelly,186 Victoria Park Ave,TORONTO,ON,M4A 2M5,Cynthia.V.Kelly@dodgit.com,416-757-5857
William,Armstrong,538 Papineau Avenue,MONTREAL,QC,H2K 4J5,William.A.Armstrong@mailinator.com,514-243-8673
Alton,Bennett,3133 5th Avenue,WEMBLEY,AB,T0H 3S0,Alton.K.Bennett@spambob.com,780-766-2857
Jeri,Hernandez,2485 St Jean Baptiste St,STE ANGELE DE LAVAL,QC,G0X 2H0,Jeri.R.Hernandez@spambob.com,819-222-7118
Darrell,Haase,1797 Rayborn Crescent,ST ALBERT,AB,T8N 1C7,Darrell.A.Haase@mailinator.com,780-419-0298
John,Dove,674 rue de la Gauchetière,MONTREAL,QC,H3B 2M3,John.A.Dove@trashymail.com,514-876-6685
Emmett,Weiner,3730 Port Washington Road,HIGH RIVER,AB,T0L 1B0,Emmett.B.Weiner@trashymail.com,403-601-6756
Cheryl,Palmer,4183 Duke Street,MONTREAL,QC,H3C 5K4,Cheryl.S.Palmer@mailinator.com,514-214-1679
Michael,Milian,2595 Tanner Street,VANCOUVER,BC,V5R 2T4,Michael.B.Milian@mailinator.com,604-317-1270
Joseph,Peralta,3101 St Marys Rd,WINNIPEG,MB,R3C 0C4,Joseph.D.Peralta@dodgit.com,204-228-1250
Matthew,Pierre,2172 Ross Street,RENFREW,ON,K7V 1T5,Matthew.K.Pierre@mailinator.com,613-432-5960
Earl,Golden,2071 St George Street,VANCOUVER,BC,V5T 1Z7,Earl.M.Golden@dodgit.com,604-875-1305
Brittani,Jones,1520 Yonge Street,TORONTO,ON,M4W 1J7,Brittani.I.Jones@mailinator.com,416-272-7200
Alexander,Mendoza,2862 Toy Avenue,OSHAWA,ON,L1H 7K5,Alexander.B.Mendoza@spambob.com,905-925-4123
Shirley,Tinney,3123 Weir Crescent,TORONTO,ON,M1E 3T8,Shirley.J.Tinney@spambob.com,416-994-0741
Lee,Perez,4223 rue Principale,AMOS,QC,J9T 1E4,Lee.C.Perez@trashymail.com,819-442-9477
Kathryn,Gross,4721 Cassells St,NORTH BAY,ON,P1B 2Y7,Kathryn.M.Gross@pookmail.com,705-476-0516
Justin,Woods,1014 René-Lévesque Blvd,MONTREAL,QC,H3B 4W8,Justin.W.Woods@pookmail.com,514-572-4518
Sammie,Christie,2584 Derry Rd,MALTON,ON,L4T 1A8,Sammie.S.Christie@trashymail.com,416-896-8208
Emma,Irvin,2187 Robson St,VANCOUVER,BC,V6B 3K9,Emma.J.Irvin@mailinator.com,604-992-8595
Elvira,Andrews,3124 Coldstream Avenue,VERNON,BC,V1T 6N1,Elvira.D.Andrews@dodgit.com,250-542-4384
Doris,Mcinnis,2667 Findlay Creek Road,SPARWOOD,BC,V0B 2G0,Doris.D.Mcinnis@dodgit.com,250-433-2087
Ernesto,Ginn,3007 7th Ave,CALGARY,AB,T2P 0W4,Ernesto.L.Ginn@spambob.com,403-221-0850
Harry,Lemons,1371 102nd Avenue,DAWSON CREEK,BC,V1G 2C4,Harry.M.Lemons@pookmail.com,250-784-0847
Billie,Langford,501 Yonge Street,TORONTO,ON,M4W 1J7,Billie.C.Langford@trashymail.com,416-314-0464
Gail,Connors,2589 184th Street,EDMONTON,AB,T5J 2R4,Gail.A.Connors@trashymail.com,780-913-7302
Ryan,Young,1876 Eglinton Avenue,TORONTO,ON,M4P 1A6,Ryan.E.Young@spambob.com,647-405-6057
Douglas,Gandy,4298 Toy Avenue,OSHAWA,ON,L1H 7K5,Douglas.N.Gandy@mailinator.com,289-404-6169
Barbara,Summers,4984 Blind Bay Road,VAVENBY,BC,V0E 3A0,Barbara.J.Summers@spambob.com,250-676-7973
Yasmine,Cantu,686 Water Street,KITCHENER,ON,N2H 5A5,Yasmine.R.Cantu@pookmail.com,519-585-3439
Sergio,Neal,1370 Ross Terrasse,SACKVILLE,NB,E4L 4R4,Sergio.M.Neal@trashymail.com,506-939-4217
Wayne,Scott,2788 47th Avenue,HEISLER,AB,T0A 1X0,Wayne.G.Scott@mailinator.com,780-889-6513
Miriam,Steele,1014 Kinchant St,KAMLOOPS,BC,V2C 1Y1,Miriam.R.Steele@spambob.com,250-572-2036
Michael,Schmidt,1499 184th Street,EDMONTON,AB,T5J 2R4,Michael.V.Schmidt@dodgit.com,780-722-6365
Laticia,Johnson,2968 Barton Street,HAMILTON,ON,L8P 1P8,Laticia.F.Johnson@pookmail.com,905-981-1306
Karol,Cramer,216 Higginsville Road,BROOKFIELD,NS,B0N 1M0,Karol.K.Cramer@trashymail.com,902-650-7343
Mary,Nevarez,1665 Granville St,HUBBARDS,NS,B3K 5M1,Mary.J.Nevarez@mailinator.com,902-858-7785
Delores,Myers,502 Barrydowne Road,SUDBURY,ON,P3E 5K3,Delores.G.Myers@pookmail.com,705-662-2251
Patricia,Williams,2345 Eglinton Avenue,TORONTO,ON,M4P 1A6,Patricia.D.Williams@mailinator.com,416-487-2759
Trudy,Lapoint,4839 Main St,CARNDUFF,SK,S0C 0S0,Trudy.I.Lapoint@mailinator.com,306-482-7718
Laurel,Cronin,803 Boulevard Ste-Geneviève,CHICOUTIMI,QC,G7H 5G3,Laurel.S.Cronin@pookmail.com,418-290-5613
Kelly,Long,1680 Tanner Street,VANCOUVER,BC,V5R 2T4,Kelly.E.Long@mailinator.com,604-456-8623
Robert,Lipman,1108 Bay Street,TORONTO,ON,M5J 2R8,Robert.K.Lipman@pookmail.com,647-887-9668
Marlene,Mathis,2757 Northumberland Street,NEW HAMBURG,ON,N0B 2G0,Marlene.G.Mathis@pookmail.com,519-662-8436
Kymberly,Mayo,3554 Tolmie St,VANCOUVER,BC,V6M 1Y8,Kymberly.G.Mayo@pookmail.com,604-267-5847
Donna,Watts,1291 Central Pkwy,ERIN MILLS,ON,L5L 3A1,Donna.B.Watts@trashymail.com,905-607-5357
Donna,Riggins,1302 rue des Églises Est,CHAPEAU,QC,J0X 1M0,Donna.C.Riggins@dodgit.com,819-689-2751
Hong,Foust,3164 MacLaren Street,OTTAWA,ON,K1P 5M7,Hong.C.Foust@spambob.com,613-233-7320
Mathew,Mitchell,770 Goyeau Ave,WINDSOR,ON,N9A 1H9,Mathew.J.Mitchell@dodgit.com,519-252-2078
Leopoldo,Young,3234 Churchill Plaza,SAULT STE MARIE,ON,P6A 1Z2,Leopoldo.D.Young@pookmail.com,705-946-9327
Katherine,Curtis,2804 Nelson Street,MINAKI,ON,P0X 1J0,Katherine.T.Curtis@trashymail.com,807-225-6861
Donald,Burke,1148 Tolmie St,VANCOUVER,BC,V6M 1Y8,Donald.D.Burke@dodgit.com,604-269-2304
Patricia,Ortiz,3845 rue des Églises Est,ILE PERROT,QC,J0P 1K0,Patricia.S.Ortiz@trashymail.com,514-453-3753
Ronnie,Barrera,4535 Port Washington Road,CANMORE,AB,T0L 0M0,Ronnie.M.Barrera@dodgit.com,403-679-7048
Michael,Clements,2803 Queens Sq,HESPELER,ON,N3C 1H3,Michael.K.Clements@pookmail.com,519-244-1082
Alicia,Barbieri,4690 Nelson Street,MACTIER,ON,P0C 1H0,Alicia.R.Barbieri@pookmail.com,705-375-3519
Daniel,Watkins,647 11th Ave,CALGARY,AB,T2P 1M6,Daniel.N.Watkins@spambob.com,403-234-2614
Joseph,Ross,3773 Bloor Street,VIKING,AB,T0B 4N0,Joseph.K.Ross@trashymail.com,780-336-5040
Marilyn,Watkins,317 Adelaide St,TORONTO,ON,M5H 1P6,Marilyn.W.Watkins@spambob.com,416-603-3769
Angelina,Mccallum,3368 Toy Avenue,SOUTH PICKERING,ON,L1V 1S8,Angelina.J.Mccallum@pookmail.com,905-420-9241
Robert,Salter,982 40th Street,CALGARY,AB,T2P 4L4,Robert.E.Salter@dodgit.com,403-397-5639
Karen,Garretson,4054 Papineau Avenue,MONTREAL,QC,H2K 4J5,Karen.J.Garretson@spambob.com,514-758-8320
Marissa,Anderson,3093 Queen Elizabeth Boulevard,ETOBICOKE,ON,M9W 1K7,Marissa.M.Anderson@pookmail.com,416-764-1453
Martin,Puleo,387 Fallon Drive,PORT FRANKS,ON,N0M 2L0,Martin.L.Puleo@mailinator.com,519-243-7147
Mabel,Clemmons,2273 Essendene Avenue,ABBOTSFORD,BC,V2S 2H7,Mabel.D.Clemmons@mailinator.com,604-852-6276
Dolores,Slye,4912 Galts Ave,RED DEER,AB,T4N 2A6,Dolores.J.Slye@trashymail.com,403-896-0010
Greg,Ferguson,4240 Harvest Moon Dr,UNIONVILLE,ON,L3R 0L7,Greg.A.Ferguson@pookmail.com,905-947-5128
Dorothy,Townsend,1606 3rd Avenue,MEDICINE HAT,AB,T1A 8A5,Dorothy.W.Townsend@dodgit.com,403-952-7405
Richard,Moye,1834 rue de la Gauchetière,MONTREAL,QC,H3B 2M3,Richard.C.Moye@dodgit.com,514-594-9235
Matt,Bottom,4635 Benton Street,KITCHENER,ON,N2G 4L9,Matt.M.Bottom@spambob.com,519-590-4883
Michael,Boyd,3904 Gateway Blvd,EDMONTON,AB,T6H 1J5,Michael.R.Boyd@pookmail.com,780-988-3702
Robert,Stoddard,3427 Weston Rd,TORONTO,ON,M9N 1G4,Robert.M.Stoddard@mailinator.com,416-247-4766
Cecilia,Doolittle,4890 Pitt St,CORNWALL,ON,K6J 3R2,Cecilia.C.Doolittle@spambob.com,613-662-2795
Leola,Granado,1463 Yonge Street,TORONTO,ON,M4W 1J7,Leola.D.Granado@pookmail.com,416-935-9387
Willie,Womack,1414 Dry Pine Bay Rd,WHITEFISH,ON,P0M 3E0,Willie.P.Womack@dodgit.com,705-866-6022
Louis,Ellis,2592 De la Providence Avenue,HULL,QC,J8Y 3Y5,Louis.B.Ellis@pookmail.com,819-962-1444
Kim,Naquin,3949 MacLaren Street,OTTAWA,ON,K1P 5M7,Kim.R.Naquin@spambob.com,613-760-1814
Michael,Moore,1125 Tolmie St,VANCOUVER,BC,V6R 4C5,Michael.M.Moore@mailinator.com,604-228-0085
Marva,Cartwright,2710 Lynden Road,MOONSTONE,ON,L0K 1N0,Marva.W.Cartwright@trashymail.com,705-666-3629
Kimberly,Lossett,4728 Keith Road,NORTH VANCOUVER,BC,V5T 2C1,Kimberly.H.Lossett@spambob.com,604-982-2143
John,Brown,1495 Yonge Street,TORONTO,ON,M4W 1J7,John.L.Brown@dodgit.com,416-962-6363
Darlene,Cambridge,3144 St. John Street,CONQUEST,SK,S4P 3Y2,Darlene.S.Cambridge@pookmail.com,306-856-9585
Christina,Meeks,4039 MacLaren Street,OTTAWA,ON,K1P 5M7,Christina.A.Meeks@mailinator.com,613-234-5477
James,Riggs,1142 Hastings Street,VANCOUVER,BC,V6C 1B4,James.C.Riggs@trashymail.com,604-338-5874
Sheila,Castro,3578 Northumberland Street,ST CLEMENTS,ON,N0B 2M0,Sheila.S.Castro@dodgit.com,519-699-2477
Geraldine,Todd,1683 Rue De La Gare,ALBANEL,QC,G8M 3R8,Geraldine.G.Todd@pookmail.com,418-279-2992
Troy,Gorman,2428 49th Avenue,BAKER LAKE,NT,X0C 0A0,Troy.K.Gorman@pookmail.com,867-793-3113
Tabitha,Johnson,2968 Wentz Avenue,SASKATOON,SK,S7K 7A9,Tabitha.J.Johnson@trashymail.com,306-251-1624
George,Oglesby,77 Reserve St,HARROWSMITH,ON,K0H 1V0,George.A.Oglesby@mailinator.com,613-376-0687
Lois,Bains,1808 Reserve St,WARKWORTH,ON,K0K 3K0,Lois.E.Bains@dodgit.com,705-924-8108
Debra,Knight,3152 Goyeau Ave,WINDSOR,ON,N9A 1H9,Debra.R.Knight@trashymail.com,519-890-5362
Laura,Miller,4919 rue Boulay,ST THOMAS D'AQUIN,QC,J0H 2A0,Laura.B.Miller@trashymail.com,450-253-1795
Gabriel,Graves,1415 Queens Sq,HESPELER,ON,N3C 1H3,Gabriel.L.Graves@pookmail.com,519-249-4496
Carol,Archuleta,2964 43rd Avenue,WHITEHORSE,NT,Y1A 2A2,Carol.I.Archuleta@spambob.com,867-393-2420
Jean,Portillo,13 Reserve St,CAMBRAY,ON,K0M 1E0,Jean.R.Portillo@trashymail.com,705-374-7499
Chris,Shepherd,3510 Wellington Ave,CHILLIWACK,BC,V2P 2M1,Chris.M.Shepherd@trashymail.com,604-792-3771
Kizzie,Pitman,1354 Benton Street,KITCHENER,ON,N2G 4L9,Kizzie.J.Pitman@trashymail.com,519-589-1583
Mathilde,Pauli,913 Lauzon Parkway,WINDSOR,ON,N9A 7A2,Mathilde.J.Pauli@trashymail.com,519-562-0989
Aimee,Desai,2397 Blanshard,VICTORIA,BC,V8W 2H9,Aimee.D.Desai@mailinator.com,250-896-6980
Amanda,Miller,101 Toy Avenue,OSHAWA,ON,L1H 7K5,Amanda.D.Miller@trashymail.com,905-442-7651
William,Dewey,3371 Pape Ave,TORONTO,ON,M4E 2V5,William.A.Dewey@mailinator.com,416-686-7710
Jeannette,Maynard,243 Calgary Avenue,PENTICTON,BC,V2A 2T6,Jeannette.G.Maynard@trashymail.com,250-488-3619
Jennifer,Miller,2617 Tchesinkut Lake Rd,FORT FRASER,BC,V0J 1N0,Jennifer.S.Miller@spambob.com,250-690-0589
James,Osborne,1637 Hyde Park Road,LONDON,ON,N6H 3S2,James.M.Osborne@mailinator.com,519-641-4403
Judith,Rodriguez,4725 Fallon Drive,WHEATLEY,ON,N0P 2P0,Judith.C.Rodriguez@spambob.com,519-825-9622
Cynthia,Cyr,1338 rue de la Gauchetière,MONTREAL,QC,H3B 2M3,Cynthia.D.Cyr@trashymail.com,514-927-6222
Daniel,Edwards,1956 rue des Églises Est,GUIGUES,QC,J0Z 2S0,Daniel.A.Edwards@dodgit.com,819-728-5894
Hal,Russell,4352 rue Garneau,QUEBEC,QC,G1V 3V5,Hal.L.Russell@trashymail.com,418-558-9135
Erma,Cuevas,3628 Heritage Drive,CALGARY,AB,T2V 2W2,Erma.B.Cuevas@mailinator.com,403-301-7790
Gladys,Joseph,2249 1st Ave,YORKTON,SK,S3N 2V6,Gladys.D.Joseph@spambob.com,306-641-7438
William,Winkle,4503 Heritage Drive,CALGARY,AB,T2V 2W2,William.E.Winkle@dodgit.com,403-818-1249
Michael,Green,64 A Avenue,EDMONTON,AB,T5J 0K7,Michael.A.Green@spambob.com,780-413-7463
Anthony,Tran,4162 184th Street,EDMONTON,AB,T5J 2R4,Anthony.A.Tran@pookmail.com,780-619-2588
David,Rivers,2769 Hyde Park Road,LONDON,ON,N6A 3M9,David.D.Rivers@spambob.com,519-617-3929
Henry,Brown,509 Main St,FRANCIS,SK,S0G 1V0,Henry.H.Brown@pookmail.com,306-245-9359
James,Fout,752 Carling Avenue,OTTAWA,ON,K1Z 7B5,James.J.Fout@spambob.com,613-447-8859
Charles,Mccoy,3004 Central Pkwy,MISSISSAUGA,ON,L5C 3T6,Charles.K.Mccoy@spambob.com,905-366-0320
Ronald,Burdick,4558 Tanner Street,VANCOUVER,BC,V5R 2T4,Ronald.S.Burdick@spambob.com,604-436-7166
Walter,Meehan,2613 Jasper Avenue,EDMONTON,AB,T5J 3N2,Walter.M.Meehan@trashymail.com,780-893-2024
Wayne,White,155 Garafraxa St,PORT ELGIN,ON,N0H 2C0,Wayne.E.White@spambob.com,519-386-0117
Gary,Sumner,1405 St. John Street,JANSEN,SK,S4P 3Y2,Gary.J.Sumner@pookmail.com,306-364-8895
Walter,Gailey,1433 90th Avenue,HUSSAR,AB,T0J 1S0,Walter.K.Gailey@pookmail.com,403-787-8029
Magdalena,Adams,2246 9th Avenue,LISTOWEL,ON,N4W 2H8,Magdalena.W.Adams@spambob.com,519-291-6622
Linda,Beauchamp,1828 Derry Rd,MALTON,ON,L4T 1A8,Linda.A.Beauchamp@mailinator.com,416-896-1101
David,Dahlquist,4088 rue Principale,MONT LAURIER,QC,J9L 3G8,David.M.Dahlquist@spambob.com,819-513-1454
Ralph,Avery,1279 Kennedy Rd,COBOURG,ON,K9A 4J7,Ralph.B.Avery@pookmail.com,289-251-7203
Jennifer,Pigford,4391 James Street,ST CATHARINES,ON,L2R 3H6,Jennifer.E.Pigford@spambob.com,905-685-7128
Christina,Wood,1001 Robson St,VANCOUVER,BC,V6B 3K9,Christina.T.Wood@spambob.com,604-999-8641
Lillian,Chartrand,1725 Jasper Ave,EDMONTON,AB,T5J 3N6,Lillian.C.Chartrand@dodgit.com,780-964-5388
Elizabeth,Allison,2888 Old Spallumcheen Rd,ROSEDALE,BC,V0X 1X0,Elizabeth.D.Allison@pookmail.com,604-794-5676
April,Gomez,775 rue Saint-Édouard,TROIS RIVIERES,QC,G9A 5S8,April.B.Gomez@spambob.com,819-386-0894
Gabriela,Austin,3388 Main St,SOUTH TREMONT,NS,B0P 1N0,Gabriela.C.Austin@mailinator.com,902-760-9362
Michael,Melton,3504 Nelson Street,SEVERN BRIDGE,ON,P0E 1N0,Michael.N.Melton@spambob.com,705-689-7375
Robert,Boyer,1602 Boulevard Ste-Geneviève,CHICOUTIMI,QC,G7H 5B1,Robert.M.Boyer@spambob.com,418-557-6074
Neil,Castro,250 Roger Street,PARKSVILLE,BC,V9P 1R1,Neil.M.Castro@pookmail.com,250-248-2895
William,Salmons,3463 Royal Avenue,NEW WESTMINSTER,BC,V3L 5H1,William.C.Salmons@trashymail.com,778-889-3657
Diane,Kirby,2568 Cornwall Street,ESTEVAN,SK,S4A 0W6,Diane.J.Kirby@mailinator.com,306-421-9709
George,Wilson,3837 Sixth Street,NEW WESTMINSTER,BC,V3L 3C1,George.C.Wilson@dodgit.com,604-526-8889
Barry,Owens,4183 James Street,ALDERGROVE,BC,V5W 3P7,Barry.S.Owens@spambob.com,604-626-3396
Lisa,Martin,1638 40th Street,CALGARY,AB,T2P 2V7,Lisa.S.Martin@pookmail.com,403-538-5092
Opal,Shifflett,1468 Roger Street,COURTENAY,BC,V9N 2J6,Opal.C.Shifflett@mailinator.com,250-334-8072
Jessica,Marr,4747 Robson St,VANCOUVER,BC,V6B 3K9,Jessica.P.Marr@trashymail.com,604-899-0936
Steve,Mojica,4570 St Jean Baptiste St,STE SOPHIE DE LEVRARD,QC,G0X 3C0,Steve.V.Mojica@spambob.com,819-288-0732
George,Jones,4292 Lock Street,CAMBRIDGE,ON,N1R 6J6,George.D.Jones@spambob.com,519-629-4315
Irma,Harrell,3745 Maria St,BURLINGTON,ON,L7R 2G6,Irma.G.Harrell@spambob.com,905-592-9758
Jude,Ball,3789 7th Ave,CALGARY,AB,T2P 0W4,Jude.K.Ball@spambob.com,403-267-9391
Robert,Bundy,4412 Lockhart Drive,BARRIE,ON,L4M 3B1,Robert.A.Bundy@trashymail.com,705-423-2251
Alan,Rodriguez,3721 Kinchant St,BOUCHIE LAKE,BC,V2J 3H7,Alan.M.Rodriguez@pookmail.com,250-249-2897
Sandra,Maultsby,672 rue Saint-Antoine,GRANBY,QC,J2H 2H5,Sandra.I.Maultsby@spambob.com,450-531-1031
Fletcher,Strachan,577 Bridgeport Rd,ORANGEVILLE,ON,L9W 2C8,Fletcher.R.Strachan@dodgit.com,519-940-1174
Edward,Briscoe,3912 Heritage Drive,CALGARY,AB,T2V 2W2,Edward.A.Briscoe@trashymail.com,403-852-9002
Fred,Daugherty,4478 Toy Avenue,OSHAWA,ON,L1H 7M3,Fred.C.Daugherty@pookmail.com,905-260-9543
Brent,Kissee,3784 chemin Hudson,MONTREAL,QC,H4J 1M9,Brent.K.Kissee@mailinator.com,514-622-5373
Jerry,Donald,3060 Stoney Creek,GRENFELL,SK,S4P 3Y2,Jerry.J.Donald@pookmail.com,306-697-7354
Curtis,Osgood,3836 Bloor Street,HARDISTY,AB,T0B 1V0,Curtis.D.Osgood@mailinator.com,780-888-6818
Thomas,Dixon,4206 5th Avenue,BEAVERLODGE,AB,T0H 0C0,Thomas.A.Dixon@trashymail.com,780-354-7261
Ryan,Cook,3342 rue Garneau,QUEBEC,QC,G1V 3V5,Ryan.G.Cook@trashymail.com,418-657-1101
Allison,Shropshire,1290 St Jean Baptiste St,CHESTERVILLE,QC,G0P 1J0,Allison.D.Shropshire@spambob.com,819-382-4321
Margarett,Harris,3372 Hastings Street,VANCOUVER,BC,V6C 1B4,Margarett.J.Harris@pookmail.com,604-728-1433
Sarah,Desoto,2891 Cork St,GUELPH,ON,N1H 2W8,Sarah.E.Desoto@mailinator.com,519-823-7174
Kelly,Cofield,3165 rue Garneau,QUEBEC,QC,G1V 3V5,Kelly.M.Cofield@spambob.com,418-559-8989
William,Yount,977 Goyeau Ave,WINDSOR,ON,N9A 1H9,William.J.Yount@pookmail.com,519-255-5200
James,Kirkland,179 Merivale Road,KANATA,ON,K2K 2A1,James.N.Kirkland@mailinator.com,613-886-0183
Susan,Mccoy,3333 Silver Springs Blvd,CALGARY,AB,T3B 2C3,Susan.A.Mccoy@pookmail.com,403-996-8068
David,Hill,4221 Carling Avenue,OTTAWA,ON,K1Z 7B5,David.R.Hill@pookmail.com,613-612-8442
Robert,Spencer,3422 Lock Street,GALT,ON,N1R 3Y8,Robert.E.Spencer@dodgit.com,519-623-5830
Dionne,Oconnor,4632 Robson St,VANCOUVER,BC,V6B 3K9,Dionne.E.Oconnor@dodgit.com,604-605-5099
Patricia,Goering,3931 Tchesinkut Lake Rd,AIYANSH,BC,V0J 3T0,Patricia.B.Goering@pookmail.com,250-633-6191
John,Hines,4183 Eglinton Avenue,TORONTO,ON,M4P 1A6,John.C.Hines@dodgit.com,416-440-4031
Dale,Riehl,525 Nelson Street,MACDIARMID,ON,P0T 2B0,Dale.D.Riehl@spambob.com,807-885-6139
William,Sykes,1908 Cassells St,NORTH BAY,ON,P1B 2Y7,William.S.Sykes@mailinator.com,705-498-3342
Patrick,Bailey,3981 Rose Street,REGINA,SK,S4P 3V2,Patrick.C.Bailey@trashymail.com,306-596-2488
Leslie,Jensen,378 5th Avenue,GRIMSHAW,AB,T0H 1W0,Leslie.K.Jensen@spambob.com,780-332-0838
Olive,Moran,3840 Charing Cross Rd,CHATHAM,ON,N7M 2G9,Olive.J.Moran@dodgit.com,519-436-8462
Gail,Potter,221 Davis Drive,ORILLIA,ON,L3V 1T4,Gail.J.Potter@trashymail.com,705-238-1888
Quincy,Perez,1555 rue Levy,MONTREAL,QC,H3C 5K4,Quincy.B.Perez@dodgit.com,514-916-6844
Paul,Doll,2785 Queen Elizabeth Boulevard,ETOBICOKE,ON,M9W 1K7,Paul.A.Doll@pookmail.com,416-645-1061
Brian,Pace,4232 Churchill Plaza,SAULT STE MARIE,ON,P6A 1Z2,Brian.E.Pace@dodgit.com,705-971-4021
Ruby,Metzler,4473 Reserve St,WILBERFORCE,ON,K0L 3C0,Ruby.B.Metzler@mailinator.com,705-448-0836
Karen,Breese,4407 Garafraxa St,STOKES BAY,ON,N0H 2M0,Karen.R.Breese@dodgit.com,519-592-0898
Annie,Clancy,4321 Silver Springs Blvd,CALGARY,AB,T3E 0K6,Annie.R.Clancy@pookmail.com,403-685-3147
Donald,Thomas,3787 Galts Ave,RED DEER,AB,T4N 2A6,Donald.M.Thomas@mailinator.com,403-505-7498
Daniel,Stewart,4768 Brew Creek Rd,SQUAMISH,BC,V0N 3G0,Daniel.P.Stewart@spambob.com,604-890-8040
John,Costantino,1688 Front Street,TORONTO,ON,M5J 2N1,John.S.Costantino@trashymail.com,416-818-9581
Lynn,Cronin,2087 40th Street,CALGARY,AB,T2P 4L4,Lynn.G.Cronin@pookmail.com,403-714-9029
Frances,Grady,1373 avenue Royale,QUEBEC,QC,G1E 2L3,Frances.P.Grady@spambob.com,418-998-0467
Elizabeth,Roberge,2618 De L'Acadie Boul,MONTREAL,QC,H4N 3C5,Elizabeth.J.Roberge@trashymail.com,514-233-0352
David,Neely,3936 Front Street,TORONTO,ON,M5J 2N1,David.S.Neely@dodgit.com,647-280-9367
John,Snapp,1619 Bank St,OTTAWA,ON,K1H 7Z1,John.L.Snapp@spambob.com,613-808-6625
Lisa,Jones,1531 137th Avenue,EDMONTON,AB,T5M 3K3,Lisa.P.Jones@spambob.com,780-454-0773
Dorothy,Bassler,4463 40th Street,CALGARY,AB,T2E 7T6,Dorothy.F.Bassler@pookmail.com,403-717-4952
Conrad,Douglas,4802 Water Street,KITCHENER,ON,N2H 5A5,Conrad.C.Douglas@mailinator.com,519-496-9286
Teresa,Lightner,2198 5th Avenue,FAIRVIEW,AB,T0H 1L0,Teresa.K.Lightner@mailinator.com,780-834-6392
Heather,Sais,4508 Rue King,SHERBROOKE,QC,J1H 1R4,Heather.J.Sais@dodgit.com,819-340-9400
Lawanda,Phipps,3855 Princess St,KINGSTON,ON,K7L 1C2,Lawanda.J.Phipps@spambob.com,613-650-8143
Evelyn,Pfeifer,48 Royal Avenue,NEW WESTMINSTER,BC,V3L 5H1,Evelyn.D.Pfeifer@spambob.com,778-893-9984
Mary,Erwin,507 Reserve St,APSLEY,ON,K0L 1A0,Mary.T.Erwin@pookmail.com,705-656-2720
Joseph,Dobbins,1644 Cardero St,VANCOUVER,BC,S4P 3Y2,Joseph.M.Dobbins@pookmail.com,604-408-5278
Susan,Woodall,3871 Embro St,INNERKIP,ON,N0J 1M0,Susan.I.Woodall@pookmail.com,519-469-7555
Donna,Obyrne,2957 Davis Drive,ORILLIA,ON,L3V 1T4,Donna.E.Obyrne@dodgit.com,705-326-4278
Linda,Andrews,3576 Robson St,VANCOUVER,BC,V6B 3K9,Linda.P.Andrews@mailinator.com,604-669-7378
Susan,Terry,4422 James Street,ALDERGROVE,BC,V5G 4S4,Susan.C.Terry@trashymail.com,778-808-1494
Mario,Miller,2870 Lauzon Parkway,WINDSOR,ON,N9A 7A2,Mario.R.Miller@pookmail.com,519-562-3393
Donna,Smith,1695 Wyecroft Road,BOLTON,ON,L7E 2C2,Donna.D.Smith@mailinator.com,905-951-6554
Catherine,Trembley,3633 rue Ontario Ouest,MONTREAL,QC,H2X 1Y8,Catherine.H.Trembley@pookmail.com,514-499-6380
Jane,Beane,1871 Nelson Street,MINAKI,ON,P0X 1J0,Jane.N.Beane@pookmail.com,807-225-0508
Keith,Gay,1636 Alness Street,TORONTO,ON,M3J 2J1,Keith.M.Gay@trashymail.com,416-664-3807
Mary,Weaver,1494 Main St,MANOR,SK,S0C 1R0,Mary.H.Weaver@pookmail.com,306-448-1822
Gabriel,Charlesworth,3699 49th Avenue,WEKWETI,NT,X0E 1W0,Gabriel.S.Charlesworth@dodgit.com,867-713-4803
Paul,Chapman,4267 Albert Street,LONDON,ON,N5W 5K6,Paul.B.Chapman@dodgit.com,519-457-2867
Joshua,Gray,4755 Blind Bay Road,CRAWFORD BAY,BC,V0E 1B0,Joshua.R.Gray@spambob.com,250-227-0615
Joan,Nelson,3415 River Street,PORT ELGIN,ON,N0N 2C4,Joan.J.Nelson@mailinator.com,519-385-3342
Michael,Finley,1821 Bayfield St,RICHMOND HILL,ON,L4C 3Y2,Michael.I.Finley@trashymail.com,905-770-4031
Scott,Gagner,4567 Saint-Denis Street,MONTREAL,QC,H9R 3J4,Scott.D.Gagner@mailinator.com,514-428-7063
William,Milsap,20 Pitfield Blvd,LAVAL,QC,H7S 1N5,William.A.Milsap@pookmail.com,450-575-9901
George,Campbell,4667 Algoma St,THUNDER BAY,ON,P7A 4T3,George.S.Campbell@spambob.com,807-939-5928
Doris,Emerson,4871 rue Levy,MONTREAL,QC,H3C 5K4,Doris.K.Emerson@spambob.com,514-891-0429
Nathan,Mccoll,194 Reserve St,MARMORA,ON,K0K 2M0,Nathan.L.Mccoll@pookmail.com,613-472-3202
Sally,Jones,2216 Cassells St,NORTH BAY,ON,P1B 2Y7,Sally.J.Jones@pookmail.com,705-472-9814
Meta,Kuo,3875 Adelaide St,TORONTO,ON,M5H 1P6,Meta.N.Kuo@trashymail.com,416-368-5812
Tara,Hulbert,869 De la Providence Avenue,STE AGATHE,QC,J8C 1J5,Tara.D.Hulbert@spambob.com,819-808-6431
Tina,Geissler,3078 40th Street,CALGARY,AB,T2N 2A7,Tina.E.Geissler@trashymail.com,403-283-8700
Elliot,Kuss,4054 Adelaide St,TORONTO,ON,M5H 1P6,Elliot.S.Kuss@mailinator.com,416-687-3058
Blake,Bell,1914 Island Hwy,CAMPBELL RIVER,BC,V9W 4C4,Blake.D.Bell@dodgit.com,250-204-9540
Elisabeth,Mitchell,2968 102nd Avenue,CRANBROOK,BC,V1C 2R9,Elisabeth.V.Mitchell@trashymail.com,250-420-1625
Robert,Green,3694 rue Garneau,QUEBEC,QC,G1V 3V5,Robert.J.Green@dodgit.com,418-659-3225
Mary,Davidson,3582 boulevard des Laurentides,PONT VIAU,QC,H3B 1A1,Mary.H.Davidson@mailinator.com,450-901-5745
Aaron,Gregorio,1193 Galts Ave,RED DEER,AB,T4N 2A6,Aaron.S.Gregorio@pookmail.com,403-391-2647
Joseph,Templeton,16 Speers Road,OAKVILLE,ON,L6L 2X5,Joseph.J.Templeton@spambob.com,905-599-7124
Dane,Alvarez,4226 Island Hwy,CAMPBELL RIVER,BC,V9W 2X6,Dane.R.Alvarez@dodgit.com,250-203-3743
Joyce,Moore,982 Reserve St,PALMER RAPIDS,ON,K0J 2E0,Joyce.M.Moore@dodgit.com,613-758-8142
Chase,Finley,3209 St Jean Baptiste St,STE FELICITE,QC,G0J 2K0,Chase.K.Finley@dodgit.com,418-733-0666
Carol,Galvin,4917 Tolmie St,VANCOUVER,BC,V6R 4C5,Carol.J.Galvin@dodgit.com,604-827-4234
Robert,Lauer,3882 137th Avenue,EDMONTON,AB,T5J 2Z2,Robert.L.Lauer@pookmail.com,780-716-7998
Ryan,Montanez,1290 40th Street,CALGARY,AB,T2M 0G6,Ryan.P.Montanez@trashymail.com,403-230-4778
Sherry,Wilbanks,1662 Shaughnessy St,PORT COQUITLAM,BC,V3C 4S7,Sherry.B.Wilbanks@mailinator.com,604-945-1231
Doreen,Russell,1918 Bay Street,TORONTO,ON,M5J 2R8,Doreen.P.Russell@dodgit.com,416-820-4950
Melissa,Servin,1770 James Street,BURNABY,BC,V5G 1J9,Melissa.C.Servin@spambob.com,604-250-9834
Patrice,Hill,3585 Blanshard,VICTORIA,BC,V8W 2H9,Patrice.T.Hill@mailinator.com,250-356-4392
William,Taylor,283 MacLaren Street,OTTAWA,ON,K1P 5M7,William.E.Taylor@dodgit.com,613-594-4832
Sarah,Gray,579 Rue King,SHERBROOKE,QC,J1H 1R4,Sarah.C.Gray@dodgit.com,819-346-2931
Paul,Thompson,4040 René-Lévesque Blvd,MONTREAL,QC,H3B 4W8,Paul.E.Thompson@trashymail.com,514-836-5826
Gabrielle,Jones,752 Sixth Street,NEW WESTMINISTER,BC,V3L 3C1,Gabrielle.O.Jones@trashymail.com,604-838-5183
Margie,Paul,3585 Dry Pine Bay Rd,CONISTON,ON,P0M 1M0,Margie.W.Paul@dodgit.com,705-694-5282
Doreen,Santillan,1931 Roger Street,NANAIMO,BC,V9R 5H9,Doreen.M.Santillan@pookmail.com,250-927-0704
Zora,Rueda,300 Harvest Moon Dr,UNIONVILLE,ON,L3R 0L7,Zora.G.Rueda@spambob.com,905-415-2847
Edward,Nutter,4282 Orenda Rd,BRAMPTON,ON,L6W 1Z2,Edward.E.Nutter@spambob.com,905-460-0429
Mary,Bledsoe,1768 Maynard Rd,CALGARY,AB,T2E 6J8,Mary.A.Bledsoe@pookmail.com,403-923-7064
Warren,Jones,3830 McGill Road,KAMLOOPS,BC,V2C 5R8,Warren.R.Jones@spambob.com,250-851-8540
David,Brown,4553 Paris St,SUDBURY,ON,P3E 4N2,David.R.Brown@pookmail.com,705-561-1179
Amanda,Black,3113 Pitt St,CORNWALL,ON,K6J 3R2,Amanda.C.Black@pookmail.com,613-932-5095
Andrew,Martinez,4907 Islington Ave,TORONTO,ON,M8V 3B6,Andrew.G.Martinez@spambob.com,416-427-1666
Frank,Mendez,2277 Nelson Street,EAGLE RIVER,ON,P0V 1S0,Frank.J.Mendez@spambob.com,807-755-3198
Pablo,Ames,2409 40th Street,CALGARY,AB,T2T 2Y6,Pablo.G.Ames@spambob.com,403-243-9375
Jacob,White,323 Jasper Avenue,EDMONTON,AB,T5J 3N2,Jacob.A.White@dodgit.com,780-267-3344
Raymond,Morgan,1410 Galts Ave,RED DEER,AB,T4N 2A6,Raymond.M.Morgan@dodgit.com,403-782-8657
Matthew,Curry,4935 40th Street,CALGARY,AB,T2C 2P3,Matthew.C.Curry@spambob.com,403-203-6636
William,Boylan,4958 Smith Avenue,HAMILTON,ON,L9H 1E6,William.D.Boylan@pookmail.com,905-541-1272
Ernest,Berryhill,1542 Wallbridge Loyalist Rd,BELLEVILLE,ON,K8N 1L9,Ernest.J.Berryhill@mailinator.com,613-961-3650
James,Hutchinson,853 Paris St,SUDBURY,ON,P3A 1Z6,James.C.Hutchinson@dodgit.com,705-521-2378
Nancy,Perry,349 Hardy Street,KELOWNA,BC,V1Y 8H2,Nancy.J.Perry@mailinator.com,250-826-6484
Dorothy,Barber,2287 Old Spallumcheen Rd,KEREMEOS,BC,V0X 1N0,Dorothy.R.Barber@mailinator.com,250-499-5348
Susan,Jones,359 Rue De La Gare,DOLBEAU,QC,G8L 1C3,Susan.W.Jones@pookmail.com,418-276-3147
Guadalupe,Odom,325 Paris St,SUDBURY,ON,P3E 4K2,Guadalupe.D.Odom@mailinator.com,705-698-9624
Wanda,Carter,4584 MacLaren Street,OTTAWA,ON,K1P 5M7,Wanda.A.Carter@trashymail.com,613-783-0868
Scott,Dahl,2161 Kennedy Rd,LINDSAY,ON,K9V 4A4,Scott.E.Dahl@spambob.com,705-953-2472
Marlene,Walker,3217 St. John Street,CHRISTOPHER LAKE,SK,S4P 3Y2,Marlene.R.Walker@mailinator.com,306-982-3750
Danielle,Fillion,4415 Lake City Way,BURNABY,BC,V5A 2Z6,Danielle.R.Fillion@pookmail.com,604-612-7431
Marguerite,Hooper,845 Merivale Road,OTTAWA,ON,K2G 3K2,Marguerite.J.Hooper@pookmail.com,613-224-7959
Gertrude,Voss,4323 Goyeau Ave,WINDSOR,ON,N9A 1H9,Gertrude.M.Voss@spambob.com,519-792-2783
Charles,Nash,3088 Dominion St,MOOSE CREEK,ON,K0C 1W0,Charles.M.Nash@spambob.com,613-538-6228
Jeffrey,Diaz,3418 Lauzon Parkway,WINDSOR,ON,N9A 7A2,Jeffrey.D.Diaz@pookmail.com,519-566-5945
Katelyn,Walters,313 Parkdale Avenue,HAMILTON,ON,L8K 1A4,Katelyn.J.Walters@trashymail.com,905-544-0379
John,Redmond,2553 102nd Avenue,DAWSON CREEK,BC,V1G 2C4,John.A.Redmond@pookmail.com,250-719-9363
Jennifer,Miller,4221 Davis Drive,ORILLIA,ON,L3V 1T4,Jennifer.J.Miller@trashymail.com,705-238-1590
Richard,Dennison,2682 avenue de Port-Royal,BONAVENTURE,QC,G0C 1E0,Richard.J.Dennison@mailinator.com,418-299-0358
Megan,Sexton,2692 Speers Road,OAKVILLE,ON,L6L 2X5,Megan.D.Sexton@mailinator.com,289-242-0645
Nancy,Zebrowski,3932 Barton Street,HAMILTON,ON,L8P 1P8,Nancy.T.Zebrowski@pookmail.com,905-746-2265
Scott,Nelson,629 Stum Lake Road,RISKE CREEK,BC,V0L 1T0,Scott.S.Nelson@pookmail.com,250-659-6103
Joseph,Daum,112 Yoho Valley Road,GOLDEN,BC,V0A 1H0,Joseph.P.Daum@spambob.com,250-290-8061
Gretchen,Jenkins,1137 Lauzon Parkway,WINDSOR,ON,N8Y 4V1,Gretchen.G.Jenkins@spambob.com,519-996-1220
James,Moler,555 Tycos Dr,TORONTO,ON,M5T 1T4,James.J.Moler@dodgit.com,416-978-5293
Walter,Brown,1431 Leslie Street,NEWMARKET,ON,L3Y 2A3,Walter.K.Brown@dodgit.com,905-716-5076
Mitchel,Ames,3681 Alaska Hwy,DEASE LAKE,BC,V0C 1L0,Mitchel.M.Ames@pookmail.com,250-771-2857
Jenni,Gaylord,3761 Montreal Road,OTTAWA,ON,K1L 6C7,Jenni.J.Gaylord@dodgit.com,613-951-0074
Katherine,Schmitz,971 rue Levy,MONTREAL,QC,H3C 5K4,Katherine.E.Schmitz@dodgit.com,514-970-2185
Michelle,Holyfield,2597 Albert Street,STRATFORD,ON,N5A 3K5,Michelle.J.Holyfield@dodgit.com,519-801-6279
Charles,Jarnagin,366 Mesa Vista Drive,CACHE CREEK,BC,V0K 1H0,Charles.R.Jarnagin@pookmail.com,250-457-8727
Hilda,Sullivan,2582 rue Levy,MONTREAL,QC,H3C 5K4,Hilda.J.Sullivan@trashymail.com,514-919-4055
Gary,Stevens,1214 Lake City Way,BURNABY,BC,V5A 2Z6,Gary.K.Stevens@mailinator.com,604-803-6003
Desiree,Cottrell,389 St George Street,VANCOUVER,BC,V5T 1Z7,Desiree.A.Cottrell@dodgit.com,604-877-4770
Adele,Champagne,3199 rue Fournier,MASCOUCHE,QC,J7K 1T3,Adele.P.Champagne@pookmail.com,450-966-8582
Jennifer,Berryhill,4744 Gorham Street,LONDON,ON,N0N 0N0,Jennifer.P.Berryhill@dodgit.com,519-673-9529
David,Sedlak,1146 Baker Street,COBOURG,ON,N0N 0N0,David.M.Sedlak@pookmail.com,905-376-7051
Rebecca,Cunningham,4909 Tolmie St,VANCOUVER,BC,V6R 4C5,Rebecca.R.Cunningham@mailinator.com,604-221-5899
Lisa,Lewis,2973 Galts Ave,RED DEER,AB,T4N 2A6,Lisa.D.Lewis@pookmail.com,403-505-6741
Luvenia,Turner,3580 Edson Drive,HINTON,AB,T7V 1E8,Luvenia.O.Turner@trashymail.com,780-817-4612
Floyd,Bashir,334 Kennedy Rd,LINDSAY,ON,K9V 4A4,Floyd.R.Bashir@trashymail.com,705-344-2745
Mark,Martin,591 Kinchant St,SARDIS,BC,V2R 1C8,Mark.M.Martin@mailinator.com,604-824-6427
Michelle,Gray,2448 Fallon Drive,BLYTH,ON,N0M 1H0,Michelle.R.Gray@mailinator.com,519-523-7531
Joseph,Shepherd,718 Royal Avenue,NEW WESTMINSTER,BC,V3L 5H1,Joseph.D.Shepherd@dodgit.com,778-863-8042
Alison,Carlson,3079 Bank St,OTTAWA,ON,K1H 7Z1,Alison.R.Carlson@trashymail.com,613-733-5852
Wanda,Shane,4004 Higginsville Road,HALIFAX,NS,B0N 1R0,Wanda.D.Shane@spambob.com,902-444-2773
Anthony,Roberts,3302 Bay Street,TORONTO,ON,M5J 2R8,Anthony.S.Roberts@mailinator.com,647-886-7928
Justin,Garrett,3705 Pearl Street,STREETSVILLE,ON,L5M 1X2,Justin.M.Garrett@dodgit.com,905-826-2398
Scot,Gaiser,2486 Brew Creek Rd,SECHELT,BC,V0N 3A0,Scot.S.Gaiser@pookmail.com,604-885-9375
Edwin,Martinez,2564 Holdom Avenue,SURREY,BC,V3T 4Y5,Edwin.Y.Martinez@trashymail.com,604-587-9208
Kurt,Haynie,598 Parkdale Avenue,HAMILTON,ON,L8K 1A4,Kurt.M.Haynie@trashymail.com,905-545-5369
Herman,Smith,854 Adelaide St,TORONTO,ON,M5H 1P6,Herman.E.Smith@spambob.com,416-504-4172
Jonathan,Evans,3492 Hammarskjold Dr,BURNABY,BC,V5B 3C9,Jonathan.J.Evans@mailinator.com,604-320-0484
Jesus,Bradshaw,4051 Scotchmere Dr,SARNIA,ON,N7S 3Y2,Jesus.M.Bradshaw@pookmail.com,519-541-3093
Justin,Mcroberts,2305 Robson St,VANCOUVER,BC,V6B 3K9,Justin.W.Mcroberts@trashymail.com,604-667-9334
Helen,Thompson,70 Calgary Avenue,PENTICTON,BC,V2A 2T6,Helen.G.Thompson@trashymail.com,250-770-8306
Patricia,Watson,1987 Sheppard Ave,TORONTO,ON,M1S 1T4,Patricia.N.Watson@dodgit.com,416-684-3612
Bobby,Stewart,2631 Bayfield St,BARRIE,ON,L4M 4S7,Bobby.E.Stewart@spambob.com,705-828-2900
Ray,Howell,4648 rue Saint-Antoine,ST HYACINTHE,QC,J2S 8R8,Ray.M.Howell@trashymail.com,450-252-8648
Cynthia,Lanz,2732 Scotchmere Dr,CHATHAM,ON,N7M 2H1,Cynthia.D.Lanz@dodgit.com,519-388-2455
Nicole,Kawakami,3595 11th Ave,CALGARY,AB,T2P 1M6,Nicole.C.Kawakami@mailinator.com,403-508-4931
Queen,Diamond,2360 47th Avenue,ST PAUL,AB,T0A 3A0,Queen.N.Diamond@pookmail.com,780-645-0539
Elvin,Barnes,4454 Kinchant St,QUESNEL,BC,V2J 2R5,Elvin.T.Barnes@spambob.com,250-991-3982
Laurie,Debusk,2948 Bloor Street,LAVOY,AB,T0B 2S0,Laurie.R.Debusk@pookmail.com,780-658-3997
Juanita,Mckenzie,4416 49th Avenue,HOLMAN,NT,X0E 0S0,Juanita.J.Mckenzie@mailinator.com,867-396-1088
Sandra,Huff,4517 St Marys Rd,WINNIPEG,MB,R3C 3N9,Sandra.C.Huff@pookmail.com,204-887-7127
Margaret,Robinson,3131 Bank St,OTTAWA,ON,K1H 7Z1,Margaret.M.Robinson@dodgit.com,613-247-2946
Michelle,Gonzalez,1104 rue Saint-Antoine,DRUMMONDVILLE,QC,J2B 1G6,Michelle.J.Gonzalez@spambob.com,819-388-1933
Ryan,Mcclintock,1199 Blanshard,VICTORIA,BC,V8W 2H9,Ryan.F.Mcclintock@dodgit.com,250-213-8712
Eddie,Murray,3091 Exmouth Street,SARNIA,ON,N7T 4C8,Eddie.S.Murray@spambob.com,519-383-4711
Charles,Brown,3672 Lynden Road,GORMLEY,ON,L0H 1G0,Charles.L.Brown@dodgit.com,905-887-3796
Josephine,Villa,3312 Barrydowne Road,SUDBURY,ON,P3E 5K3,Josephine.M.Villa@dodgit.com,705-675-2947
Bertha,Labbe,1081 Yonge Street,TORONTO,ON,M4W 1J7,Bertha.R.Labbe@pookmail.com,416-326-5204
Lilian,Bond,3882 1st Ave,YORKTON,SK,S3N 2V6,Lilian.S.Bond@dodgit.com,306-641-7344
James,Ramos,2788 99th St,GRANDE PRAIRIE,AB,T8V 0S1,James.M.Ramos@dodgit.com,780-933-3482
George,Grimes,636 Kinchant St,CHILAKO RIVER,BC,V2N 4M6,George.B.Grimes@spambob.com,250-560-4549
Scotty,Penn,2256 49th Avenue,FORT PROVIDENCE,NT,X0E 0L0,Scotty.D.Penn@dodgit.com,867-699-4455
Stanley,Gary,4810 Carling Avenue,OTTAWA,ON,K1Z 7B5,Stanley.M.Gary@trashymail.com,613-725-0290
Joyce,Martin,123 Boulevard Laflèche,RIVIERE DU LOUP,QC,G5R 3E9,Joyce.T.Martin@dodgit.com,418-863-2700
Donald,Beaty,4713 Wellington Street,TORONTO,ON,M9C 3J5,Donald.M.Beaty@spambob.com,905-206-1056
Mary,Lott,1714 Eglinton Avenue,TORONTO,ON,M4P 1A6,Mary.W.Lott@trashymail.com,647-882-8007
Stanley,Gutierrez,4897 De L'Acadie Boul,MONTREAL,QC,H4N 3C5,Stanley.R.Gutierrez@pookmail.com,514-386-6947
Teresita,Head,2761 Barrydowne Road,SUDBURY,ON,P3E 5K3,Teresita.A.Head@dodgit.com,705-665-6718
Ricardo,Burleigh,4340 Rayborn Crescent,ST ALBERT,AB,T8N 1C7,Ricardo.E.Burleigh@trashymail.com,780-418-6484
Isabel,Damore,3124 Adelaide St,TORONTO,ON,M5H 1P6,Isabel.C.Damore@mailinator.com,416-395-8845
Kevin,Pineda,4155 Robson St,VANCOUVER,BC,V6B 3K9,Kevin.J.Pineda@mailinator.com,604-633-3706
Donald,Pacheco,3672 St Jean Baptiste St,DISRAELI,QC,G0N 1E0,Donald.M.Pacheco@mailinator.com,418-449-7389
Jennie,Hatch,4586 chemin Georges,LAVALTRIE,QC,J0K 1H0,Jennie.R.Hatch@pookmail.com,450-586-7811
Craig,Johnson,4173 Exmouth Street,SARNIA,ON,N7T 4C8,Craig.J.Johnson@pookmail.com,519-490-8215
Ronald,Schramm,4152 Carling Avenue,OTTAWA,ON,K1Z 7B5,Ronald.G.Schramm@pookmail.com,613-296-2931
Margaret,Bauman,1839 Haaglund Rd,GREENWOOD,BC,V0H 1J0,Margaret.W.Bauman@spambob.com,250-445-1154
Eleanor,Gallaher,3401 Main St,CARNDUFF,SK,S0C 0S0,Eleanor.M.Gallaher@pookmail.com,306-482-2453
Matilda,Swanson,1316 5th Avenue,FOX CREEK,AB,T0H 1P0,Matilda.T.Swanson@mailinator.com,780-622-2300
Frederick,Alvarado,2321 40th Street,CALGARY,AB,T2A 1C8,Frederick.L.Alvarado@pookmail.com,403-207-5153
Bridget,Peterson,1079 Bay Street,TORONTO,ON,M5J 2R8,Bridget.R.Peterson@trashymail.com,416-830-2321
Virginia,Kirkpatrick,3468 Wascana Parkway,REGINA,SK,S4S 2R3,Virginia.J.Kirkpatrick@mailinator.com,306-791-9984
Doris,Richardson,3155 Albert Street,LONDON,ON,N5W 5K6,Doris.W.Richardson@spambob.com,519-453-8844
Arthur,Reaves,3910 rue Parc,SHERBROOKE,QC,J1H 1R6,Arthur.M.Reaves@mailinator.com,819-574-1743
Robert,French,1853 Rose Street,REGINA,SK,S4P 3Y2,Robert.S.French@mailinator.com,306-539-3700
Mary,Gee,148 Haaglund Rd,LOWER POST,BC,V0H 0H0,Mary.N.Gee@mailinator.com,250-779-4720
Thomas,Whitley,3376 Jade St,RICHMOND,BC,V7E 2E4,Thomas.D.Whitley@trashymail.com,604-277-7422
Arthur,Goodnight,4402 Kinchant St,CHIEF LAKE,BC,V2N 2J1,Arthur.J.Goodnight@dodgit.com,250-967-1419
Andres,Parham,485 Albert Street,HODGEVILLE,SK,S4P 3Y2,Andres.E.Parham@trashymail.com,306-677-2718
Otis,Pressley,34 Nelson Street,CONNAUGHT,ON,P0N 1A0,Otis.J.Pressley@spambob.com,705-363-9264
Guy,Cormack,2481 Blanshard,VICTORIA,BC,V8W 2H9,Guy.E.Cormack@pookmail.com,250-812-3186
Henry,Sanders,926 St. Paul Street,ST CATHARINES,ON,L2R 7L4,Henry.S.Sanders@trashymail.com,905-328-0281
James,Land,1491 Algoma St,THUNDER BAY,ON,P7A 4T3,James.C.Land@pookmail.com,807-683-9063
Lennie,Kivett,39 Kinchant St,CLUCULZ LAKE,BC,V2N 4T6,Lennie.A.Kivett@spambob.com,250-441-3142
Yuonne,Whitmore,1175 Main St,SUNDRE,AB,T0M 1X0,Yuonne.R.Whitmore@pookmail.com,403-638-6419
Isela,Emery,2106 Albert Street,LONDON,ON,N5W 5K6,Isela.W.Emery@pookmail.com,519-457-6237
James,Caraway,4353 Boulevard Ste-Geneviève,ST AMBROISE DE CHICOUTIMI,QC,G7P 2K6,James.M.Caraway@pookmail.com,418-672-0813
Angelita,Vasquez,3701 Port Washington Road,CARSTAIRS,AB,T0M 0N0,Angelita.D.Vasquez@pookmail.com,403-337-8332
Kimberly,Wagner,2019 King George Hwy,SURREY,BC,V3W 4E3,Kimberly.R.Wagner@mailinator.com,604-598-6426
William,Johnson,2537 River Street,INWOOD,ON,N0N 1K0,William.N.Johnson@dodgit.com,519-844-5739
William,Herrera,2569 Fourth Avenue,CALGARY,AB,T2P 0H3,William.M.Herrera@trashymail.com,403-630-3167
Robert,Seay,703 rue Boulay,STE HELENE DE BAGOT,QC,J0H 1M0,Robert.E.Seay@spambob.com,450-791-5810
Patricia,Ruvalcaba,2255 Yonge Street,TORONTO,ON,M4W 1J7,Patricia.F.Ruvalcaba@spambob.com,416-972-5062
George,Capps,183 Nootka Street,VANCOUVER,BC,V5M 3M5,George.C.Capps@mailinator.com,778-231-2310
Joshua,Nagle,2444 rue Parc,SHERBROOKE,QC,J1H 1R6,Joshua.E.Nagle@mailinator.com,819-571-5809
Margaret,Doolittle,305 Gorham Street,LONDON,ON,N0N 0N0,Margaret.W.Doolittle@spambob.com,519-673-8578
Sharon,Blackwell,2250 Tolmie St,RICHMOND,BC,V6X 2W7,Sharon.E.Blackwell@dodgit.com,604-288-1701
Winona,Genova,4208 Richmond Road,CALGARY,AB,T2T 0C6,Winona.R.Genova@trashymail.com,403-209-3493
Melanie,Pham,2913 Bayfield St,RICHMOND HILL,ON,L4C 3Y2,Melanie.C.Pham@spambob.com,905-737-6466
Mary,Melendez,3799 White Point Road,DIGBY,NS,B0V 1A0,Mary.J.Melendez@mailinator.com,902-249-6382
Frankie,Murray,3374 Roger Street,COMOX,BC,V9N 5N1,Frankie.J.Murray@trashymail.com,250-339-8788
Joyce,Mills,762 Pine Street,BRETON,AB,T0C 0P0,Joyce.J.Mills@dodgit.com,780-696-6724
Aimee,Molina,527 Yonge Street,TORONTO,ON,M4W 1J7,Aimee.M.Molina@mailinator.com,416-314-2463
Henry,Davidson,4450 Park Ct,GRANDE CACHE,AB,T0E 0Y0,Henry.E.Davidson@pookmail.com,780-827-8662
Silvia,Sears,4719 Eglinton Avenue,TORONTO,ON,M4P 1A6,Silvia.J.Sears@mailinator.com,647-401-3080
Leonora,Solis,2365 56th Street,WETASKIWIN,AB,T9A 1N8,Leonora.S.Solis@dodgit.com,780-312-7566
Dorothy,Gomez,4048 2nd Street,OAKBANK,MB,R0E 1J0,Dorothy.D.Gomez@pookmail.com,204-541-1560
Toni,Beadle,2121 Kinchant St,QUESNEL,BC,V2J 2R5,Toni.S.Beadle@spambob.com,250-983-1252
Annis,Murray,3423 Bloor Street,FORESTBURG,AB,T0B 1N0,Annis.C.Murray@trashymail.com,780-582-5916
Mary,Cloud,2326 Islington Ave,TORONTO,ON,M9V 2X5,Mary.R.Cloud@pookmail.com,416-747-1664
Francis,Cutler,2075 Walsh Street,THUNDER BAY,ON,P7E 1J5,Francis.A.Cutler@dodgit.com,807-627-8246
William,Flores,2530 Papineau Avenue,MONTREAL,QC,H2K 4J5,William.J.Flores@spambob.com,514-758-6723
Mary,Salazar,3051 Burdett Avenue,VICTORIA,BC,V8Z 2J8,Mary.K.Salazar@trashymail.com,250-704-2639
Leanne,Anderson,4097 Blind Bay Road,ARMSTRONG,ON,V0E 1B0,Leanne.D.Anderson@dodgit.com,807-982-2987
John,Watson,4113 Pitfield Blvd,DOLLARD DES ORMEAUX,QC,H9B 1R2,John.J.Watson@mailinator.com,514-752-4357
Michael,Gauvin,4471 49th Avenue,CLYDE RIVER,NT,X0A 0E0,Michael.R.Gauvin@dodgit.com,867-924-6782
Larry,Cottrell,890 Carlson Road,PRINCE GEORGE,BC,V2L 5E5,Larry.L.Cottrell@mailinator.com,250-640-6677
William,Wilson,546 Acton Avenue,TORONTO,ON,M3H 4J1,William.K.Wilson@pookmail.com,416-375-2743
Leslie,Moore,1506 St-Jerome Street,ST JEROME,QC,S4P 3Y2,Leslie.M.Moore@mailinator.com,450-436-1987
Frank,Chambers,3210 Sherbrooke Ouest,MONTREAL,QC,H4A 1H3,Frank.S.Chambers@pookmail.com,514-512-6430
Faye,Ballard,1655 Wyecroft Road,BOLTON,ON,L7E 2C2,Faye.J.Ballard@dodgit.com,905-857-0743
Ann,England,3704 Heritage Drive,CALGARY,AB,T2V 2W2,Ann.J.England@trashymail.com,403-998-7524
Rhonda,Blake,3070 Main St,THREE HILLS,AB,T0M 2A0,Rhonda.B.Blake@spambob.com,403-443-2988
Sharon,Cofield,3636 137th Avenue,EDMONTON,AB,T5J 2Z2,Sharon.R.Cofield@trashymail.com,780-708-7157
Jill,Desantis,4883 Riedel Street,FORT MCMURRAY,AB,T9H 3J9,Jill.C.Desantis@pookmail.com,780-743-7127
Diana,Anwar,539 Orenda Rd,BRAMPTON,ON,L6W 1Z2,Diana.R.Anwar@pookmail.com,905-796-7065
Larry,Pitt,4035 Dominion St,FINCH,ON,K0C 1K0,Larry.R.Pitt@dodgit.com,613-984-5926
Steve,Brockington,556 Sable Street,MINDEMOYA,ON,P0P 1S0,Steve.S.Brockington@trashymail.com,705-377-6444
Harry,Powell,1616 Maynard Rd,CALGARY,AB,T2E 6J8,Harry.B.Powell@dodgit.com,403-921-1696
Lynn,Ryckman,2060 Kinchant St,QUESNEL,BC,V2J 2R5,Lynn.S.Ryckman@pookmail.com,250-992-8932
Stacie,Pounds,606 Merivale Road,KANATA,ON,K2K 1L9,Stacie.F.Pounds@dodgit.com,613-591-7692
Jack,Bennett,501 Bank St,OTTAWA,ON,K1H 7Z1,Jack.I.Bennett@mailinator.com,613-816-7338
Donald,Gilmer,1052 Bayfield St,WOODBRIDGE,ON,L4L 8Z7,Donald.B.Gilmer@trashymail.com,905-652-9032
Otis,Fowler,2959 5th Avenue,WEMBLEY,AB,T0H 3S0,Otis.F.Fowler@mailinator.com,780-766-0179
Mariano,Cao,240 Maria St,BURLINGTON,ON,L7R 2G6,Mariano.D.Cao@pookmail.com,905-633-2642
Carol,Newton,1985 Lillooet Street,MOOSE JAW,SK,S6H 7T1,Carol.C.Newton@mailinator.com,306-684-7331
Hector,Warnock,4797 50th Street,VEGREVILLE,AB,T9C 1S1,Hector.R.Warnock@dodgit.com,780-210-5578
Susana,Hession,4491 Rose Street,REGINA,SK,S4P 3Y2,Susana.G.Hession@dodgit.com,306-566-7616
Donald,Carpenter,637 Reserve St,YARKER,ON,K0K 3N0,Donald.S.Carpenter@spambob.com,613-377-8260
Dean,Burns,674 James Street,MOOSE FACTORY,ON,P0L 1W0,Dean.K.Burns@dodgit.com,705-658-4316
Pat,Leonard,2403 Smith Avenue,HAMILTON,ON,L9H 1E6,Pat.R.Leonard@spambob.com,905-515-5169
Megan,Chadwick,2415 rue de la Gauchetière,MONTREAL,QC,H3B 2M3,Megan.M.Chadwick@spambob.com,514-497-6319
Aurora,Escobedo,4702 Thatcher Avenue,LLOYDMINSTER,SK,S9V 0X5,Aurora.R.Escobedo@mailinator.com,306-821-6445
Ramon,Tully,4540 De la Providence Avenue,HULL,QC,J8Y 3Y5,Ramon.R.Tully@mailinator.com,819-360-0766
Laronda,Matos,3210 McGill Road,KAMLOOPS,BC,V2C 5R8,Laronda.T.Matos@dodgit.com,250-320-4882
Helen,Palmer,4840 St Marys Rd,WINNIPEG,MB,R3B 3K6,Helen.J.Palmer@dodgit.com,204-880-3959
Lucy,Kline,3622 Toy Avenue,OSHAWA,ON,L1G 6Z8,Lucy.N.Kline@pookmail.com,905-243-9594
Kurt,Leduc,2878 Speers Road,OAKVILLE,ON,L6J 4Z3,Kurt.R.Leduc@spambob.com,905-580-9972
George,Snodgrass,3207 Sherbrooke Ouest,MONTREAL,QC,H4A 1H3,George.C.Snodgrass@spambob.com,514-516-8462
William,Gonzalez,1706 Wyecroft Road,BURLINGTON,ON,L7R 3X7,William.L.Gonzalez@dodgit.com,905-407-9961
Gwyn,Novak,4338 Nelson Street,SHEBANDOWAN,ON,P0T 2T0,Gwyn.M.Novak@mailinator.com,807-926-0434
Jason,Dunphy,2447 Tanner Street,VANCOUVER,BC,V5R 2T4,Jason.C.Dunphy@trashymail.com,604-454-7356
Franklin,Handy,4541 rue Garneau,QUEBEC,QC,G1V 3V5,Franklin.D.Handy@dodgit.com,418-563-9225
Herbert,Stitt,3201 Halsey Avenue,TORONTO,ON,M3B 2W6,Herbert.S.Stitt@mailinator.com,416-381-0323
Stephanie,Whipple,4352 Kinchant St,PRINCE GEORGE,BC,V2L 3H9,Stephanie.H.Whipple@mailinator.com,250-552-4353
Martha,Heroux,3018 René-Lévesque Blvd,MONTREAL,QC,H3B 4W8,Martha.J.Heroux@spambob.com,514-572-1635
Edward,Harrison,4247 Nelson Street,SHEBANDOWAN,ON,P0T 2T0,Edward.C.Harrison@trashymail.com,807-926-8061
Edith,Jensen,2717 Reserve St,PALMER RAPIDS,ON,K0J 2E0,Edith.D.Jensen@dodgit.com,613-758-2128
Edith,Ross,4098 56th Street,WETASKIWIN,AB,T9A 1N8,Edith.E.Ross@mailinator.com,780-361-2993
Edna,Thompson,4868 Albert Street,KITCHENER,ON,N2L 3V2,Edna.R.Thompson@spambob.com,519-883-1918
David,White,112 Fallon Drive,HARRISTON,ON,N0G 1Z0,David.M.White@mailinator.com,519-338-1959
Daniel,Suits,4711 Heatherleigh,COOKSVILLE,ON,L5A 1V9,Daniel.J.Suits@spambob.com,905-756-2329
Justin,Covington,3707 137th Avenue,EDMONTON,AB,T5B 3V4,Justin.E.Covington@pookmail.com,780-378-2669
Ralph,Ford,1840 Kinchant St,CHILAKO RIVER,BC,V2N 4M6,Ralph.D.Ford@trashymail.com,250-560-3863
Lillian,Tennant,3603 Wentz Avenue,SASKATOON,SK,S7K 7A9,Lillian.T.Tennant@spambob.com,306-341-1900
Ted,Jones,4471 40th Street,CALGARY,AB,T2K 0P7,Ted.G.Jones@dodgit.com,403-516-0606
Matthew,Miller,3995 Sixth Street,NEW WESTMINSTER,BC,V3L 3C1,Matthew.T.Miller@dodgit.com,604-523-1531
Charles,Woodland,2371 Sturgeon Drive,GRANDE PRAIRIE,AB,T8V 2V4,Charles.B.Woodland@trashymail.com,780-876-0102
Mark,Niemann,4046 Glover Road,LANGLEY,BC,V3A 4P6,Mark.K.Niemann@trashymail.com,604-807-1544
Douglas,Garcia,2468 Kinchant St,PRINCE GEORGE,BC,V2L 3H9,Douglas.A.Garcia@mailinator.com,250-552-8851
Robert,Hayes,3344 Cornwall Street,ESTEVAN,SK,S4A 0W6,Robert.L.Hayes@spambob.com,306-421-2740
Johnny,Martin,4106 Jasper Avenue,EDMONTON,AB,T5J 3N2,Johnny.J.Martin@dodgit.com,780-238-0606
Joyce,Mayfield,4593 Glover Road,FORT LANGLEY,BC,V3A 6X5,Joyce.P.Mayfield@trashymail.com,604-881-7794
Barbara,Doyle,1240 Tycos Dr,TORONTO,ON,M5T 1T4,Barbara.J.Doyle@pookmail.com,416-979-1973
James,Guzman,533 Brook St,BRIDGEWATER,NS,B4V 1B1,James.E.Guzman@dodgit.com,902-530-1052
Ashley,Parr,954 King George Hwy,SURREY,BC,V3W 4E3,Ashley.T.Parr@spambob.com,604-594-9621
Yvonne,Dayton,1255 Lillooet Street,PRINCE ALBERT,SK,S6V 1B3,Yvonne.F.Dayton@pookmail.com,306-953-0687
Janet,Fuselier,812 Glover Road,SURREY,BC,V3T 2B3,Janet.C.Fuselier@mailinator.com,604-495-1688
Sam,Thomas,3289 Reserve St,WESTMEATH,ON,K0J 2L0,Sam.L.Thomas@dodgit.com,613-587-9863
Fernando,Lewis,1627 11th Ave,CALGARY,AB,T2P 1M6,Fernando.H.Lewis@pookmail.com,403-268-6905
Carol,Swain,334 Brant Ave,GLENDON,AB,T1T 1T1,Carol.J.Swain@dodgit.com,780-635-9027
Gary,Mitchell,3340 Northumberland Street,BRESLAU,ON,N0B 1M0,Gary.C.Mitchell@mailinator.com,519-648-3067
Ana,Eastman,3645 Bay Street,TORONTO,ON,M5J 2R8,Ana.R.Eastman@spambob.com,416-731-7449
Jason,Williams,3516 Nelson Street,MINAKI,ON,P0X 1J0,Jason.J.Williams@trashymail.com,807-927-0827
Grace,Young,2294 Kinchant St,CHILLIWACK,BC,V2P 2S6,Grace.R.Young@dodgit.com,604-799-4849
Debbie,West,657 Central Pkwy,PORT CREDIT,ON,L5G 1K2,Debbie.H.West@pookmail.com,905-274-1423
Ricky,Lyon,2498 99th St,GRANDE PRAIRIE,AB,T8V 0S1,Ricky.L.Lyon@mailinator.com,780-513-0618
Anna,Fernandez,3486 Yonge Street,TORONTO,ON,M4W 1J7,Anna.C.Fernandez@pookmail.com,416-963-1603
Jeffery,Hays,2790 102nd Avenue,CRANBROOK,BC,V1C 2R9,Jeffery.L.Hays@trashymail.com,250-423-4264
Rex,Collins,3682 Riedel Street,FORT MCMURRAY,AB,T9H 3J9,Rex.T.Collins@spambob.com,780-791-7367
Gary,Torres,3785 184th Street,EDMONTON,AB,T5J 2R4,Gary.K.Torres@spambob.com,780-221-7186
Kevin,Guerin,3238 Nootka Street,VANCOUVER,BC,V5M 3M5,Kevin.O.Guerin@trashymail.com,778-840-7558
Leilani,Pointer,3515 Sixth Street,NEW WESTMINSTER,BC,V3L 3C1,Leilani.M.Pointer@pookmail.com,604-527-4788
Angela,Aguirre,4807 Robson St,VANCOUVER,BC,V6B 3K9,Angela.V.Aguirre@trashymail.com,604-809-7718
Barbara,Powell,2013 Victoria Park Ave,TORONTO,ON,M2J 3T7,Barbara.W.Powell@trashymail.com,416-794-9321
Brian,Ary,578 Robson St,VANCOUVER,BC,V6B 3K9,Brian.D.Ary@pookmail.com,604-992-9590
Roger,Pridgen,2301 Thurston Dr,OTTAWA,ON,K1P 1C1,Roger.M.Pridgen@mailinator.com,613-683-0795
Nona,Luna,3638 avenue Royale,QUEBEC,QC,G1E 2L3,Nona.J.Luna@spambob.com,418-997-6096
Jeremy,Hall,877 Kinchant St,WILLIAMS LAKE,BC,V2G 1H9,Jeremy.B.Hall@trashymail.com,250-398-7908
Latosha,Garcia,2954 Lynden Road,BROOKLIN,ON,L0B 1C0,Latosha.C.Garcia@pookmail.com,905-655-5075
Pricilla,Whittaker,3769 River Street,COURTRIGHT,ON,N0N 1H0,Pricilla.M.Whittaker@trashymail.com,519-431-0202
Dianna,Oshea,3602 Township Rd,LEDUC,AB,T9E 2W9,Dianna.T.Oshea@dodgit.com,780-980-1071
Marie,Farrow,2488 Heritage Drive,CALGARY,AB,T2V 2W2,Marie.J.Farrow@trashymail.com,403-650-3982
Tommy,Aiello,2986 Davis Drive,NEWMARKET,ON,L3Y 4W2,Tommy.A.Aiello@pookmail.com,289-221-6458
Ellen,Joyner,3139 Sheppard Ave,TORONTO,ON,M1S 1T4,Ellen.J.Joyner@spambob.com,416-688-3147
Irwin,John,25 Pine Street,PONOKA,AB,T0C 2H0,Irwin.P.John@spambob.com,403-783-2769
Sandra,Orr,1670 Russell Avenue,WHITE ROCK,BC,V4B 3E1,Sandra.J.Orr@pookmail.com,604-541-6028
Horace,Bennett,1723 3rd Avenue,LETHBRIDGE,AB,T1J 0J9,Horace.N.Bennett@dodgit.com,403-634-8129
Patrick,Luna,3380 rue des Champs,CHICOUTIMI,QC,G7H 4N3,Patrick.A.Luna@pookmail.com,418-591-5747
Roger,Dipietro,811 Bellwood Acres Rd,HUNTSVILLE,ON,P0A 1K0,Roger.B.Dipietro@dodgit.com,705-571-5839
Kelvin,Harris,4953 Tanner Street,VANCOUVER,BC,V5R 2T4,Kelvin.B.Harris@trashymail.com,604-432-5098
Ricky,Seal,2868 Main St,CARROT RIVER,SK,S0E 0L0,Ricky.H.Seal@spambob.com,306-768-2964
Carolyn,Farr,2997 Jade St,RICHMOND,BC,V7E 2E4,Carolyn.H.Farr@pookmail.com,604-204-8535
Arthur,Swank,928 Nelson Street,CAT LAKE,ON,P0V 1J0,Arthur.W.Swank@mailinator.com,807-347-4306
Jose,Dowdy,3131 MacLaren Street,OTTAWA,ON,K1P 5M7,Jose.C.Dowdy@pookmail.com,613-239-8275
Corey,Mccleskey,3062 Churchill Plaza,SAULT STE MARIE,ON,P6A 1Z2,Corey.A.Mccleskey@spambob.com,705-946-1694
Jessica,Nathan,197 Thorburn Road,THORBURN,NS,B0K 1W0,Jessica.M.Nathan@pookmail.com,902-246-1784
Mark,Flores,3546 Speers Road,MAPLE,ON,L6A 1G5,Mark.C.Flores@dodgit.com,905-879-1950
Rachel,Bey,1546 Bloor Street,VEGREVILLE,AB,T0B 4L0,Rachel.M.Bey@trashymail.com,780-603-0175
Dennis,Lugo,3298 MacLaren Street,OTTAWA,ON,K1P 5M7,Dennis.T.Lugo@trashymail.com,613-957-8926
Morris,Dickson,1362 St. John Street,BATTLEFORD,SK,S4P 3Y2,Morris.K.Dickson@mailinator.com,306-937-9121
Dale,Diaz,1822 Brant Ave,CHIPEWYAN LAKE,AB,T1T 1T1,Dale.A.Diaz@pookmail.com,780-899-3847
Robert,Boutte,29 Gorham Street,LONDON,ON,N0N 0N0,Robert.M.Boutte@mailinator.com,519-673-8983
Troy,Bence,3081 Scarth Street,MONTREAL,QC,S4P 3Y2,Troy.R.Bence@spambob.com,514-488-5708
Juan,William,738 Glen Long Avenue,TORONTO,ON,M6B 1J8,Juan.C.William@mailinator.com,416-789-2457
Hilda,Ivey,1606 Central Pkwy,ERIN MILLS,ON,L5L 3A1,Hilda.G.Ivey@spambob.com,905-569-5008
Richard,Smith,3826 Bay Street,TORONTO,ON,M5J 2R8,Richard.P.Smith@dodgit.com,416-836-4162
John,Carroll,105 St Jean Baptiste St,PARENT,QC,G0A 2V0,John.G.Carroll@trashymail.com,819-667-6541
Thomas,Clay,770 Garafraxa St,HEPWORTH,ON,N0H 1P0,Thomas.T.Clay@trashymail.com,519-935-9321
Johnny,Lawrence,1221 Port Washington Road,OKOTOKS,AB,T0L 1T2,Johnny.B.Lawrence@pookmail.com,403-306-9460
Jose,Curtis,3798 Port Washington Road,MILO,AB,T0L 1L0,Jose.P.Curtis@pookmail.com,403-599-9263
Stephan,Switzer,1313 St-Jacques Est,THETFORD MINES,QC,G6G 2J7,Stephan.C.Switzer@pookmail.com,418-814-3532
Patricia,Deluca,4440 Fourth Avenue,CALGARY,AB,T2P 0H3,Patricia.A.Deluca@mailinator.com,403-613-8606
David,Mckee,2733 2nd Street,OAKBANK,MB,R0E 1J0,David.P.Mckee@trashymail.com,204-444-2902
Rodolfo,Peters,4856 Eglinton Avenue,TORONTO,ON,M4P 1A6,Rodolfo.S.Peters@spambob.com,647-668-3966
Mike,Mccray,3007 Merton Street,TORONTO,ON,M1L 3K7,Mike.J.Mccray@spambob.com,416-428-0895
Julie,Sy,4801 rue Garneau,QUEBEC,QC,G1V 3V5,Julie.S.Sy@mailinator.com,418-571-1243
Jose,Ratcliffe,3917 St Jean Baptiste St,ST COME DE KENNEBEC,QC,G0M 1J0,Jose.A.Ratcliffe@pookmail.com,418-685-6297
Jason,Smith,4001 Robson St,VANCOUVER,BC,V6B 3K9,Jason.S.Smith@pookmail.com,604-662-2529
Mark,Easton,630 Harvest Moon Dr,UNIONVILLE,ON,L3R 0L7,Mark.S.Easton@spambob.com,905-474-3130
Luis,Frank,983 Danforth Avenue,TORONTO,ON,M4K 1A6,Luis.L.Frank@mailinator.com,416-466-5733
Adele,Odell,1746 Blanshard,VICTORIA,BC,V8W 2H9,Adele.K.Odell@trashymail.com,250-213-2371
Paul,Calderon,2435 90th Avenue,SCHULER,AB,T0J 3B0,Paul.P.Calderon@mailinator.com,403-839-2709
Israel,Snow,1127 Victoria Park Ave,TORONTO,ON,M4A 2M5,Israel.H.Snow@pookmail.com,416-680-7648
Robin,Warner,4306 Hyde Park Road,LONDON,ON,N6E 1A9,Robin.E.Warner@dodgit.com,519-690-2124
Ana,Murphy,1685 Roger Street,NANAIMO,BC,V9T 5H3,Ana.W.Murphy@trashymail.com,250-619-2029
Wendy,Villalobos,3822 90th Avenue,SIBBALD,AB,T0J 3E0,Wendy.M.Villalobos@dodgit.com,403-676-1868
Brandy,Nida,985 Ste. Catherine Ouest,MONTREAL,QC,H3B 2M1,Brandy.H.Nida@spambob.com,514-904-6720
Stephanie,Chambers,131 Venture Place,LEGAL,AB,T0G 1L0,Stephanie.J.Chambers@spambob.com,780-961-6293
Leonor,Coldiron,2380 Kennedy Rd,COBOURG,ON,K9A 1J1,Leonor.A.Coldiron@spambob.com,905-377-5858
Dorothy,Harris,4115 Reserve St,WILBERFORCE,ON,K0L 3C0,Dorothy.J.Harris@pookmail.com,705-448-1665
Keith,Bunker,1590 Victoria Park Ave,TORONTO,ON,M2J 3T7,Keith.D.Bunker@spambob.com,416-773-3110
Debora,Maloy,4269 Merton Street,TORONTO,ON,M1L 3K7,Debora.G.Maloy@dodgit.com,416-729-7313
Edgar,Moreno,659 Ross Street,KINGSTON,ON,K7L 4V4,Edgar.R.Moreno@mailinator.com,613-328-6511
Erica,Woods,3329 Tycos Dr,TORONTO,ON,M5T 1T4,Erica.C.Woods@dodgit.com,416-353-6448
Tammy,Kelley,531 9th Avenue,WOODSTOCK,ON,N4S 6J6,Tammy.A.Kelley@pookmail.com,519-536-8519
Janice,Joiner,3631 Port Washington Road,BLACKIE,AB,T0L 0J0,Janice.V.Joiner@dodgit.com,403-684-7600
Angelique,Martin,961 rue Parc,SHERBROOKE,QC,J1H 1J7,Angelique.B.Martin@dodgit.com,819-780-1752
Paul,Swindell,3075 Bank St,OTTAWA,ON,K1H 7Z1,Paul.L.Swindell@mailinator.com,613-277-9758
Adolfo,Galvin,1182 rue des Églises Est,TINGWICK,QC,J0A 1L0,Adolfo.E.Galvin@spambob.com,819-359-4129
Eric,Flowers,2813 Acton Avenue,TORONTO,ON,M3H 4J1,Eric.F.Flowers@spambob.com,416-377-1689
Mary,Stallworth,925 Dundas St,LONDON,ON,N6B 3L5,Mary.E.Stallworth@spambob.com,519-317-8609
Susan,Villicana,60 49th Avenue,CORAL HARBOUR,NT,X0C 0C0,Susan.D.Villicana@dodgit.com,867-925-4322
Charles,Fujii,4247 St. Paul Street,ST CATHARINES,ON,L2R 7L4,Charles.S.Fujii@mailinator.com,905-931-8525
Regina,Thompson,3901 Saint-Denis Street,MONTREAL,QC,H9R 3J4,Regina.M.Thompson@spambob.com,514-429-4532
Timothy,Reid,4800 rue Levy,MONTREAL,QC,H3C 5K4,Timothy.W.Reid@trashymail.com,514-773-7368
Norma,Martinez,859 René-Lévesque Blvd,MONTREAL,QC,H3B 4W8,Norma.J.Martinez@trashymail.com,514-577-5483
Allen,Mcdowell,3938 Ste. Catherine Ouest,MONTREAL,QC,H2A 2Z3,Allen.R.Mcdowell@dodgit.com,514-618-6553
Carl,Smith,3125 56th Street,WETASKIWIN,AB,T9A 1N8,Carl.C.Smith@mailinator.com,780-360-6240
Molly,Snyder,3505 Merton Street,TORONTO,ON,M1L 3K7,Molly.E.Snyder@spambob.com,416-708-4222
Ann,Mcleod,4776 Front Street,TORONTO,ON,M5J 2N1,Ann.C.Mcleod@spambob.com,416-818-3205
Donald,Oneill,234 Adelaide St,TORONTO,ON,M5H 1P6,Donald.P.Oneill@dodgit.com,416-607-5575
Darlene,Chandler,2569 Haaglund Rd,OKANAGAN FALLS,BC,V0H 1R0,Darlene.M.Chandler@spambob.com,250-497-6579
Winifred,Campa,1885 Granville St,HALIFAX,NS,B3K 5L2,Winifred.J.Campa@mailinator.com,902-440-8845
Jacob,Wasserman,3474 Cordova Street,VANCOUVER,BC,V6B 1E1,Jacob.D.Wasserman@spambob.com,604-417-3596
William,Ruzicka,3059 Eglinton Avenue,TORONTO,ON,M4P 1A6,William.A.Ruzicka@pookmail.com,416-357-7211
Sharon,Appling,130 Reserve St,BANCROFT,ON,K0L 1C0,Sharon.A.Appling@mailinator.com,613-334-8882
Korey,Page,1982 St. John Street,BETHUNE,SK,S4P 3Y2,Korey.P.Page@pookmail.com,306-638-8013
Thelma,Kulik,1034 Sherbrooke Ouest,MONTREAL,QC,H4A 1H3,Thelma.C.Kulik@trashymail.com,514-519-2249
Greg,Rios,2696 Albert Street,KITCHENER,ON,N2L 3V2,Greg.J.Rios@mailinator.com,519-725-9105
Alejandro,Young,4785 Coldstream Avenue,VERNON,BC,V1T 6N1,Alejandro.E.Young@pookmail.com,250-308-6244
Margaret,Hopkins,4279 Blanshard,VICTORIA,BC,V8W 2H9,Margaret.S.Hopkins@spambob.com,250-388-8966
Francisca,Fogle,4418 Albert Street,STRATFORD,ON,N5A 3K5,Francisca.A.Fogle@trashymail.com,519-275-9784
Tommie,Burgess,759 47th Avenue,HEISLER,AB,T0A 1X0,Tommie.W.Burgess@trashymail.com,780-889-9921
Katie,Seigler,1399 Isabella Street,PEMBROKE,ON,K8A 5S5,Katie.H.Seigler@spambob.com,613-639-4484
Wilford,Abney,4214 Bank St,OTTAWA,ON,K1H 7Z1,Wilford.L.Abney@pookmail.com,613-889-7457
Brandon,Wilson,2788 Adelaide St,TORONTO,ON,M5H 1P6,Brandon.S.Wilson@mailinator.com,416-814-7849
Miriam,Land,805 Rayborn Crescent,ST ALBERT,AB,T8N 1C7,Miriam.S.Land@mailinator.com,780-470-1848
Terry,Dennis,129 Keith Road,NORTH VANCOUVER,BC,V5T 2C1,Terry.S.Dennis@dodgit.com,604-982-7572
Kelli,Reed,2952 Toy Avenue,OSHAWA,ON,L1H 7M3,Kelli.J.Reed@trashymail.com,905-926-1433
Anthony,Tally,2122 Reserve St,WESTPORT,ON,K0G 1X0,Anthony.J.Tally@spambob.com,613-273-4600
Michelle,Corbitt,439 rue des Champs,CHICOUTIMI,QC,G7H 4N3,Michelle.L.Corbitt@trashymail.com,418-718-6206
Andrew,Hicks,1084 Blanshard,VICTORIA,BC,V8W 2H9,Andrew.V.Hicks@pookmail.com,250-818-3097
Ed,Lockett,968 Scotchmere Dr,SARNIA,ON,N7S 3Y2,Ed.V.Lockett@dodgit.com,519-542-6633
Jackie,Saunders,787 Merivale Road,OTTAWA,ON,K2G 3K2,Jackie.W.Saunders@spambob.com,613-226-6626
Phillip,Hall,2992 Maria St,BURLINGTON,ON,L7R 2G6,Phillip.C.Hall@trashymail.com,905-802-9449
Doris,Cooper,921 avenue de Port-Royal,BONAVENTURE,QC,G0C 1E0,Doris.W.Cooper@trashymail.com,418-534-6619
Lucille,Walters,1543 Glover Road,COQUITLAM,BC,V3J 4S1,Lucille.H.Walters@mailinator.com,604-936-1149
Jerry,Smith,2147 Toy Avenue,AJAX PICKERING,ON,L1W 3N9,Jerry.F.Smith@pookmail.com,289-314-0501
Theresa,Goldstein,4643 Maria St,BURLINGTON,ON,L7R 2G6,Theresa.K.Goldstein@dodgit.com,905-637-1779
Beatrice,Hooks,3145 Wellington Street,TORONTO,ON,M9C 3J5,Beatrice.J.Hooks@dodgit.com,905-602-9082
Aaron,Loy,4264 Matheson St,KENORA,ON,P9N 1T8,Aaron.F.Loy@trashymail.com,807-466-1009
Francis,Zimmer,4431 Victoria Park Ave,TORONTO,ON,M2J 3T7,Francis.V.Zimmer@mailinator.com,416-991-6258
Michael,Leong,2051 Derry Rd,MALTON,ON,L4T 1A8,Michael.L.Leong@pookmail.com,416-896-4284
Diane,Temple,3852 Adelaide St,TORONTO,ON,M5H 1P6,Diane.E.Temple@pookmail.com,416-367-1594
Mary,Lively,2435 Woodvale Drive,LAMBETH,ON,N0L 1S2,Mary.C.Lively@spambob.com,519-652-4175
Donna,Horne,1579 Vulcan Avenue,SYDNEY,NS,B1P 2Y2,Donna.O.Horne@mailinator.com,902-537-4548
Rosario,Gay,2435 rue Levy,MONTREAL,QC,H3C 5K4,Rosario.J.Gay@pookmail.com,514-347-4967
Martin,Kay,3016 James Street,BURFORD,ON,N0E 1A0,Martin.D.Kay@dodgit.com,519-449-6960
Al,Conrad,4568 Cordova Street,VANCOUVER,BC,V6B 1E1,Al.A.Conrad@spambob.com,604-418-7890
Donald,Wallin,1144 Dry Pine Bay Rd,KILLARNEY,ON,P0M 2A0,Donald.L.Wallin@spambob.com,705-287-2136
Ronnie,Tomczak,3137 Ross Terrasse,SACKVILLE,NB,E4L 4R4,Ronnie.W.Tomczak@mailinator.com,506-939-5429
Amy,Lyon,484 rue des Églises Est,TASCHEREAU,QC,J0Z 3N0,Amy.F.Lyon@spambob.com,819-796-4772
Robert,Lovett,1579 47th Avenue,HEISLER,AB,T0A 1X0,Robert.N.Lovett@dodgit.com,780-889-6930
Steve,Loera,2662 Merivale Road,OTTAWA,ON,K2P 0K1,Steve.D.Loera@dodgit.com,613-276-2465
Renee,Morgan,1133 St. John Street,CENTRAL BUTTE,SK,S4P 3Y2,Renee.L.Morgan@pookmail.com,306-796-4496
Rebecca,Lepage,421 184th Street,EDMONTON,AB,T5J 2R4,Rebecca.S.Lepage@pookmail.com,780-915-5606
Vincent,Gibson,2604 Hardy Street,KELOWNA,BC,V1Y 8H2,Vincent.S.Gibson@dodgit.com,250-861-3016
Curtis,Sapp,3664 Reserve St,DUNSFORD,ON,K0M 1L0,Curtis.C.Sapp@pookmail.com,705-793-6050
John,Robinson,2594 rue Ellice,BEAUHARNOIS,QC,J6N 1W6,John.M.Robinson@trashymail.com,450-268-3532
Michael,Levins,702 St. John Street,ANNAHEIM,SK,S4P 3Y2,Michael.K.Levins@dodgit.com,306-598-7482
Joni,Kenny,3132 Albert Street,LONDON,ON,N5W 5K6,Joni.J.Kenny@trashymail.com,519-453-3616
Hattie,Finnegan,3426 Front Street,TORONTO,ON,M5J 2N1,Hattie.J.Finnegan@dodgit.com,416-509-4486
Elizabeth,Gomez,4925 rue Ontario Ouest,MONTREAL,QC,H2X 1Y8,Elizabeth.J.Gomez@dodgit.com,514-286-6231
Margaret,Brown,2108 Goyeau Ave,WINDSOR,ON,N9A 1H9,Margaret.G.Brown@trashymail.com,519-971-8584
Bryan,Edwards,3434 9th Ave,LETHBRIDGE,AB,T1J 2J7,Bryan.J.Edwards@spambob.com,403-380-7719
Ike,Graham,839 Jade St,WEST VANCOUVER,BC,V7V 1Y8,Ike.B.Graham@pookmail.com,604-923-1395
Marion,Arnold,795 Adelaide St,TORONTO,ON,M5H 1P6,Marion.D.Arnold@dodgit.com,416-361-3353
Rita,Murphy,3271 Wallace Street,NANAIMO,BC,V9R 3A8,Rita.J.Murphy@spambob.com,250-210-8071
Carolyn,Ruiz,125 Yonge Street,TORONTO,ON,M4W 1J7,Carolyn.K.Ruiz@trashymail.com,416-618-6702
Armando,Johnson,727 No. 3 Road,RICHMOND,BC,V6X 2B8,Armando.M.Johnson@pookmail.com,604-232-2230
Isaiah,Bernard,390 Tycos Dr,TORONTO,ON,M5T 1T4,Isaiah.R.Bernard@mailinator.com,416-260-4929
George,Bank,1679 Toy Avenue,OSHAWA,ON,L1H 7M3,George.D.Bank@pookmail.com,905-809-4039
Herbert,Wathen,2536 40th Street,CALGARY,AB,T2P 4L4,Herbert.A.Wathen@spambob.com,403-399-2956
Greg,Collins,2453 Birkett Lane,BRANTFORD,ON,N3T 2Z8,Greg.T.Collins@mailinator.com,519-770-1319
Robert,Horn,3150 Papineau Avenue,MONTREAL,QC,H2K 4J5,Robert.C.Horn@mailinator.com,514-880-3479
Florence,Richard,1549 Maria St,BURLINGTON,ON,L7R 2G6,Florence.C.Richard@pookmail.com,905-634-2903
Wesley,Vera,3655 Boulevard Laflèche,RIVIERE DU LOUP,QC,G5R 3E9,Wesley.S.Vera@pookmail.com,418-868-3118
John,Cedillo,3881 Nelson Street,WAWA,ON,P0S 1K0,John.B.Cedillo@pookmail.com,705-889-8058
Rosette,Hemphill,1089 Eglinton Avenue,TORONTO,ON,M4P 1A6,Rosette.J.Hemphill@dodgit.com,647-998-0605
Helen,Watkins,3418 Rogers Road,TORONTO,ON,M6E 1R1,Helen.K.Watkins@pookmail.com,416-658-1682
John,Edwards,379 40th Street,CALGARY,AB,T2M 0X4,John.D.Edwards@trashymail.com,403-289-8048
Sharon,Brown,2294 Nelson Street,KINGFISHER LAKE,ON,P0V 1Z0,Sharon.R.Brown@pookmail.com,807-532-4897
Pamela,Moore,762 Brand Road,WEYBURN,SK,S7K 1W8,Pamela.T.Moore@pookmail.com,306-891-4991
Kathryn,Fiedler,2794 Keith Road,NORTH VANCOUVER,BC,V5T 2C1,Kathryn.E.Fiedler@mailinator.com,604-904-4345
Louis,Johnson,1614 Riedel Street,FORT MCMURRAY,AB,T9H 3J9,Louis.I.Johnson@trashymail.com,780-790-3726
Maureen,Hart,4871 Manitoba Street,BRACEBRIDGE,ON,P1L 2B7,Maureen.L.Hart@spambob.com,705-641-6293
Clara,Mcdonald,2968 Pitfield Blvd,LAVAL,QC,H7W 1A9,Clara.D.Mcdonald@dodgit.com,450-505-3516
David,Cliff,994 Bayfield St,MARKHAM,ON,L4K 3S3,David.D.Cliff@spambob.com,905-284-3635
Eugene,Mauldin,4964 Blind Bay Road,CRAWFORD BAY,BC,V0E 1B0,Eugene.R.Mauldin@mailinator.com,250-223-7247
Lisa,Newman,1566 Baker Street,LONDON,ON,N0N 0N0,Lisa.K.Newman@spambob.com,519-293-8562
Joseph,Mckechnie,4253 Beaver Creek,THORNHILL,ON,L4J 1W2,Joseph.R.Mckechnie@pookmail.com,905-881-7138
Mary,Rothenberg,2629 Bay Street,TORONTO,ON,M5J 2R8,Mary.D.Rothenberg@spambob.com,416-828-9132
David,Milner,324 184th Street,EDMONTON,AB,T5J 2R4,David.G.Milner@mailinator.com,780-686-8609
Jennifer,Pape,784 Tolmie St,RICHMOND,BC,V6X 2W7,Jennifer.E.Pape@mailinator.com,604-288-7721
Barbara,Macias,2341 St Jean Baptiste St,PETITE RIVIERE ST FRANCOIS,QC,G0A 2L0,Barbara.J.Macias@spambob.com,418-632-2041
Julee,Cobb,1842 Main St,SOUTH TREMONT,NS,B0P 1N0,Julee.B.Cobb@spambob.com,902-760-8759
Evelyn,Shaw,1323 Richmond Road,CALGARY,AB,T2T 0C6,Evelyn.T.Shaw@pookmail.com,403-802-6747
Javier,Williams,4738 Main St,BRANDON,MB,R7A 5Y1,Javier.V.Williams@pookmail.com,204-730-9484
Julie,Chambless,4702 Robson St,VANCOUVER,BC,V6B 3K9,Julie.H.Chambless@pookmail.com,604-668-0243
Morgan,Long,2325 Riedel Street,FORT MCMURRAY,AB,T9H 3J9,Morgan.D.Long@dodgit.com,780-747-2316
Bobby,Miranda,1569 Granville St,PROSPECT ROAD,NS,B3K 5M1,Bobby.M.Miranda@spambob.com,902-850-9074
Alisha,Wolfe,684 Acton Avenue,TORONTO,ON,M3H 4J1,Alisha.J.Wolfe@pookmail.com,416-812-2403
Jason,Taylor,1897 University Avenue,TORONTO,ON,M5J 1T1,Jason.S.Taylor@pookmail.com,416-644-7600
Heath,Luongo,3446 Hastings Street,VANCOUVER,BC,V6C 1B4,Heath.L.Luongo@mailinator.com,604-729-9763
Alton,Ayers,707 Robson St,VANCOUVER,BC,V6B 3K9,Alton.L.Ayers@mailinator.com,604-641-1058
Kim,Finn,984 rue des Églises Est,LOUVICOURT,QC,J0Y 1Y0,Kim.B.Finn@dodgit.com,819-736-4976
Arthur,Bridges,4606 rue des Églises Est,L'AVENIR,QC,J0C 1B0,Arthur.B.Bridges@pookmail.com,819-394-1726
Daniel,Ellis,4242 Exmouth Street,SARNIA,ON,N7T 4C8,Daniel.J.Ellis@spambob.com,519-337-4598
Eleanore,Lyles,3967 Victoria Park Ave,TORONTO,ON,M2J 3T7,Eleanore.A.Lyles@dodgit.com,416-753-9206
Shirley,Moore,2167 rue Ellice,JOLIETTE,QC,J6E 7X1,Shirley.L.Moore@pookmail.com,450-960-4998
Sabrina,Wilmer,2319 Blanshard,VICTORIA,BC,V8W 2H9,Sabrina.T.Wilmer@trashymail.com,250-382-7537
Paul,Atkinson,2834 Bloor Street,CHAUVIN,AB,T0B 0V0,Paul.T.Atkinson@mailinator.com,780-858-7532
Nicholas,Mckeon,261 St Jean Baptiste St,CHAPAIS,QC,G0W 1H0,Nicholas.C.Mckeon@mailinator.com,418-745-0594
Jose,Grey,2217 Baker Street,LONDON,ON,N0N 0N0,Jose.K.Grey@spambob.com,519-433-3985
Arthur,Cameron,1891 Nelson Street,SOUTH PORCUPINE,ON,P0N 1K0,Arthur.T.Cameron@dodgit.com,705-235-8340
Ray,Chung,347 rue de la Gauchetière,MONTREAL,QC,H3B 2M3,Ray.S.Chung@spambob.com,514-393-6452
Angela,Mckinley,3417 Bragg Road,SPRINGHILL,NS,B0M 1X0,Angela.C.Mckinley@spambob.com,902-763-3718
Louis,Ruby,604 MacLaren Street,OTTAWA,ON,K1P 5M7,Louis.F.Ruby@dodgit.com,613-782-0782
Holly,Brown,641 Wyecroft Road,BOLTON,ON,L7E 2C2,Holly.A.Brown@trashymail.com,905-951-8540
Amanda,Aquino,762 137th Avenue,EDMONTON,AB,T5B 3V4,Amanda.P.Aquino@trashymail.com,780-471-0083
Bruce,Bunn,1831 chemin du Lac,BOUCHERVILLE,QC,J4B 5B1,Bruce.K.Bunn@dodgit.com,450-655-0210
Treasa,Wittman,409 Dundas St,TORONTO,ON,M2N 2G8,Treasa.J.Wittman@mailinator.com,416-226-3524
Sandra,Morgan,1443 Reserve St,BRIGHTON,ON,K0K 1H0,Sandra.R.Morgan@spambob.com,613-475-3107
Mary,Peter,4218 Fallon Drive,WINGHAM,ON,N0G 2W0,Mary.R.Peter@dodgit.com,519-357-4710
Michael,Nagle,841 Paris St,SUDBURY,ON,P3E 5J8,Michael.R.Nagle@spambob.com,705-222-2114
Mary,Mclean,3079 Hammarskjold Dr,BURNABY,BC,V5B 3C9,Mary.E.Mclean@trashymail.com,604-298-0355
William,Walker,3144 Davis Drive,WELLAND,ON,L3B 3Z6,William.M.Walker@dodgit.com,905-736-6500
John,Moore,3720 Ste. Catherine Ouest,MONTREAL,QC,H2A 2Z3,John.J.Moore@mailinator.com,514-618-9669
Rosa,Martins,3131 No. 3 Road,RICHMOND,BC,V6X 2B8,Rosa.J.Martins@pookmail.com,604-233-6034
Maria,Guin,1869 Roger Street,WILLOW POINT,BC,V9W 1S5,Maria.R.Guin@trashymail.com,250-923-8838
Lee,Tomaszewski,1169 3rd Avenue,LLOYDMINSTER,AB,T1J 3Y2,Lee.E.Tomaszewski@spambob.com,780-861-3687
Judy,Williams,3108 Toy Avenue,SOUTH PICKERING,ON,L1V 1S8,Judy.J.Williams@dodgit.com,905-837-5532
Robert,Plourde,3841 Gorham Street,LONDON,ON,N0N 0N0,Robert.K.Plourde@trashymail.com,519-675-6013
Charles,Lessman,1155 Heatherleigh,COOKSVILLE,ON,L5A 1V9,Charles.M.Lessman@trashymail.com,905-277-0089
Kay,Garcia,3455 Wyecroft Road,GEORGETOWN,ON,L7G 4S3,Kay.M.Garcia@mailinator.com,905-703-3504
Robert,Kelson,4044 James Street,ALDERGROVE,BC,V5G 4S4,Robert.L.Kelson@dodgit.com,604-309-4866
Geraldine,Gutierrez,3642 St Jean Baptiste St,BAIE DES SABLES,QC,G0J 1C0,Geraldine.A.Gutierrez@spambob.com,418-772-8353
Stephanie,Mcmahon,4413 Reserve St,STIRLING,ON,K0K 3E0,Stephanie.P.Mcmahon@dodgit.com,613-395-4059
Nicholas,Morgan,3760 Mesa Vista Drive,DOUGLAS LAKE,BC,V0K 2B0,Nicholas.J.Morgan@mailinator.com,250-350-2028
Tammy,Stroud,371 Shaughnessy St,PORT COQUITLAM,BC,V3C 4S7,Tammy.A.Stroud@dodgit.com,604-942-9467
Florence,Horton,149 St. John Street,BEECHY,SK,S4P 3Y2,Florence.M.Horton@dodgit.com,306-859-7850
Jeremy,Severt,749 40th Street,CALGARY,AB,T2C 2P3,Jeremy.D.Severt@pookmail.com,403-203-0331
Anika,Williams,4041 Hammarskjold Dr,BURNABY,BC,V5B 3C9,Anika.W.Williams@mailinator.com,604-473-2100
Joe,Thomas,653 Maynard Rd,CALGARY,AB,T2E 6J8,Joe.C.Thomas@trashymail.com,403-923-9870
Norma,Garcia,2205 Bloor Street,DAYSLAND,AB,T0B 1A0,Norma.C.Garcia@mailinator.com,780-374-7337
Julia,Martin,4912 Rose Street,REGINA,SK,S4P 3Y2,Julia.J.Martin@trashymail.com,306-533-5994
Alfredo,Soto,4414 Bridgeport Rd,ORANGEVILLE,ON,L9W 2J9,Alfredo.H.Soto@pookmail.com,519-215-0383
Louise,Wilkerson,1235 Port Washington Road,BANFF,AB,T0L 0C0,Louise.H.Wilkerson@pookmail.com,403-760-7264
Albert,Jowers,1188 Rose Street,REGINA,SK,S4P 3Y2,Albert.M.Jowers@trashymail.com,306-924-3565
Danielle,Peters,1466 Isabella Street,PEMBROKE,ON,K8A 5S5,Danielle.O.Peters@spambob.com,613-635-2614
James,Black,1572 Albert Street,LONDON,ON,N5Z 2A7,James.L.Black@dodgit.com,519-936-7409
Albert,Graham,3093 Lake City Way,BURNABY,BC,V5A 2Z6,Albert.L.Graham@dodgit.com,604-619-9818
Michael,Hirano,4666 rue de la Gauchetière,MONTREAL,QC,H3B 2M3,Michael.C.Hirano@spambob.com,514-873-7577
Victor,Berry,3662 Reserve St,WARKWORTH,ON,K0K 3K0,Victor.N.Berry@spambob.com,705-924-7521
Beverly,Medina,4576 Halsey Avenue,TORONTO,ON,M3B 2W6,Beverly.G.Medina@trashymail.com,647-273-4124
Helen,Cornish,3824 Jasper Ave,EDMONTON,AB,T5J 3N6,Helen.M.Cornish@pookmail.com,780-904-4928
Wendy,Cochran,4246 Acton Avenue,TORONTO,ON,M3H 4J1,Wendy.J.Cochran@pookmail.com,416-812-5506
Dean,Johnson,3665 Robson St,VANCOUVER,BC,V6B 3K9,Dean.T.Johnson@trashymail.com,604-641-1225
Ronald,Thompson,182 James Street,BURNABY,BC,V5G 1J9,Ronald.D.Thompson@dodgit.com,604-415-9187
Amy,Brown,1685 Cordova Street,VANCOUVER,BC,V6B 1E1,Amy.W.Brown@dodgit.com,604-649-1722
Larry,Hudson,2709 Bay Street,TORONTO,ON,M5J 2R8,Larry.D.Hudson@spambob.com,416-825-8334
Jean,Courtney,2437 5th Avenue,FAIRVIEW,AB,T0H 1L0,Jean.C.Courtney@pookmail.com,780-834-0018
Beatrice,Bernard,4567 Hyde Park Road,LONDON,ON,N6E 1A9,Beatrice.C.Bernard@pookmail.com,519-649-3028
Anton,Chafin,2781 Ste. Catherine Ouest,MONTREAL,QC,H3A 4G4,Anton.O.Chafin@dodgit.com,514-448-8842
David,Forman,3341 Heritage Drive,CALGARY,AB,T2V 2W2,David.T.Forman@mailinator.com,403-862-9881
Kyle,Wilson,3829 Isabella Street,PEMBROKE,ON,K8A 5S5,Kyle.M.Wilson@mailinator.com,613-732-7921
Jay,Nussbaum,4329 Whitmore Road,FORT ERIE,ON,L0L 0L0,Jay.F.Nussbaum@spambob.com,905-991-9241
Eric,Davis,4481 Bloor Street,CHIPMAN,AB,T0B 0W0,Eric.R.Davis@dodgit.com,780-363-9456
Sara,Cooksey,1005 5th Avenue,BERWYN,AB,T0H 0E0,Sara.R.Cooksey@pookmail.com,780-338-3158
Jessie,Powell,4940 Bank St,OTTAWA,ON,K1H 7Z1,Jessie.M.Powell@dodgit.com,613-774-1833
Iva,Graham,3255 MacLaren Street,OTTAWA,ON,K1P 5M7,Iva.W.Graham@trashymail.com,613-223-1936
Norman,Cooper,3586 90th Avenue,BASSANO,AB,T0J 0B0,Norman.L.Cooper@trashymail.com,403-641-1988
Joanne,Hackett,1149 St Jean Baptiste St,STE ANGELE DE LAVAL,QC,G0X 2H0,Joanne.C.Hackett@mailinator.com,819-222-0341
Geraldine,Torres,3366 Merton Street,TORONTO,ON,M1L 3K7,Geraldine.A.Torres@mailinator.com,416-458-3805
Chad,Blair,1107 Burnt Island Road,MILFORD BAY,ON,P0B 1E0,Chad.S.Blair@spambob.com,705-764-1824
Kevin,Webb,1835 Nelson Street,KAMINISTIQUIA,ON,P0T 1X0,Kevin.L.Webb@trashymail.com,807-933-8613
Elizabeth,Brooks,312 Woodvale Drive,BROWNSVILLE,ON,N0L 1C0,Elizabeth.A.Brooks@pookmail.com,519-877-0781
Richard,Gragg,1179 Bank St,OTTAWA,ON,K1H 7Z1,Richard.J.Gragg@trashymail.com,613-316-9335
Patricia,Heenan,3881 Keith Road,NORTH VANCOUVER,BC,V5T 2C1,Patricia.E.Heenan@dodgit.com,604-980-1268
Maria,Peele,1924 Goyeau Ave,WINDSOR,ON,N9A 1H9,Maria.J.Peele@spambob.com,519-256-4967
Joyce,Peres,4606 Alaska Hwy,FORT NELSON,BC,V0C 1C0,Joyce.D.Peres@trashymail.com,250-775-6982
Linda,Fifield,2450 Merton Street,TORONTO,ON,M1L 3K7,Linda.S.Fifield@dodgit.com,416-949-0471
David,Macdonald,3355 Algonquin Blvd,TIMMINS,ON,P4N 1C3,David.C.Macdonald@trashymail.com,705-264-6490
Freddie,Rondon,4620 Derry Rd,MALTON,ON,L4T 1A8,Freddie.S.Rondon@pookmail.com,416-798-2898
Ramon,Dixon,2700 5th Avenue,BEAVERLODGE,AB,T0H 0C0,Ramon.J.Dixon@spambob.com,780-354-2177
Gary,Hoover,3461 St. John Street,RIVERHURST,SK,S4P 3Y2,Gary.M.Hoover@spambob.com,306-353-6268
Rachel,Rader,4948 rue Fournier,ST JEROME,QC,J7Z 4V1,Rachel.R.Rader@pookmail.com,450-516-6579
Joshua,Boll,82 Hardy Street,KELOWNA,BC,V1Y 8H2,Joshua.D.Boll@mailinator.com,250-826-1126
Jennifer,Johnson,1052 Davis Drive,WELLAND,ON,L3B 3Z6,Jennifer.M.Johnson@spambob.com,905-736-1808
Martin,Valdez,1498 Water Street,KITCHENER,ON,N2H 5A5,Martin.M.Valdez@mailinator.com,519-807-0096
David,Hornyak,4043 Lynden Road,CANNINGTON,ON,L0E 1E0,David.V.Hornyak@dodgit.com,705-432-2321
Charles,Ferry,4681 River Street,PETROLIA,ON,N0N 1R0,Charles.K.Ferry@trashymail.com,519-882-6415
Fred,Smith,2812 Blind Bay Road,ARMSTRONG,ON,V0E 1B0,Fred.S.Smith@spambob.com,807-583-1602
Tim,Cannon,4505 47th Avenue,GIBBONS,AB,T0A 1N0,Tim.A.Cannon@pookmail.com,780-923-6320
Doris,Dougherty,2783 Dry Pine Bay Rd,NOELVILLE,ON,P0M 2N0,Doris.G.Dougherty@pookmail.com,705-898-1330
Pablo,Jones,3937 Carling Avenue,OTTAWA,ON,K1Z 7B5,Pablo.S.Jones@trashymail.com,613-323-7863
Eileen,Thomas,1930 Rayborn Crescent,ST ALBERT,AB,T8N 1C7,Eileen.C.Thomas@pookmail.com,780-671-6981
Lawrence,Bailey,443 St-Jacques Est,VICTORIAVILLE,QC,G6P 4E5,Lawrence.B.Bailey@trashymail.com,819-740-2861
Ivan,Armstead,2195 Main St,SUNDRE,AB,T0M 1X0,Ivan.K.Armstead@mailinator.com,403-638-9848
Mark,Couture,4972 Boulevard Laflèche,ST GEORGES,QC,G5Y 1X7,Mark.A.Couture@trashymail.com,418-382-4645
Dora,Rushing,28 St Jean Baptiste St,CHAPAIS,QC,G0W 1H0,Dora.P.Rushing@pookmail.com,418-745-3111
Carrie,Hutchinson,3696 Reserve St,CALABOGIE,ON,K0J 1H0,Carrie.J.Hutchinson@pookmail.com,613-752-5291
Beverly,Keller,4694 184th Street,EDMONTON,AB,T5J 2R4,Beverly.I.Keller@trashymail.com,780-485-1575
Natasha,Morse,3617 Park Ct,PEERS,AB,T0E 1W0,Natasha.H.Morse@trashymail.com,780-693-5882
Marty,Ragan,4520 Princess St,KINGSTON,ON,K7L 1C2,Marty.J.Ragan@spambob.com,613-544-9760
Charles,Fluker,4742 Queens Sq,HESPELER,ON,N3C 1H3,Charles.S.Fluker@dodgit.com,519-654-0605
Mary,Hicks,2626 Brand Road,SASKATOON,SK,S7K 1W8,Mary.A.Hicks@spambob.com,306-477-4167
William,Clemons,3182 Scotts Lane,LAKE COWICHAN,BC,V0R 2G0,William.C.Clemons@dodgit.com,250-749-8697
Rosendo,Barrios,4124 avenue Royale,QUEBEC,QC,G1E 2L3,Rosendo.C.Barrios@spambob.com,418-802-4093
Norberto,Hardiman,1902 Bridgeport Rd,COLLINGWOOD,ON,L9Y 1X1,Norberto.D.Hardiman@mailinator.com,705-441-5684
Santos,Sparks,3237 Fallon Drive,DRESDEN,ON,N0P 1M0,Santos.J.Sparks@dodgit.com,519-683-3440
Rita,Espinoza,3219 Haaglund Rd,GRAND FORKS,BC,V0H 1H0,Rita.J.Espinoza@mailinator.com,250-443-7863
Jeffery,Williams,2322 Islington Ave,TORONTO,ON,M8V 3B6,Jeffery.C.Williams@spambob.com,416-522-5899
Janice,Battin,3986 Algonquin Blvd,TIMMINS,ON,P4N 1C3,Janice.J.Battin@mailinator.com,705-266-4047
Diane,Hart,1702 Duke Street,MONTREAL,QC,H3C 5K4,Diane.R.Hart@mailinator.com,514-220-5272
Ethel,Hurst,3119 Eglinton Avenue,TORONTO,ON,M4P 1A6,Ethel.S.Hurst@mailinator.com,416-517-8853
Peter,Wilcox,1900 Yoho Valley Road,INVERMERE,BC,V0A 1K0,Peter.E.Wilcox@dodgit.com,250-688-1380
Amy,Araiza,3843 Tolmie St,VANCOUVER,BC,V6A 4E6,Amy.R.Araiza@spambob.com,604-677-4899
Alice,Martin,2716 Fallon Drive,CREDITON,ON,N0M 1M0,Alice.L.Martin@trashymail.com,519-234-4591
Ann,Jones,1518 Heritage Drive,CALGARY,AB,T2V 2W2,Ann.G.Jones@pookmail.com,403-804-7747
Curtis,Trotman,598 Pitfield Blvd,LAVAL,QC,H7P 2C7,Curtis.B.Trotman@spambob.com,450-962-9137
Matthew,Davis,3925 Yonge Street,TORONTO,ON,M4W 1J7,Matthew.L.Davis@dodgit.com,416-924-1339
Jill,Burgess,3076 No. 3 Road,RICHMOND,BC,V6X 2B8,Jill.D.Burgess@trashymail.com,604-207-8738
Jerry,Emmert,1847 Fallon Drive,TILBURY,ON,N0P 2L0,Jerry.C.Emmert@mailinator.com,519-682-0409
Shanna,George,2408 Blind Bay Road,ARMSTRONG,ON,V0E 1B0,Shanna.P.George@pookmail.com,807-583-8491
Daisy,Lunsford,894 Richford Road,NAPIERVILLE,QC,J0J 1L0,Daisy.J.Lunsford@spambob.com,450-245-1288
Ronald,Zwilling,855 Algoma St,THUNDER BAY,ON,P7A 4T3,Ronald.D.Zwilling@spambob.com,807-768-4077
Julia,Alexander,2257 Heritage Drive,CALGARY,AB,T2V 2W2,Julia.A.Alexander@dodgit.com,403-813-4762
Edna,Maguire,2849 Goyeau Ave,WINDSOR,ON,N9A 1H9,Edna.G.Maguire@spambob.com,519-561-8062
Alan,Wynn,871 Isabella Street,BELLEVILLE,ON,K8N 4Z5,Alan.S.Wynn@trashymail.com,613-921-1544
Dennis,Anderson,620 Calgary Avenue,PENTICTON,BC,V2A 2T6,Dennis.J.Anderson@trashymail.com,250-492-4763
Daisy,Arnold,4190 rue Parc,SHERBROOKE,QC,J1H 5M7,Daisy.M.Arnold@pookmail.com,819-580-2283
Manuel,Daniels,4994 Tycos Dr,TORONTO,ON,M5T 1T4,Manuel.A.Daniels@spambob.com,416-518-0102
Robert,Craig,918 Walsh Street,THUNDER BAY,ON,P7E 1J5,Robert.E.Craig@mailinator.com,807-947-8197
Marissa,Gaither,4875 Fallon Drive,HIGHGATE,ON,N0P 1T0,Marissa.C.Gaither@mailinator.com,519-678-2643
Charles,Burns,2045 Heatherleigh,COOKSVILLE,ON,L5A 1V9,Charles.C.Burns@dodgit.com,905-273-2582
Myrtle,Araujo,4329 St. John Street,WILKIE,SK,S4P 3Y2,Myrtle.J.Araujo@trashymail.com,306-843-7980
Terry,Lalonde,4616 Adelaide St,TORONTO,ON,M5H 1P6,Terry.M.Lalonde@trashymail.com,416-868-1560
David,Wells,1857 Barrydowne Road,SUDBURY,ON,P3E 5K3,David.C.Wells@spambob.com,705-670-5202
Tyrone,Harty,3975 Weir Crescent,TORONTO,ON,M1E 3T8,Tyrone.E.Harty@pookmail.com,416-994-5080
William,Morrison,1434 St Jean Baptiste St,STE LUCIE DE BEAUREGARD,QC,G0R 3L0,William.O.Morrison@dodgit.com,418-223-3822
India,Popp,2448 Nelson Street,NAKINA,ON,P0T 2H0,India.N.Popp@dodgit.com,807-329-6738
Gordon,Jordan,3988 Adelaide St,TORONTO,ON,M5H 1P6,Gordon.H.Jordan@spambob.com,416-726-2180
Rufus,Sharkey,4021 Queen Elisabeth Blvd,KINISTINO,SK,S4P 3Y2,Rufus.K.Sharkey@spambob.com,306-864-9039
Savannah,Dickey,1995 Speers Road,OAKVILLE,ON,L6J 3X4,Savannah.J.Dickey@pookmail.com,905-845-5616
Trista,Alvarez,4307 Bank St,OTTAWA,ON,K1H 7Z1,Trista.D.Alvarez@dodgit.com,613-816-4285
Andrea,Freeman,1222 Tolmie St,VANCOUVER,BC,V6M 1Y8,Andrea.P.Freeman@trashymail.com,604-267-8380
Michelle,Lloyd,2006 Manitoba Street,GRAVENHURST,ON,P1P 1X2,Michelle.A.Lloyd@mailinator.com,705-684-0559
Ryan,King,1549 Wyecroft Road,GEORGETOWN,ON,L7G 4S3,Ryan.T.King@pookmail.com,905-703-2124
Viola,West,3429 90th Avenue,DELIA,AB,T0J 0W0,Viola.L.West@pookmail.com,403-364-1491
Rose,Barton,2669 90th Avenue,LANGDON,AB,T0J 1X0,Rose.M.Barton@mailinator.com,403-936-1910
Ariana,Fuller,4641 Speers Road,OAKVILLE,ON,L6L 2X5,Ariana.D.Fuller@pookmail.com,905-330-3580
Patricia,Hines,1234 Lauzon Parkway,ESSEX,ON,N8M 2C7,Patricia.L.Hines@dodgit.com,519-776-0655
Joyce,Keller,4503 Cordova Street,VANCOUVER,BC,V6B 1E1,Joyce.D.Keller@spambob.com,604-657-4520
Yolanda,Lafond,3080 De L'Acadie Boul,MONTREAL,QC,H4N 3C5,Yolanda.L.Lafond@pookmail.com,514-233-2671
Lisa,Hawthorne,303 Jasper Avenue,EDMONTON,AB,T5J 3N2,Lisa.R.Hawthorne@dodgit.com,780-237-4233
Ada,Buitron,2310 2nd Street,CORMORANT,MB,R0B 0G0,Ada.S.Buitron@pookmail.com,204-357-8850
Monica,Young,2076 Nelson Street,KAMINISTIQUIA,ON,P0T 1X0,Monica.R.Young@trashymail.com,807-933-5944
Elizabeth,Dale,2337 Yonge Street,TORONTO,ON,M4W 1J7,Elizabeth.J.Dale@mailinator.com,416-355-3518
Robert,Larsen,1738 Nootka Street,VANCOUVER,BC,V5M 3M5,Robert.P.Larsen@trashymail.com,778-227-1342
Ricardo,Whitaker,4555 Robson St,VANCOUVER,BC,V6B 3K9,Ricardo.B.Whitaker@pookmail.com,604-839-9672
Pamela,Presler,95 Bragg Road,OXFORD,NS,B0M 1P0,Pamela.J.Presler@mailinator.com,902-552-3438
Claude,Hunter,10 Churchill Plaza,SAULT STE MARIE,ON,P6A 1Z2,Claude.B.Hunter@trashymail.com,705-971-6272
Ruby,Parsons,4617 Brew Creek Rd,PORT MCNEILL,BC,V0N 2R0,Ruby.R.Parsons@mailinator.com,250-956-1826
Julie,Dummer,3006 St. Paul Street,ST CATHARINES,ON,L2R 7L4,Julie.D.Dummer@mailinator.com,905-328-1226
Teresa,Riddle,3420 Hardy Street,KELOWNA,BC,V1Y 8H2,Teresa.S.Riddle@mailinator.com,250-718-8179
Nelle,Morales,4723 Tycos Dr,TORONTO,ON,M5T 1T4,Nelle.L.Morales@trashymail.com,416-585-9807
Duane,Warren,1196 Brand Road,SASKATOON,SK,S7K 1W8,Duane.R.Warren@trashymail.com,306-933-8277
Jeff,Singleton,1983 Lake City Way,BURNABY,BC,V5A 2Z6,Jeff.L.Singleton@spambob.com,604-219-1135
Gustavo,Hawkins,4894 50th Street,VEGREVILLE,AB,T9C 1S1,Gustavo.M.Hawkins@dodgit.com,780-205-7222
Eleanor,Shull,32 Merton Street,TORONTO,ON,M1L 3K7,Eleanor.J.Shull@dodgit.com,416-938-2727
Andrew,Eaton,4212 George Street,PETERBOROUGH,ON,K9H 2L1,Andrew.S.Eaton@spambob.com,705-868-5177
Shannon,Hooks,1002 Ross Street,KINGSTON,ON,K7L 4V4,Shannon.M.Hooks@mailinator.com,613-572-8814
Carol,Paige,4230 49th Avenue,POND INLET,NT,X0A 0S0,Carol.E.Paige@pookmail.com,867-899-9538
Tom,Drew,3081 St Jean Baptiste St,FORESTVILLE,QC,G0T 1E0,Tom.D.Drew@spambob.com,418-587-3742
Preston,Owens,2938 Robson St,VANCOUVER,BC,V6B 3K9,Preston.A.Owens@mailinator.com,604-842-8360
Gregory,Murphy,259 Jasper Avenue,EDMONTON,AB,T5J 3N2,Gregory.A.Murphy@mailinator.com,780-504-2024
Robert,Dishman,3144 Barton Street,HAMILTON,ON,L8P 1P8,Robert.M.Dishman@pookmail.com,905-971-9794
Ray,Cote,4410 Victoria Park Ave,TORONTO,ON,M2J 3T7,Ray.I.Cote@trashymail.com,416-772-9018
April,Long,4855 Jasper Avenue,EDMONTON,AB,T5J 3N2,April.C.Long@dodgit.com,780-231-1935
Martha,Watt,3967 Ste. Catherine Ouest,MONTREAL,QC,H3B 4W5,Martha.J.Watt@trashymail.com,514-798-7424
Richard,Harrison,2887 Lauzon Parkway,LA SALLE,ON,N9J 1M9,Richard.B.Harrison@spambob.com,519-978-0876
James,Phillips,3729 Danforth Avenue,TORONTO,ON,M4K 1A6,James.B.Phillips@spambob.com,416-469-2042
Jessica,Casey,1924 Albert Street,HARRIS,SK,S4P 3Y2,Jessica.F.Casey@trashymail.com,306-656-6238
Eloise,Santos,3500 Bay Street,TORONTO,ON,M5J 2R8,Eloise.R.Santos@trashymail.com,416-826-0260
Carolyn,Wood,3903 Papineau Avenue,MONTREAL,QC,H2K 4J5,Carolyn.W.Wood@dodgit.com,514-261-1715
Amanda,Mccollister,3244 Thurston Dr,HULL,QC,K1A 0C9,Amanda.R.Mccollister@dodgit.com,819-921-1070
Jeana,Cook,1393 Bellwood Acres Rd,EMSDALE,ON,P0A 1J0,Jeana.K.Cook@pookmail.com,705-636-8993
Angela,Taylor,196 Roger Street,NANAIMO,BC,V9R 5H9,Angela.J.Taylor@trashymail.com,250-518-3168
Sue,Randall,4658 Danforth Avenue,TORONTO,ON,M4K 1A6,Sue.A.Randall@spambob.com,416-468-9527
David,Reed,1085 Sheppard Ave,TORONTO,ON,M1S 1T4,David.M.Reed@mailinator.com,416-396-5365
Julia,Hogan,3538 Robson St,VANCOUVER,BC,V6B 3K9,Julia.D.Hogan@mailinator.com,604-640-0587
Bobby,Taylor,2556 Bloor Street,WAINWRIGHT,AB,T0B 3G0,Bobby.M.Taylor@trashymail.com,780-842-2310
Michael,Clark,1329 Hastings Street,VANCOUVER,BC,V6C 1B4,Michael.K.Clark@spambob.com,604-726-6936
Glenn,Dismukes,4048 St. John Street,ANEROID,SK,S4P 3Y2,Glenn.D.Dismukes@mailinator.com,306-588-4909
Nicholas,Priest,305 Scotts Lane,BAMFIELD,BC,V0R 1B0,Nicholas.J.Priest@dodgit.com,250-728-2801
Ruby,Shirley,1326 Mesa Vista Drive,GOLD BRIDGE,BC,V0K 1P0,Ruby.D.Shirley@pookmail.com,250-238-2641
Kim,Vega,2888 Dominion St,MARTINTOWN,ON,K0C 1S0,Kim.D.Vega@mailinator.com,613-528-7160
Christina,Jones,1426 Bay Street,TORONTO,ON,M5J 2R8,Christina.T.Jones@trashymail.com,647-895-6380
Lacy,Ho,1988 Sixth Street,NEW WESTMINSTER,BC,V3L 3C1,Lacy.R.Ho@pookmail.com,604-527-7781
Louis,High,3056 Roger Street,PORT ALBERNI,BC,V9Y 4M8,Louis.L.High@spambob.com,250-723-1124
Cheryl,Williams,3481 Nelson Street,BRUCE MINES,ON,P0R 1C0,Cheryl.D.Williams@pookmail.com,705-785-7254
Michael,Fallis,3217 Barton Street,HAMILTON,ON,L8P 1P8,Michael.C.Fallis@dodgit.com,905-981-0453
Margaret,Frye,3310 rue de la Gauchetière,MONTREAL,QC,H3B 2M3,Margaret.G.Frye@spambob.com,514-398-7888
Michael,Barclay,4463 Halsey Avenue,TORONTO,ON,M3B 2W6,Michael.G.Barclay@spambob.com,416-510-1154
Lucy,Hembree,818 Tolmie St,VANCOUVER,BC,V6M 1Y8,Lucy.S.Hembree@mailinator.com,604-263-4901
Joseph,Matthews,1454 Eglinton Avenue,TORONTO,ON,M4P 1A6,Joseph.C.Matthews@mailinator.com,416-568-1580
Henry,Webb,3645 Jasper Avenue,EDMONTON,AB,T5J 3N2,Henry.K.Webb@trashymail.com,780-235-2035
Michelle,Lawrence,1065 St. John Street,BIG RIVER,SK,S4P 3Y2,Michelle.A.Lawrence@spambob.com,306-469-7791
Freddie,Baker,73 Toy Avenue,OSHAWA,ON,L1G 6Z8,Freddie.D.Baker@mailinator.com,905-244-1018
John,Martinez,1055 Brook St,AMHERST,NS,B4H 1W6,John.B.Martinez@dodgit.com,902-660-1623
Hazel,Waring,4299 Blind Bay Road,CRAWFORD BAY,BC,V0E 1B0,Hazel.G.Waring@dodgit.com,250-225-2780
Rachel,Brown,249 rue Saint-Édouard,TROIS RIVIERES,QC,G9A 5S8,Rachel.R.Brown@spambob.com,819-370-2834
Maxine,Farr,299 Baker Street,OWEN SOUND,ON,N0N 0N0,Maxine.K.Farr@mailinator.com,519-379-6275
Joshua,Kitson,3028 Acton Avenue,TORONTO,ON,M3H 4J1,Joshua.C.Kitson@mailinator.com,416-372-1472
Mary,Court,1216 Woodvale Drive,BELMONT,ON,N0L 1B0,Mary.D.Court@mailinator.com,519-644-3460
Timothy,Darden,206 Nelson Street,PICKLE LAKE,ON,P0V 3A0,Timothy.E.Darden@trashymail.com,807-928-1700
Leon,Morris,2486 Mountain Avenue,MORDEN,MB,R6M 1Y2,Leon.L.Morris@pookmail.com,204-822-7094
Anthony,Mickens,3396 Findlay Creek Road,SPARWOOD,BC,V0B 2G0,Anthony.K.Mickens@mailinator.com,250-433-0976
Jacqueline,Walker,4392 Orenda Rd,BRAMPTON,ON,L6W 1Z2,Jacqueline.G.Walker@mailinator.com,905-455-3095
Sara,Mcdonald,445 137th Avenue,EDMONTON,AB,T5M 3K3,Sara.H.Mcdonald@mailinator.com,780-732-7655
Terry,Walker,4177 Kinchant St,CHILLIWACK,BC,V2P 4H8,Terry.S.Walker@spambob.com,604-791-9799
Susie,Beers,560 De L'Acadie Boul,MONTREAL,QC,H4N 3C5,Susie.J.Beers@dodgit.com,514-949-0476
Jean,Washington,3740 Churchill Plaza,SAULT STE MARIE,ON,P6A 1Z2,Jean.E.Washington@spambob.com,705-945-5914
Ruby,Whaley,3944 Fourth Avenue,CALGARY,AB,T2P 0H3,Ruby.J.Whaley@pookmail.com,403-618-9397
Lawrence,Coker,165 Albert Street,STRATFORD,ON,N5A 3K5,Lawrence.J.Coker@dodgit.com,519-703-0243
Hector,Gonzalez,63 Essendene Avenue,ABBOTSFORD,BC,V2S 2H7,Hector.D.Gonzalez@mailinator.com,604-755-0725
Charles,Leeds,3542 Wascana Parkway,REGINA,SK,S4S 2R3,Charles.J.Leeds@pookmail.com,306-766-1991
William,Reed,42 Hardy Street,KELOWNA,BC,V1Y 8H2,William.E.Reed@mailinator.com,250-979-0158
Willena,Navarra,1972 Park Ct,EVANSBURG,AB,T0E 0T0,Willena.E.Navarra@spambob.com,780-727-6142
Mariann,Seaton,118 11th Ave,CALGARY,AB,T2P 1M6,Mariann.D.Seaton@dodgit.com,403-231-3210
Migdalia,Boyce,683 Lynden Road,SEBRIGHT,ON,L0K 1W0,Migdalia.R.Boyce@mailinator.com,705-833-7217
Chester,Reynolds,3109 rue des Érables,CLERMONT,QC,G4A 1J8,Chester.H.Reynolds@pookmail.com,418-439-5214
Mary,Morales,556 Beaver Creek,THORNHILL,ON,L4J 1W2,Mary.M.Morales@dodgit.com,905-763-8857
Kevin,Mcguire,4427 Fallon Drive,MILDMAY,ON,N0G 2J0,Kevin.D.Mcguire@dodgit.com,519-367-0162
Cory,Parke,1541 Lynden Road,SEBRIGHT,ON,L0K 1W0,Cory.T.Parke@dodgit.com,705-833-6842
Alyssa,Fajardo,3848 Pitfield Blvd,DORVAL,QC,H9S 3J7,Alyssa.C.Fajardo@pookmail.com,514-403-7624
Ted,Ramon,2656 Boulevard Ste-Geneviève,CHICOUTIMI,QC,G7G 2G6,Ted.M.Ramon@dodgit.com,418-812-2086
Roy,Marmol,3179 Tchesinkut Lake Rd,BEAR LAKE,BC,V0J 3G0,Roy.D.Marmol@dodgit.com,250-972-3168
Sun,Lawson,2555 Manitoba Street,NORTH BAY,ON,P1B 8G3,Sun.B.Lawson@mailinator.com,705-492-9626
John,Guy,1036 rue des Églises Est,BEARN,QC,J0X 1G0,John.L.Guy@spambob.com,819-726-0192
Richard,Wolfe,4478 Eglinton Avenue,TORONTO,ON,M4P 1A6,Richard.R.Wolfe@pookmail.com,416-727-1918
Ruth,Doss,1323 Heritage Drive,CALGARY,AB,T2V 2W2,Ruth.M.Doss@trashymail.com,403-255-8401
Donald,Norton,410 Coldstream Avenue,VERNON,BC,V1T 6N1,Donald.G.Norton@pookmail.com,250-309-3391
Alisa,Lawyer,3224 Goyeau Ave,WINDSOR,ON,N9A 1H9,Alisa.L.Lawyer@pookmail.com,519-256-0904
Lawrence,Wright,3532 Alaska Hwy,MUNCHO LAKE,BC,V0C 1Z0,Lawrence.T.Wright@spambob.com,250-776-9336
Shannon,Destefano,433 Duke Street,MONTREAL,QC,H3C 5K4,Shannon.P.Destefano@spambob.com,514-238-4410
Gregory,Reed,2776 De L'Acadie Boul,MONTREAL,QC,H4N 3C5,Gregory.A.Reed@mailinator.com,514-233-3987
Vernon,Washington,4235 40th Street,CALGARY,AB,T2K 0P7,Vernon.K.Washington@trashymail.com,403-275-8486
Cheri,Friley,2808 Hardy Street,KELOWNA,BC,V1Y 8H2,Cheri.S.Friley@trashymail.com,250-869-2789
John,Johnson,712 boulevard des Laurentides,TROIS RIVIERES,QC,G9A 1V7,John.K.Johnson@mailinator.com,819-699-6505
Gladys,Howard,4505 Water Street,KITCHENER,ON,N2H 5A5,Gladys.W.Howard@dodgit.com,519-579-0691
Bobby,Thompson,4314 Bayfield St,BARRIE,ON,L4M 4S7,Bobby.B.Thompson@mailinator.com,705-794-7673
James,Stevenson,4054 Adelaide St,TORONTO,ON,M5H 1P6,James.D.Stevenson@mailinator.com,416-359-6924
Cora,Gorney,2532 chemin Hudson,MONTREAL,QC,H4J 1M9,Cora.R.Gorney@pookmail.com,514-554-3317
Dane,Evans,4361 Brew Creek Rd,BOWEN ISLAND,BC,V0N 1G0,Dane.G.Evans@spambob.com,604-947-5270
Tyrone,Morton,2335 Main St,BRANDON,MB,R7A 5Y1,Tyrone.T.Morton@trashymail.com,204-721-4103
Matthew,Cardwell,633 avenue de Port-Royal,BONAVENTURE,QC,G0C 1E0,Matthew.E.Cardwell@trashymail.com,418-530-6724
Paris,Lindley,1623 11th Ave,CALGARY,AB,T2P 1M6,Paris.G.Lindley@pookmail.com,403-237-3282
Ramon,Story,4905 Merivale Road,OTTAWA,ON,K2G 3K2,Ramon.K.Story@pookmail.com,613-723-8916
Steven,Gaskin,4948 49th Avenue,IGLOOLIK,NT,X0A 0L0,Steven.M.Gaskin@mailinator.com,867-934-3323
Shelia,Martinez,1397 Reserve St,PALMER RAPIDS,ON,K0J 2E0,Shelia.G.Martinez@mailinator.com,613-758-8451
Roger,Coward,2566 Port Washington Road,NORDEGG,AB,T0M 2H0,Roger.E.Coward@trashymail.com,403-721-6579
Tammy,Stackhouse,3287 Glen Long Avenue,TORONTO,ON,M6B 1J8,Tammy.J.Stackhouse@spambob.com,416-785-2822
Tracy,Mcnair,3574 Papineau Avenue,MONTREAL,QC,H2K 4J5,Tracy.N.Mcnair@mailinator.com,514-299-7945
Patricia,Farrelly,980 Central Pkwy,ERIN MILLS,ON,L5L 3A1,Patricia.E.Farrelly@mailinator.com,905-828-0760
Christine,Perez,1833 Lockhart Drive,BARRIE,ON,L4M 3B1,Christine.M.Perez@dodgit.com,705-792-0444
Charlotte,Sousa,862 Maria St,BURLINGTON,ON,L7R 2G6,Charlotte.R.Sousa@dodgit.com,905-633-3400
Michael,Robertson,3762 Queens Bay,SLOCAN,BC,V0G 2C0,Michael.L.Robertson@dodgit.com,250-355-6863
William,Mcphee,3675 Horner Ave,TORONTO,ON,M8W 4Y4,William.K.Mcphee@spambob.com,647-430-0428
Juan,Jennings,2789 Yonge Street,TORONTO,ON,M4W 1J7,Juan.M.Jennings@spambob.com,416-464-9647
Danielle,Belote,1772 York St,LONDON,ON,N5W 2S9,Danielle.C.Belote@spambob.com,519-639-2524
Rodger,Ottman,2101 Jasper Avenue,EDMONTON,AB,T5J 3N2,Rodger.C.Ottman@trashymail.com,780-235-2531
Rose,Ballard,2634 MacLaren Street,OTTAWA,ON,K1P 5M7,Rose.W.Ballard@mailinator.com,613-787-2628
Tom,Luna,1971 rue des Églises Est,GRAND REMOUS,QC,J0W 1E0,Tom.S.Luna@trashymail.com,819-438-2973
Paulette,Hunt,2816 MacLaren Street,OTTAWA,ON,K1P 5M7,Paulette.A.Hunt@spambob.com,613-593-3908
Christine,Duncan,841 Merton Street,TORONTO,ON,M1L 3K7,Christine.R.Duncan@spambob.com,416-577-0516
Doug,Pereira,1560 Maynard Rd,CALGARY,AB,T2E 6J8,Doug.K.Pereira@trashymail.com,403-923-3713
Erin,Beals,4742 James Street,MOUNT PLEASANT,ON,N0E 1K0,Erin.E.Beals@pookmail.com,519-484-4283
Greg,Santiago,1719 Wellington Street,TORONTO,ON,M9C 3J5,Greg.H.Santiago@mailinator.com,416-695-1253
Rose,Dashiell,3101 Water Street,KITCHENER,ON,N2H 5A5,Rose.M.Dashiell@mailinator.com,519-575-4049
Nathan,Ackerman,1671 Rue King,SHERBROOKE,QC,J1H 1R4,Nathan.A.Ackerman@trashymail.com,819-563-2442
Julianna,Patterson,4737 Albert Street,LONDON,ON,N5W 5K6,Julianna.J.Patterson@spambob.com,519-451-0157
Harold,Davis,4294 Park Ct,BLUE RIDGE,AB,T0E 0B0,Harold.C.Davis@trashymail.com,780-648-6056
Stephen,Taylor,4122 Weir Crescent,TORONTO,ON,M1E 3T8,Stephen.L.Taylor@pookmail.com,416-937-2705
Darryl,Hughes,3843 Rose Street,REGINA,SK,S4P 3Y2,Darryl.D.Hughes@trashymail.com,306-526-0656
Vivian,Young,4830 Tycos Dr,TORONTO,ON,M5T 1T4,Vivian.W.Young@trashymail.com,416-595-5917
Robert,Wardle,2134 Halsey Avenue,TORONTO,ON,M3B 2W6,Robert.S.Wardle@spambob.com,647-271-1887
Lisa,Anderson,3656 Carling Avenue,OTTAWA,ON,K1Z 7B5,Lisa.P.Anderson@trashymail.com,613-867-0040
Dale,Whitis,655 Adelaide St,TORONTO,ON,M5H 1P6,Dale.R.Whitis@mailinator.com,416-504-6644
Jonathan,Fleetwood,326 Halsey Avenue,TORONTO,ON,M3B 2W6,Jonathan.A.Fleetwood@mailinator.com,416-370-2212
Nathan,Morris,3432 Venture Place,WIDEWATER,AB,T0G 2M0,Nathan.P.Morris@mailinator.com,780-369-3756
Charles,Navarro,3219 Manitoba Street,GRAVENHURST,ON,P1P 1X2,Charles.G.Navarro@dodgit.com,705-687-0334
Donna,Ballard,4895 Boulevard Cremazie,QUEBEC,QC,G1R 1B8,Donna.J.Ballard@trashymail.com,418-522-7209
Ryan,Criswell,818 Halsey Avenue,TORONTO,ON,M3B 2W6,Ryan.T.Criswell@pookmail.com,416-391-8795
Scott,Steele,2645 Barton Street,HAMILTON,ON,L8P 1P8,Scott.M.Steele@pookmail.com,905-746-1554
Donald,Maday,4137 Stum Lake Road,ALKALI LAKE,BC,V0L 1B0,Donald.S.Maday@dodgit.com,250-440-1156
Beverly,Perez,1154 Robson St,VANCOUVER,BC,V6B 3K9,Beverly.L.Perez@trashymail.com,604-801-7940
Yvonne,Elbert,3845 43rd Avenue,WHITEHORSE,NT,Y1A 2A2,Yvonne.B.Elbert@spambob.com,867-393-5185
Alida,Jaime,1099 Scotts Lane,BAMFIELD,BC,V0R 1B0,Alida.D.Jaime@spambob.com,250-728-0463
Doris,Tom,3924 Tchesinkut Lake Rd,FORT ST JAMES,BC,V0J 1P0,Doris.R.Tom@pookmail.com,250-996-8291
Alice,Gilyard,3116 Silver Springs Blvd,CALGARY,AB,T3B 2C3,Alice.D.Gilyard@mailinator.com,403-286-8051
Janet,Gonzales,118 Walsh Street,THUNDER BAY,ON,P7E 1J5,Janet.K.Gonzales@spambob.com,807-628-7829
Florence,Hundley,760 Eglinton Avenue,TORONTO,ON,M4P 1A6,Florence.T.Hundley@pookmail.com,416-710-5843
Gloria,Holder,3595 René-Lévesque Blvd,MONTREAL,QC,H3B 4W8,Gloria.E.Holder@trashymail.com,514-969-2323
Lola,Williams,4176 A Avenue,EDMONTON,AB,T5J 0K7,Lola.L.Williams@pookmail.com,780-944-7963
Raymond,Orellana,2716 McGill Road,KAMLOOPS,BC,V2C 5R8,Raymond.S.Orellana@mailinator.com,250-371-7825
Curtis,Richburg,2556 Bloor Street,MINBURN,AB,T0B 3B0,Curtis.E.Richburg@spambob.com,780-593-2583
Norma,Goode,2627 Heatherleigh,COOKSVILLE,ON,L5A 1V9,Norma.A.Goode@spambob.com,905-897-2051
Ron,Wallace,1748 Kinchant St,HANEY,BC,V2V 4H9,Ron.B.Wallace@spambob.com,604-476-8707
Amy,Smith,4146 rue Saint-Charles,LONGUEUIL,QC,J4H 1M3,Amy.L.Smith@pookmail.com,450-647-2948
Brandon,Turnbull,1673 MacLaren Street,OTTAWA,ON,K1P 5M7,Brandon.L.Turnbull@trashymail.com,613-755-3396
Barbara,Taylor,4413 184th Street,EDMONTON,AB,T5J 2R4,Barbara.B.Taylor@pookmail.com,780-999-3072
John,Long,2667 Glen Long Avenue,TORONTO,ON,M6B 1J8,John.K.Long@spambob.com,416-784-2793
Mabel,Blackburn,3132 Davis Drive,ORILLIA,ON,L3V 1T4,Mabel.M.Blackburn@pookmail.com,705-238-0379
Kristopher,Bandy,199 Grey Rd,FLESHERTON,ON,N0C 1E0,Kristopher.E.Bandy@mailinator.com,519-924-5344
George,Page,615 Old Spallumcheen Rd,ATLIN,BC,V0W 1A0,George.M.Page@trashymail.com,250-651-4315
Alma,Steiner,545 Manitoba Street,BRACEBRIDGE,ON,P1L 2B7,Alma.T.Steiner@pookmail.com,705-205-1386
Joshua,Gilchrist,3884 Papineau Avenue,MONTREAL,QC,H2K 4J5,Joshua.A.Gilchrist@trashymail.com,514-865-7329
Rachel,Taylor,446 Brand Road,SASKATOON,SK,S7K 1W8,Rachel.G.Taylor@pookmail.com,306-220-1584
Betsy,Ewing,356 Van Horne Ave,DRYDEN,ON,P8N 2A7,Betsy.R.Ewing@dodgit.com,807-221-3567
Penny,Bennett,302 Water Street,KITCHENER,ON,N2H 5A5,Penny.S.Bennett@dodgit.com,519-749-3974
June,Mcadoo,4936 7th Ave,CALGARY,AB,T2P 0W4,June.J.Mcadoo@mailinator.com,403-503-6139
James,Craig,1540 Wyecroft Road,BURLINGTON,ON,L7R 3X7,James.W.Craig@dodgit.com,905-220-4598
Boyd,Smith,1619 Roger Street,PORT ALBERNI,BC,V9Y 4M8,Boyd.L.Smith@mailinator.com,250-723-4311
Helene,Bell,4197 St. John Street,COLEVILLE,SK,S4P 3Y2,Helene.D.Bell@pookmail.com,306-965-5349
Marva,Goodwin,2892 Richmond Street,OSHAWA,ON,S4P 3Y2,Marva.W.Goodwin@pookmail.com,905-440-7798
Jeffrey,Mcswain,279 Acton Avenue,TORONTO,ON,M3H 4J1,Jeffrey.D.Mcswain@dodgit.com,416-379-1903
Lacy,Gayman,1687 Quayside Dr,NEW WESTMINSTER,BC,V3M 6A1,Lacy.C.Gayman@dodgit.com,604-763-0411
Jeannine,Green,3226 Walsh Street,THUNDER BAY,ON,P7E 1J5,Jeannine.J.Green@pookmail.com,807-947-1077
Tracy,Mayes,2320 MacLaren Street,OTTAWA,ON,K1P 5M7,Tracy.M.Mayes@spambob.com,613-940-8799
Brian,Beasley,1275 rue Levy,MONTREAL,QC,H3C 5K4,Brian.S.Beasley@pookmail.com,514-772-3977
Micheal,Rogers,844 47th Avenue,CARCROSS,NT,Y0B 1B0,Micheal.E.Rogers@spambob.com,867-821-8773
Chance,Robledo,2848 Goyeau Ave,WINDSOR,ON,N9A 1H9,Chance.M.Robledo@spambob.com,519-563-6385
Aaron,Stark,2538 Victoria Park Ave,TORONTO,ON,M2J 3T7,Aaron.P.Stark@trashymail.com,647-291-0937
Ester,Figueroa,33 rue Levy,MONTREAL,QC,H3C 5K4,Ester.G.Figueroa@mailinator.com,514-893-0659
Maria,Lawrence,1678 rue Levy,MONTREAL,QC,H3C 5K4,Maria.H.Lawrence@spambob.com,514-797-4925
Elizabeth,Mickelson,3796 Port Washington Road,BLACKIE,AB,T0L 0J0,Elizabeth.W.Mickelson@trashymail.com,403-684-7404
Luis,Mejia,2778 Papineau Avenue,MONTREAL,QC,H2K 4J5,Luis.L.Mejia@mailinator.com,514-297-3154
Francisco,Simpson,3054 184th Street,EDMONTON,AB,T5J 2R4,Francisco.M.Simpson@trashymail.com,780-974-1285
Mickey,Mccleary,2131 Bank St,OTTAWA,ON,K1H 7Z1,Mickey.J.Mccleary@pookmail.com,613-249-2940
Terry,Chu,2987 Halsey Avenue,TORONTO,ON,M3B 2W6,Terry.M.Chu@pookmail.com,416-382-2345
Marlene,Bennett,4804 Cornwall Street,ESTEVAN,SK,S4A 0W6,Marlene.H.Bennett@mailinator.com,306-421-8239
Dale,Murphy,3201 Woodvale Drive,SPARTA,ON,N0L 2H0,Dale.M.Murphy@dodgit.com,519-775-9208
Edna,Long,3093 56th Street,WETASKIWIN,AB,T9A 1N8,Edna.S.Long@dodgit.com,780-361-1572
Elizabeth,Moore,2627 Nelson Street,DEVLIN,ON,P0W 1C0,Elizabeth.N.Moore@mailinator.com,807-486-9082
James,Wigley,4958 Dominion St,MOOSE CREEK,ON,K0C 1W0,James.A.Wigley@spambob.com,613-538-0780
Pedro,Jones,201 Islington Ave,TORONTO,ON,M8V 3B6,Pedro.E.Jones@spambob.com,647-229-2255
Marisa,Wray,3218 11th Ave,CALGARY,AB,T2P 1M6,Marisa.J.Wray@dodgit.com,403-233-5697
Paul,Carlson,786 Robson St,VANCOUVER,BC,V6B 3K9,Paul.J.Carlson@trashymail.com,604-683-2476
Matthew,Swanger,3178 Heatherleigh,COOKSVILLE,ON,L5A 1V9,Matthew.J.Swanger@trashymail.com,905-949-6150
Theresa,Harley,1811 Bank St,OTTAWA,ON,K1H 7Z1,Theresa.K.Harley@pookmail.com,613-277-4552
Eric,Tucker,1317 Shaughnessy St,PORT COQUITLAM,BC,V3C 4S7,Eric.F.Tucker@mailinator.com,604-941-6119
Ronald,Hudson,2395 Fourth Avenue,CALGARY,AB,T2P 0H3,Ronald.E.Hudson@spambob.com,403-689-1994
Julie,Brumbelow,37 Nootka Street,VANCOUVER,BC,V5M 3M5,Julie.G.Brumbelow@spambob.com,778-232-6919
Helen,Vogt,277 Port Washington Road,CLARESHOLM,AB,T0L 0T0,Helen.R.Vogt@trashymail.com,403-625-8660
Michael,Mason,4961 René-Lévesque Blvd,MONTREAL,QC,H3B 4W8,Michael.R.Mason@pookmail.com,514-991-8491
Eugene,Cook,3140 Dry Pine Bay Rd,COPPER CLIFF,ON,P0M 1N0,Eugene.L.Cook@mailinator.com,705-682-1943
Victor,Butler,4701 Eagle Rd,TORONTO,ON,M8Z 4H4,Victor.W.Butler@mailinator.com,416-207-5694
Daniel,Ables,878 Nelson Street,SIOUX NARROWS,ON,P0X 1N0,Daniel.R.Ables@pookmail.com,807-226-9268
Edward,Grant,3642 Holdom Avenue,SURREY,BC,V3T 4Y5,Edward.B.Grant@trashymail.com,604-581-5959
Sean,Foster,4805 Carlson Road,PRINCE GEORGE,BC,V2L 5E5,Sean.S.Foster@mailinator.com,250-640-1286
Robert,Guerrera,1388 Merton Street,TORONTO,ON,M1L 3K7,Robert.G.Guerrera@spambob.com,416-919-9173
Diana,Morris,4169 rue de la Gauchetière,MONTREAL,QC,H3B 2M3,Diana.D.Morris@pookmail.com,514-398-9369
Katrina,Stone,3614 Ross Street,KINGSTON,ON,K7L 4V4,Katrina.J.Stone@spambob.com,613-328-2632
Dawn,Hilliard,2114 Mesa Vista Drive,CLINTON,BC,V0K 1K0,Dawn.C.Hilliard@mailinator.com,250-459-4711
Nancy,Knapp,4772 Nelson Street,HUDSON,ON,P0V 1X0,Nancy.R.Knapp@trashymail.com,807-582-0178
Jennifer,Cutler,2016 Scarth Street,MONTREAL,QC,S4P 3Y2,Jennifer.J.Cutler@trashymail.com,514-482-3729
Myra,Grundy,236 Calgary Avenue,PENTICTON,BC,V2A 2T6,Myra.R.Grundy@pookmail.com,250-276-4617
Mildred,Haynie,1247 Embro St,HICKSON,ON,N0J 1L0,Mildred.Z.Haynie@spambob.com,519-462-2299
Robert,Self,3290 Scarth Street,MONTREAL,QC,S4P 3Y2,Robert.B.Self@mailinator.com,514-487-1018
Santos,David,4200 Tycos Dr,TORONTO,ON,M5T 1T4,Santos.J.David@mailinator.com,416-605-7556
Marcia,Carreon,1098 Parkdale Avenue,HAMILTON,ON,L8K 1A4,Marcia.H.Carreon@dodgit.com,905-312-7167
Marie,Mahon,1369 Prince William,SAINT JOHN,NB,E2L 4V1,Marie.D.Mahon@pookmail.com,506-721-5151
Joshua,Harris,2572 Ross Street,PERTH,ON,K7H 2S6,Joshua.J.Harris@mailinator.com,613-326-3479
Lois,Burden,3686 Stum Lake Road,CHILANKO FORKS,BC,V0L 1H0,Lois.J.Burden@pookmail.com,250-481-8091
Greg,Garcia,2587 Robson St,VANCOUVER,BC,V6B 3K9,Greg.D.Garcia@mailinator.com,604-646-0666
Bobbie,Cunningham,1574 11th Ave,CALGARY,AB,T2P 1M6,Bobbie.G.Cunningham@pookmail.com,403-237-8532
John,White,4252 Lauzon Parkway,WINDSOR,ON,N8Y 4V1,John.M.White@dodgit.com,519-982-3919
Traci,Merry,4838 11th Ave,CALGARY,AB,T2P 1M6,Traci.M.Merry@spambob.com,403-294-1810
Mary,Elliott,4077 Kinchant St,KAMLOOPS,BC,V2C 1Y1,Mary.E.Elliott@spambob.com,250-572-9938
Tim,Miller,4376 Halsey Avenue,TORONTO,ON,M3B 2W6,Tim.P.Miller@dodgit.com,416-445-0522
Jill,Dozier,3528 Water Street,KITCHENER,ON,N2H 5A5,Jill.F.Dozier@spambob.com,519-501-4549
Erwin,Hufnagel,2551 rue Levy,MONTREAL,QC,H3C 5K4,Erwin.D.Hufnagel@dodgit.com,514-793-3095
Kristy,Staten,4514 Port Washington Road,GRANUM,AB,T0L 1A0,Kristy.S.Staten@pookmail.com,403-687-0837
Drew,Gwyn,4000 Glover Road,SURREY,BC,V3W 4N6,Drew.M.Gwyn@trashymail.com,604-562-9475
Edwin,Sussman,2454 St. John Street,LA RONGE,SK,S4P 3Y2,Edwin.S.Sussman@dodgit.com,306-425-7308
Craig,Rowley,3826 Galts Ave,RED DEER,AB,T4N 2A6,Craig.R.Rowley@dodgit.com,403-302-1489
Frank,Fults,531 Bay Street,TORONTO,ON,M5J 2R8,Frank.H.Fults@mailinator.com,647-686-4072
Jong,Robinson,1023 43rd Avenue,WHITEHORSE,NT,Y1A 2A2,Jong.J.Robinson@trashymail.com,867-667-4599
Misti,Stradford,520 Yonge Street,TORONTO,ON,M4W 1J7,Misti.S.Stradford@trashymail.com,416-471-5561
Melvin,Brooks,2764 rue Parc,SHERBROOKE,QC,J1E 3B2,Melvin.M.Brooks@dodgit.com,819-437-2968
Stanley,Ming,2873 MacLaren Street,OTTAWA,ON,K1P 5M7,Stanley.S.Ming@spambob.com,613-760-9819
William,Ryder,4308 De la Providence Avenue,BUCKINGHAM,QC,J8L 1P1,William.B.Ryder@dodgit.com,819-986-5490
Teresa,Leonard,2850 Blanshard,VICTORIA,BC,V8W 2H9,Teresa.T.Leonard@trashymail.com,250-388-4032
Edward,Sayre,2119 rue Levy,MONTREAL,QC,H3C 5K4,Edward.P.Sayre@spambob.com,514-973-6650
Janice,Samuels,2122 Wallbridge Loyalist Rd,BELLEVILLE,ON,K8N 1L9,Janice.F.Samuels@mailinator.com,613-847-5380
Sylvia,Jones,518 90th Avenue,BROOKS,AB,T0J 0J0,Sylvia.M.Jones@mailinator.com,403-793-1274
Rebecca,Pickel,3355 Hyde Park Road,LONDON,ON,N6H 3S2,Rebecca.R.Pickel@trashymail.com,519-471-4121
Debroah,Bridgeforth,1936 rue Ellice,JOLIETTE,QC,J6E 3E8,Debroah.D.Bridgeforth@pookmail.com,450-898-5296
Rita,Mcdowell,1633 Toy Avenue,OSHAWA,ON,L1H 7K5,Rita.C.Mcdowell@dodgit.com,905-442-3779
Betty,Hernandez,141 rue Saint-Charles,LONGUEUIL,QC,J4H 1M3,Betty.W.Hernandez@dodgit.com,450-468-8801
Joan,Maner,1661 St. John Street,COLONSAY,SK,S4P 3Y2,Joan.R.Maner@trashymail.com,306-255-7658
Lawrence,Castaneda,2905 St. John Street,ARCHERWILL,SK,S4P 3Y2,Lawrence.D.Castaneda@pookmail.com,306-323-3635
Cindie,Stuck,4816 Central Pkwy,ERIN MILLS,ON,L5L 3A1,Cindie.E.Stuck@spambob.com,905-820-9866
Roseanne,Coleman,848 Heatherleigh,COOKSVILLE,ON,L5A 1V9,Roseanne.P.Coleman@trashymail.com,905-949-0159
Tammy,Thompson,384 rue des Érables,STE ANNE DES MONTS,QC,G4V 1B6,Tammy.C.Thompson@pookmail.com,418-764-8121
Ryan,Whatley,451 Sheppard Ave,TORONTO,ON,M1S 1T4,Ryan.R.Whatley@trashymail.com,416-297-8796
George,Ohara,4292 9th Ave,LETHBRIDGE,AB,T1J 2J7,George.L.Ohara@mailinator.com,403-894-3241
Matilda,Maestas,3899 Cork St,GUELPH,ON,N1H 2W8,Matilda.C.Maestas@trashymail.com,519-829-1013
Amy,Wilder,3258 Halsey Avenue,TORONTO,ON,M3B 2W6,Amy.R.Wilder@spambob.com,416-456-2158
Jennifer,Bruce,380 Water Street,KITCHENER,ON,N2H 5A5,Jennifer.G.Bruce@trashymail.com,519-743-1655
Jared,Johnson,2477 Carling Avenue,OTTAWA,ON,K1Z 7B5,Jared.B.Johnson@dodgit.com,613-729-0909
Jill,Dejean,4540 Roger Street,PARKSVILLE,BC,V9P 1R1,Jill.R.Dejean@trashymail.com,250-954-9942
James,Abernathy,1796 Essendene Avenue,ABBOTSFORD,BC,V2S 2H7,James.A.Abernathy@dodgit.com,604-864-9504
Nina,Carrington,2949 rue Garneau,QUEBEC,QC,G1V 3V5,Nina.A.Carrington@trashymail.com,418-933-2541
Dallas,Cox,4881 Adelaide St,TORONTO,ON,M5H 1P6,Dallas.D.Cox@spambob.com,416-504-5482
Marianne,Keller,4193 Hastings Street,VANCOUVER,BC,V6C 1B4,Marianne.W.Keller@trashymail.com,604-782-0877
Kevin,Winder,1709 Whitmore Road,FORT ERIE,ON,L0L 0L0,Kevin.A.Winder@spambob.com,905-993-5462
Edna,Westbrook,1604 Pine Street,ALTARIO,AB,T0C 0E0,Edna.L.Westbrook@trashymail.com,403-552-5279
George,Zamora,447 Gateway Blvd,EDMONTON,AB,T6H 1J5,George.A.Zamora@spambob.com,780-988-4841
Paul,Duncan,3123 Orenda Rd,BRAMPTON,ON,L6W 1Z2,Paul.T.Duncan@pookmail.com,905-450-9404
Verda,Vazquez,3959 Kinchant St,QUESNEL,BC,V2J 2R5,Verda.J.Vazquez@mailinator.com,250-992-0751
Elaine,Lee,2103 Nelson Street,HONEY HARBOUR,ON,P0E 1E0,Elaine.A.Lee@trashymail.com,705-756-4194
Karl,Moyer,2634 Front Street,TORONTO,ON,M5J 2N1,Karl.A.Moyer@dodgit.com,416-508-6678
Deborah,Wheeler,2110 A Avenue,EDMONTON,AB,T5J 0K7,Deborah.F.Wheeler@dodgit.com,780-420-6983
Doris,Wickham,4208 Jasper Avenue,EDMONTON,AB,T5J 3N2,Doris.R.Wickham@spambob.com,780-240-6712
Ida,Anderson,4953 Pine Street,VETERAN,AB,T0C 2S0,Ida.D.Anderson@pookmail.com,403-575-0311
Florence,Norton,2013 White Point Road,WEYMOUTH,NS,B0W 3T0,Florence.M.Norton@trashymail.com,902-586-0129
Patricia,Ambrose,2562 St. Paul Street,ST CATHARINES,ON,L2S 3A1,Patricia.E.Ambrose@dodgit.com,289-241-7077
Heather,Rudolph,304 Isabella Street,BELLEVILLE,ON,K8N 4Z5,Heather.J.Rudolph@trashymail.com,613-921-6684
Sebastian,Smith,3823 Ross Street,ARNPRIOR,ON,K7S 2R5,Sebastian.K.Smith@dodgit.com,613-623-4846
Roy,Orr,4508 Reserve St,SEELEYS BAY,ON,K0H 2N0,Roy.D.Orr@mailinator.com,613-387-7222
Richard,Chavez,2155 40th Street,CALGARY,AB,T2R 0A9,Richard.K.Chavez@mailinator.com,403-398-8230
James,Emrich,4476 James Street,ST GEORGE,ON,N0E 1N0,James.P.Emrich@dodgit.com,519-448-5552
Virginia,Kay,601 rue des Églises Est,LAURENTIDES,QC,J0R 1C0,Virginia.E.Kay@pookmail.com,450-439-4443
James,Barbeau,3411 Port Washington Road,BANFF,AB,T0L 0C0,James.E.Barbeau@mailinator.com,403-431-2270
Cynthia,Finley,2950 Goyeau Ave,WINDSOR,ON,N9A 1H9,Cynthia.P.Finley@spambob.com,519-999-7354
Kenneth,Dick,3496 Harvest Moon Dr,UNIONVILLE,ON,L3R 0L7,Kenneth.J.Dick@pookmail.com,905-413-2102
Stella,Guinn,1134 Kennedy Rd,COBOURG,ON,K9A 1J1,Stella.L.Guinn@pookmail.com,905-372-1467
Arthur,Seibel,709 Hardy Street,KELOWNA,BC,V1Y 8H2,Arthur.D.Seibel@trashymail.com,250-470-5367
Cindy,Heywood,3159 Brand Road,SASKATOON,SK,S7K 1W8,Cindy.N.Heywood@mailinator.com,306-374-6161
Ronald,Ross,859 Rue King,SHERBROOKE,QC,J1H 1R4,Ronald.R.Ross@trashymail.com,819-821-2143
Mary,Pratt,2736 MacLaren Street,OTTAWA,ON,K1P 5M7,Mary.L.Pratt@pookmail.com,613-598-3301
John,Aldrich,1918 Rue De La Gare,DOLBEAU,QC,G8L 1C3,John.O.Aldrich@trashymail.com,418-276-1408
Audie,Edwards,2477 Ste. Catherine Ouest,MONTREAL,QC,H2A 2Z3,Audie.D.Edwards@spambob.com,514-777-4207
Roger,Manning,184 Hardy Street,KELOWNA,BC,V1Y 8H2,Roger.J.Manning@pookmail.com,250-878-5455
Billy,Lowery,127 Fallon Drive,MOUNT FOREST,ON,N0G 2L2,Billy.D.Lowery@mailinator.com,519-314-4068
Michelle,Ellis,807 7th Ave,CALGARY,AB,T2P 0W4,Michelle.D.Ellis@trashymail.com,403-239-2869
Tyrone,Nabors,3479 184th Street,EDMONTON,AB,T5J 2R4,Tyrone.R.Nabors@dodgit.com,780-466-4959
Mary,Moring,2086 rue Levy,MONTREAL,QC,H3C 5K4,Mary.J.Moring@spambob.com,514-776-1812
Dora,Moore,41 Adelaide St,TORONTO,ON,M5H 1P6,Dora.T.Moore@mailinator.com,416-216-1415
Linda,Grosz,4218 47th Avenue,JUDAS CREEK,NT,Y0B 1T0,Linda.A.Grosz@mailinator.com,867-660-1628
David,Kenny,2031 McGill Road,KAMLOOPS,BC,V2C 5R8,David.T.Kenny@pookmail.com,250-320-2487
Ada,Spann,3277 Victoria Park Ave,TORONTO,ON,M2J 3T7,Ada.M.Spann@mailinator.com,416-490-0117
Kenneth,Cronin,4694 Royal Avenue,NEW WESTMINSTER,BC,V3L 5H1,Kenneth.M.Cronin@dodgit.com,778-898-1019
Glenda,Johnston,4430 rue Levy,MONTREAL,QC,H3C 5K4,Glenda.R.Johnston@spambob.com,514-346-4135
Sabrina,Miller,3943 Toy Avenue,PORT HOPE,ON,L1A 1N4,Sabrina.L.Miller@pookmail.com,905-885-3934
Jeremy,Lewis,2527 Nelson Street,CAT LAKE,ON,P0V 1J0,Jeremy.T.Lewis@trashymail.com,807-347-2394
Jean,Weaver,3383 Central Pkwy,MISSISSAUGA,ON,L5C 3T6,Jean.C.Weaver@mailinator.com,905-366-0641
Elizabeth,Victoria,2098 Landon Street,FIELD,ON,P0H 1M0,Elizabeth.B.Victoria@dodgit.com,705-758-1834
Jeffrey,Willis,4987 Speers Road,OAKVILLE,ON,L6J 3X4,Jeffrey.Y.Willis@trashymail.com,905-339-5075
Stephen,Anspach,1936 Galts Ave,RED DEER,AB,T4N 2A6,Stephen.V.Anspach@mailinator.com,403-348-6146
Sandra,Armstrong,935 rue des Églises Est,ST EUGENE DE GUIGUES,QC,J0Z 3L0,Sandra.J.Armstrong@mailinator.com,819-785-9662
Holly,Brown,3053 Lynden Road,SCHOMBERG,ON,L0G 1T0,Holly.S.Brown@trashymail.com,905-939-4814
Anita,Kang,4329 5th Avenue,JOHN D'OR PRAIRIE,AB,T0H 1N0,Anita.B.Kang@dodgit.com,780-759-9679
Tiffany,Conrad,3906 Duke Street,MONTREAL,QC,H3C 5K4,Tiffany.W.Conrad@pookmail.com,514-247-1597
Bettye,Owens,4535 Hyde Park Road,LONDON,ON,N6H 3S2,Bettye.C.Owens@dodgit.com,519-641-4192
Robert,Monge,334 Scarth Street,MONTREAL,QC,S4P 3Y2,Robert.K.Monge@mailinator.com,514-483-8652
Martha,Williamson,178 Albert Street,HARRIS,SK,S4P 3Y2,Martha.H.Williamson@mailinator.com,306-656-7993
Christopher,Hagins,3770 Ste. Catherine Ouest,MONTREAL,QC,H3B 4W5,Christopher.J.Hagins@trashymail.com,514-798-2104
Joseph,Ousley,4037 Alaska Hwy,FORT NELSON,NT,V0C 1C0,Joseph.R.Ousley@dodgit.com,867-333-6730
Mark,Sickels,4602 Kinchant St,QUESNEL,BC,V2J 2R5,Mark.B.Sickels@mailinator.com,250-991-0180
Anthony,Vanhoose,4022 Bay Street,TORONTO,ON,M5J 2R8,Anthony.N.Vanhoose@trashymail.com,647-891-8122
William,Mathews,2525 3rd Avenue,MEDICINE HAT,AB,T1A 7E4,William.A.Mathews@pookmail.com,403-977-7791
Wilfredo,Morgan,1710 rue Saint-Antoine,GRANBY,QC,J2G 7T1,Wilfredo.S.Morgan@pookmail.com,450-574-1085
Monica,Marcucci,558 Islington Ave,TORONTO,ON,M9V 2X5,Monica.J.Marcucci@mailinator.com,416-560-5682
Dave,Rutland,234 rue Saint-Édouard,TROIS RIVIERES,QC,G9A 5S8,Dave.R.Rutland@trashymail.com,819-691-7151
Deborah,Leonard,4867 Davis Drive,GRIMSBY,ON,L3M 3J6,Deborah.J.Leonard@spambob.com,905-309-4906
Joanne,Gerald,2600 Cork St,GUELPH,ON,N1H 2W8,Joanne.N.Gerald@pookmail.com,519-826-3003
Randolph,Coster,4473 chemin Hudson,MONTREAL,QC,H4J 1M9,Randolph.D.Coster@pookmail.com,514-554-7311
Kevin,Clark,296 Dominion St,LANCASTER,ON,K0C 1N0,Kevin.C.Clark@mailinator.com,613-347-5174
Betty,Gent,504 Brew Creek Rd,SQUAMISH,BC,V0N 3G0,Betty.W.Gent@pookmail.com,604-892-7298
James,Lyon,3739 49th Avenue,BAKER LAKE,NT,X0C 0A0,James.C.Lyon@trashymail.com,867-793-5216
Marie,Curtis,3140 Speers Road,BRAMPTON,ON,L6T 3W9,Marie.C.Curtis@spambob.com,905-793-2260
Monte,Snoddy,206 Brew Creek Rd,WOSS,BC,V0N 3P0,Monte.R.Snoddy@mailinator.com,250-281-9218
Christy,Beck,2698 rue Ellice,JOLIETTE,QC,J6E 3E8,Christy.K.Beck@dodgit.com,450-803-1317
Edward,Burnett,4166 Robson St,VANCOUVER,BC,V6B 3K9,Edward.C.Burnett@spambob.com,604-837-2779
Kenneth,Murray,4691 Fallon Drive,GRANTON,ON,N0M 1V0,Kenneth.J.Murray@mailinator.com,519-225-1565
John,Nguyen,453 Island Hwy,CAMPBELL RIVER,BC,V9W 2X6,John.C.Nguyen@trashymail.com,250-202-8988
Judy,Garcia,4750 49th Avenue,HAY RIVER,NT,X0E 0R0,Judy.R.Garcia@spambob.com,867-875-1927
Calvin,Fisher,3669 Kinchant St,KAMLOOPS,BC,V2C 1Y1,Calvin.S.Fisher@trashymail.com,250-574-1552
Brenda,Hill,436 Victoria Park Ave,TORONTO,ON,M2J 3T7,Brenda.D.Hill@pookmail.com,416-717-0591
Juanita,Giles,2688 Queens Bay,CASTLEGAR,BC,V0G 2G0,Juanita.W.Giles@trashymail.com,250-304-6810
Bettina,Alexander,1304 Brand Road,SASKATOON,SK,S7K 1W8,Bettina.J.Alexander@pookmail.com,306-964-3323
David,Owens,870 Eglinton Avenue,TORONTO,ON,M4P 1A6,David.C.Owens@mailinator.com,647-403-5297
Joyce,Lashley,1769 Bay Street,TORONTO,ON,M5J 2R8,Joyce.R.Lashley@trashymail.com,647-885-6201
Gordon,Wesson,3943 No. 3 Road,RICHMOND,BC,V6X 2B8,Gordon.L.Wesson@mailinator.com,604-304-8432
Edmund,Politte,3285 James Street,ALDERGROVE,BC,V5W 3P7,Edmund.R.Politte@pookmail.com,604-626-3923
Mallory,Littrell,1000 Tycos Dr,TORONTO,ON,M5T 1T4,Mallory.J.Littrell@pookmail.com,416-353-2864
Ricky,Fitzpatrick,2955 Kinchant St,BOUCHIE LAKE,BC,V2J 3H7,Ricky.H.Fitzpatrick@spambob.com,250-249-3511
George,Griffin,3437 York St,LONDON,ON,N5W 2S9,George.S.Griffin@mailinator.com,519-851-5045
Matthew,Stlouis,4335 184th Street,EDMONTON,AB,T5J 2R4,Matthew.T.Stlouis@trashymail.com,780-686-1252
Mary,Bell,3782 Township Rd,LEDUC,AB,T9E 2W9,Mary.M.Bell@pookmail.com,780-980-9803
Starla,Clark,877 rue des Églises Est,JOUTEL,QC,J0Y 1N0,Starla.V.Clark@trashymail.com,819-756-9029
Herman,Demps,3331 Burdett Avenue,VICTORIA,BC,V8N 2A4,Herman.J.Demps@trashymail.com,250-472-0896
Florence,Valadez,4286 Duke Street,MONTREAL,QC,H3C 5K4,Florence.J.Valadez@dodgit.com,514-231-1345
Richard,Glover,2947 Wascana Parkway,REGINA,SK,S4S 2R3,Richard.L.Glover@mailinator.com,306-721-2849
Kristin,Young,4487 Water Street,KITCHENER,ON,N2H 5A5,Kristin.P.Young@pookmail.com,519-576-2572
Alice,Coleman,1147 Bridgeport Rd,MILTON,ON,L9T 1P4,Alice.J.Coleman@pookmail.com,905-864-2044
Janet,Denton,699 Acton Avenue,TORONTO,ON,M3H 4J1,Janet.T.Denton@mailinator.com,416-638-3697
Naomi,Stone,2506 MacLaren Street,OTTAWA,ON,K1P 5M7,Naomi.J.Stone@pookmail.com,613-755-8821
Ermelinda,Taylor,3778 Blanshard,VICTORIA,BC,V8W 2H9,Ermelinda.R.Taylor@pookmail.com,250-978-0127
Michael,Shields,57 Kennedy Rd,COBOURG,ON,K9A 1J1,Michael.M.Shields@spambob.com,905-373-4281
Stella,Gleaves,3314 James Street,MOOSE FACTORY,ON,P0L 1W0,Stella.I.Gleaves@mailinator.com,705-658-7029
Ernestine,Pope,1014 Tchesinkut Lake Rd,HIXON,BC,V0J 1S0,Ernestine.D.Pope@dodgit.com,250-998-0976
Kevin,Small,3083 Charleton Ave,HAMILTON,ON,L8N 3X3,Kevin.S.Small@pookmail.com,905-869-5477
Frances,Kersh,1668 Fallon Drive,THAMESFORD,ON,N0M 2M0,Frances.N.Kersh@pookmail.com,519-285-2608
Robert,Desantis,2219 Yonge Street,TORONTO,ON,M4W 1J7,Robert.M.Desantis@spambob.com,416-975-9471
Timothy,Roberts,849 Ganges Road,SOOKE,BC,V0S 1N0,Timothy.E.Roberts@trashymail.com,250-646-4927
Elaine,Curl,4366 7th Ave,CALGARY,AB,T2P 0W4,Elaine.C.Curl@mailinator.com,403-374-2549
Bryon,Traylor,3906 Bloor Street,VEGREVILLE,AB,T0B 4L0,Bryon.G.Traylor@dodgit.com,780-603-2933
Garrett,Dermody,2364 rue Levy,MONTREAL,QC,H3C 5K4,Garrett.D.Dermody@pookmail.com,514-715-0913
Neil,Oneal,3682 Bloor Street,WAINWRIGHT,AB,T0B 3G0,Neil.A.Oneal@pookmail.com,780-842-5815
Ruth,Allison,1429 Water Street,KITCHENER,ON,N2H 5A5,Ruth.E.Allison@mailinator.com,519-635-8342
Jacqueline,Washington,1082 rue Garneau,QUEBEC,QC,G1V 3V5,Jacqueline.A.Washington@spambob.com,418-953-0871
Ronald,Halsted,4812 boulevard des Laurentides,LA TUQUE,QC,G9X 3B2,Ronald.J.Halsted@pookmail.com,819-676-2819
Dorothy,Johnson,4738 Adelaide St,TORONTO,ON,M5H 1P6,Dorothy.S.Johnson@dodgit.com,416-308-5944
Aaron,Kraemer,3227 Adelaide St,TORONTO,ON,M5H 1P6,Aaron.L.Kraemer@trashymail.com,416-955-2927
John,Stevens,1790 chemin Hudson,MONTREAL,QC,H4J 1M9,John.D.Stevens@spambob.com,514-268-5627
Hayden,Masterson,2051 Speers Road,OAKVILLE,ON,L6J 3X4,Hayden.L.Masterson@spambob.com,905-339-2819
Diane,Hardin,2316 Queens Sq,HESPELER,ON,N3C 1H3,Diane.J.Hardin@spambob.com,519-841-8698
David,Murray,4807 Bay Street,TORONTO,ON,M5J 2R8,David.D.Murray@spambob.com,647-838-6901
Nicholas,Falco,4931 York St,LONDON,ON,N5W 2S9,Nicholas.A.Falco@spambob.com,519-670-2350
Mary,Battles,3188 Dry Pine Bay Rd,COPPER CLIFF,ON,P0M 1N0,Mary.B.Battles@pookmail.com,705-682-2329
Debbie,Levine,3261 Main St,WEBB,SK,S0N 2X0,Debbie.J.Levine@pookmail.com,306-674-5098
Angela,Johnson,1440 Fallon Drive,COMBER,ON,N0P 1J0,Angela.L.Johnson@pookmail.com,519-687-9615
Dennis,Miller,4668 René-Lévesque Blvd,MONTREAL,QC,H3B 4W8,Dennis.J.Miller@pookmail.com,514-574-1706
Lori,Olive,3714 St-Jacques Est,CHARNY,QC,G6X 1T5,Lori.S.Olive@trashymail.com,418-832-2477
Owen,Forde,2436 184th Street,EDMONTON,AB,T5J 2R4,Owen.B.Forde@mailinator.com,780-999-1985
Stephen,Saxton,4040 Wentz Avenue,SASKATOON,SK,S7K 7A9,Stephen.M.Saxton@trashymail.com,306-241-2927
Beth,Dillon,3659 Alaska Hwy,TAYLOR,BC,V0C 2K0,Beth.S.Dillon@spambob.com,250-789-0950
Harold,Vang,1138 Port Washington Road,FOREMOST,AB,T0K 0X0,Harold.M.Vang@trashymail.com,403-867-4006
Ellen,Westcott,180 James Street,ST CATHARINES,ON,L2R 3H6,Ellen.C.Westcott@dodgit.com,905-688-2314
Ilene,Barrick,2880 Hyde Park Road,LONDON,ON,N6A 5J7,Ilene.M.Barrick@trashymail.com,519-789-8552
Anna,Brown,1910 Bank St,OTTAWA,ON,K1H 7Z1,Anna.J.Brown@trashymail.com,613-736-8792
Troy,Mcnamara,497 Kennedy Rd,PETERBOROUGH,ON,K9J 6Y1,Troy.R.Mcnamara@mailinator.com,705-772-0146
Craig,Cannon,3554 50th Street,VEGREVILLE,AB,T9C 1S1,Craig.K.Cannon@spambob.com,780-209-9724
Jean,Forrest,3253 Boulevard Laflèche,ST GEORGES,QC,G5Y 1X7,Jean.D.Forrest@trashymail.com,418-382-9295
Amy,Chavez,4230 Lynden Road,CANNINGTON,ON,L0E 1E0,Amy.E.Chavez@dodgit.com,705-432-0017
Joseph,Parker,1905 St Marys Rd,WINNIPEG,MB,R3C 3N9,Joseph.C.Parker@spambob.com,204-887-6855
Dale,Zak,1191 Pine Street,CALMAR,AB,T0C 0V0,Dale.J.Zak@trashymail.com,780-985-2117
Christopher,Clark,157 Hastings Street,VANCOUVER,BC,V6C 1B4,Christopher.M.Clark@mailinator.com,604-721-1169
Frank,Warren,690 rue Ontario Ouest,MONTREAL,QC,H2X 1Y8,Frank.G.Warren@spambob.com,514-849-5349
Jonathan,Carney,435 Speers Road,OAKVILLE,ON,L6L 2X5,Jonathan.R.Carney@spambob.com,905-330-8923
Jonathan,Davis,2831 Hardy Street,KELOWNA,BC,V1Y 8H2,Jonathan.L.Davis@dodgit.com,250-215-9927
Stacey,Strong,103 Adelaide St,TORONTO,ON,M5H 1P6,Stacey.G.Strong@trashymail.com,416-360-0915
Linda,Decker,4128 Jasper Ave,EDMONTON,AB,T5J 3N6,Linda.J.Decker@mailinator.com,780-902-6884
Carla,Thompson,3421 Barrydowne Road,SUDBURY,ON,P3E 5K3,Carla.J.Thompson@trashymail.com,705-233-9736
Cleveland,Rogers,4744 Baker Street,LONDON,ON,N0N 0N0,Cleveland.D.Rogers@pookmail.com,519-642-2095
Justin,Freeman,3943 Queen Elisabeth Blvd,KIPLING,SK,S4P 3Y2,Justin.A.Freeman@mailinator.com,306-736-0939
Daniel,Smith,3352 Wellington Street,TORONTO,ON,M9C 3J5,Daniel.V.Smith@dodgit.com,416-622-6593
Robert,Dumas,326 Islington Ave,TORONTO,ON,M8V 3B6,Robert.M.Dumas@mailinator.com,416-255-3124
Bessie,Boyden,4051 Ross Street,SMITHS FALLS,ON,K7A 4Z9,Bessie.J.Boyden@spambob.com,613-988-8410
Rosemarie,Booth,4142 Isabella Street,PEMBROKE,ON,K8A 6W2,Rosemarie.A.Booth@pookmail.com,613-638-9901
Connie,Moran,753 Coldstream Avenue,VERNON,BC,V1T 6N1,Connie.R.Moran@spambob.com,250-379-8220
Gerda,Stovall,2304 Holdom Avenue,SURREY,BC,V3T 4Y5,Gerda.B.Stovall@dodgit.com,604-580-0530
Timothy,Fernandez,2801 River Street,PORT ELGIN,ON,N0N 2C4,Timothy.C.Fernandez@dodgit.com,519-389-6400
Jennifer,Mueller,2462 Thurston Dr,OTTAWA,ON,K1G 0Z2,Jennifer.R.Mueller@dodgit.com,613-614-3366
Marion,Shropshire,1076 René-Lévesque Blvd,MONTREAL,QC,H3B 4W8,Marion.F.Shropshire@mailinator.com,514-993-3954
Norman,Reiter,1819 40th Street,CALGARY,AB,T2M 0X4,Norman.S.Reiter@spambob.com,403-289-2563
Sean,Carr,4039 Bay Street,TORONTO,ON,M5J 2R8,Sean.C.Carr@pookmail.com,416-836-6708
Ruth,Dawkins,125 Rose Street,REGINA,SK,S4P 3Y2,Ruth.D.Dawkins@spambob.com,306-545-7822
Walter,Huffman,4181 Victoria Park Ave,TORONTO,ON,M4A 2M5,Walter.K.Huffman@mailinator.com,416-612-9892
Rebecca,Boyd,4208 rue Garneau,QUEBEC,QC,G1V 3V5,Rebecca.A.Boyd@pookmail.com,418-931-1243
Robert,Matthews,3163 chemin Hudson,MONTREAL,QC,H4J 1M9,Robert.B.Matthews@trashymail.com,514-293-4903
Margie,Saunders,2195 Scotchmere Dr,STRATHROY,ON,N7G 1J6,Margie.G.Saunders@mailinator.com,519-246-7920
Socorro,Gault,4828 Richmond Road,CALGARY,AB,T2T 0C6,Socorro.J.Gault@pookmail.com,403-244-7488
Karin,Rigsby,4057 René-Lévesque Blvd,MONTREAL,QC,H3B 4W8,Karin.M.Rigsby@dodgit.com,514-577-2546
Edward,Quigley,918 Tycos Dr,TORONTO,ON,M5T 1T4,Edward.B.Quigley@spambob.com,416-215-0281
Willard,Maldonado,2568 184th Street,EDMONTON,AB,T5J 2R4,Willard.L.Maldonado@trashymail.com,780-720-5620
Lois,Oldham,944 St. John Street,DYSART,SK,S4P 3Y2,Lois.L.Oldham@mailinator.com,306-432-7279
Amelia,Jones,3477 Merivale Road,OTTAWA,ON,K2P 0K1,Amelia.C.Jones@pookmail.com,613-261-4555
Brian,Rawlins,3475 Heritage Drive,CALGARY,AB,T2V 2W2,Brian.P.Rawlins@pookmail.com,403-809-7980
William,Hodge,2102 Glover Road,LANGLEY,BC,V3A 4P6,William.D.Hodge@spambob.com,778-241-4500
Thomas,Hartfield,2046 Goyeau Ave,WINDSOR,ON,N9A 1H9,Thomas.A.Hartfield@trashymail.com,519-984-5060
Christopher,Neher,1420 Wentz Avenue,SASKATOON,SK,S7K 7A9,Christopher.A.Neher@pookmail.com,306-262-8605
Nicholas,Truax,2286 Bloor Street,INNISFREE,AB,T0B 2G0,Nicholas.H.Truax@mailinator.com,780-592-5722
Helen,Litton,3799 James Street,MOONBEAM,ON,P0L 1V0,Helen.F.Litton@dodgit.com,705-367-4178
Kelvin,Vasquez,731 40th Street,CALGARY,AB,T2E 7T6,Kelvin.A.Vasquez@mailinator.com,403-717-4324
Theresa,Cronin,1011 Rose Street,REGINA,SK,S4P 3Y2,Theresa.J.Cronin@trashymail.com,306-533-1897
Edward,Stephens,3491 Reserve St,WESTMEATH,ON,K0J 2L0,Edward.A.Stephens@trashymail.com,613-587-7973
Bernardine,Garlock,4444 Scotchmere Dr,SARNIA,ON,N7S 3Y2,Bernardine.J.Garlock@spambob.com,519-542-9428
Mark,Pauline,14 rue des Églises Est,ANGLIERS,QC,J0Z 1A0,Mark.M.Pauline@trashymail.com,819-949-4210
Janice,Johnson,795 Ganges Road,PORT RENFREW,BC,V0S 1K0,Janice.R.Johnson@spambob.com,250-647-8828
Mary,Duke,3250 Jade St,RICHMOND,BC,V7E 2E4,Mary.S.Duke@spambob.com,604-272-2518
Cheryl,Humphrey,4589 Pitfield Blvd,CHOMEDEY,QC,H7V 3Z3,Cheryl.P.Humphrey@spambob.com,450-781-5349
Louis,Taylor,4006 Reserve St,OMEMEE,ON,K0L 2S0,Louis.A.Taylor@dodgit.com,705-799-1836
Jeffery,Tomlin,4570 St. John Street,BURSTALL,SK,S4P 3Y2,Jeffery.C.Tomlin@pookmail.com,306-679-9374
Steven,Evans,72 184th Street,EDMONTON,AB,T5J 2R4,Steven.M.Evans@pookmail.com,780-920-9889
Wayne,Ruiz,2234 chemin Hudson,MONTREAL,QC,H4J 1M9,Wayne.E.Ruiz@mailinator.com,514-884-6372
Sarah,Poling,2630 Gorham Street,LONDON,ON,N0N 0N0,Sarah.K.Poling@spambob.com,519-932-4929
Virginia,Leitch,4057 MacLaren Street,OTTAWA,ON,K1P 5M7,Virginia.W.Leitch@dodgit.com,613-844-1675
Cheryl,Grim,2738 47th Avenue,PELLY CROSSING,NT,Y0B 1P0,Cheryl.C.Grim@trashymail.com,867-537-8249
Warren,Tseng,2967 Keith Road,NORTH VANCOUVER,BC,V5T 2C1,Warren.M.Tseng@spambob.com,604-983-8237
Thomas,Bartz,1782 Mill Street,KIRKTON,ON,N0K 1K0,Thomas.O.Bartz@mailinator.com,519-229-8730
Willie,Rangel,3430 Bridgeport Rd,ANCASTER,ON,L9G 2C1,Willie.N.Rangel@dodgit.com,905-648-3078
Michelle,Jeter,3173 Derry Rd,MALTON,ON,L4T 1A8,Michelle.L.Jeter@trashymail.com,905-672-2735
Kathryn,Corbin,333 Heatherleigh,COOKSVILLE,ON,L5A 1V9,Kathryn.L.Corbin@trashymail.com,905-273-3788
James,Magner,3953 Tanner Street,VANCOUVER,BC,V5R 2T4,James.S.Magner@dodgit.com,604-312-8363
Ricky,Wilson,333 St Jean Baptiste St,CAP CHAT,QC,G0J 1E0,Ricky.S.Wilson@mailinator.com,418-786-6429
Shandi,Metcalf,2596 Merivale Road,OTTAWA,ON,K2P 0K1,Shandi.A.Metcalf@dodgit.com,613-265-4641
Tyler,Wrenn,4986 Robson St,VANCOUVER,BC,V6B 3K9,Tyler.E.Wrenn@dodgit.com,604-662-9134
Sylvia,Boone,1064 rue des Églises Est,L'AVENIR,QC,J0C 1B0,Sylvia.J.Boone@trashymail.com,819-394-7774
Casandra,Boyer,1689 Heritage Drive,CALGARY,AB,T2V 2W2,Casandra.W.Boyer@trashymail.com,403-386-3210
Jeff,Paine,2295 St. John Street,ANEROID,SK,S4P 3Y2,Jeff.M.Paine@spambob.com,306-588-8257
Kara,Lange,3098 Blanshard,VICTORIA,BC,V8W 2H9,Kara.N.Lange@dodgit.com,250-221-5327
Genevieve,Brown,923 Pape Ave,TORONTO,ON,M4E 2V5,Genevieve.R.Brown@mailinator.com,416-895-3346
Myrtle,Reed,881 Parkdale Avenue,HAMILTON,ON,L8K 1A4,Myrtle.T.Reed@dodgit.com,905-549-1070
Roy,Ruiz,346 René-Lévesque Blvd,MONTREAL,QC,H3B 4W8,Roy.C.Ruiz@mailinator.com,514-885-9184
Matthew,Hicks,1638 Central Pkwy,MISSISSAUGA,ON,L5L 5S1,Matthew.M.Hicks@dodgit.com,905-609-8774
Carrie,Linn,4108 99th St,GRANDE PRAIRIE,AB,T8V 0S1,Carrie.M.Linn@mailinator.com,780-402-3658
Charles,Kaylor,3745 Kennedy Rd,LINDSAY,ON,K9V 4A4,Charles.R.Kaylor@pookmail.com,705-359-8229
Ruth,Rodriguez,1197 Mesa Vista Drive,CLINTON,BC,V0K 1K0,Ruth.T.Rodriguez@mailinator.com,250-459-7078
Mark,Ochoa,659 Saint-Denis Street,MONTREAL,QC,H9R 3J4,Mark.B.Ochoa@pookmail.com,514-428-7116
Ashley,Eaton,1171 Riedel Street,FORT MCMURRAY,AB,T9H 3J9,Ashley.C.Eaton@pookmail.com,780-742-4575
Caitlin,Jensen,475 Brook St,NEWCOMBVILLE,NS,B4V 2V8,Caitlin.F.Jensen@trashymail.com,902-553-3365
Joseph,Robinson,4102 Russell Avenue,WHITE ROCK,BC,V4B 3E1,Joseph.N.Robinson@trashymail.com,604-535-1926
Merry,Hilton,157 Merivale Road,OTTAWA,ON,K2P 0K1,Merry.C.Hilton@trashymail.com,613-263-9458
Susan,Cortez,1439 St. John Street,CHOICELAND,SK,S4P 3Y2,Susan.B.Cortez@mailinator.com,306-428-4229
Dee,Pelham,1475 St Marys Rd,WINNIPEG,MB,R3C 3N9,Dee.D.Pelham@spambob.com,204-887-5876
Jerry,Nelson,4669 Barton Street,STONEY CREEK,ON,L8G 2V1,Jerry.A.Nelson@mailinator.com,905-560-8852
Robert,Bueche,1441 Davis Drive,WELLAND,ON,L3B 3Z6,Robert.R.Bueche@mailinator.com,905-736-3982
Desmond,Bowden,813 Summerfield Blvd,CAMROSE,AB,T4V 1V4,Desmond.C.Bowden@dodgit.com,780-679-3440
James,Malone,3290 Fallon Drive,HENSALL,ON,N0M 1X0,James.F.Malone@pookmail.com,519-262-1366
Lorraine,Drummond,2965 Landon Street,TROUT CREEK,ON,P0H 2L0,Lorraine.F.Drummond@dodgit.com,705-723-1742
Paul,Stewart,4957 Rose Street,REGINA,SK,S4P 3Y2,Paul.C.Stewart@trashymail.com,306-533-5293
Mark,Brown,1866 Derry Rd,MALTON,ON,L4T 1A8,Mark.K.Brown@mailinator.com,416-675-3512
Elizabeth,Lagunas,1695 Water Street,KITCHENER,ON,N2H 5A5,Elizabeth.K.Lagunas@trashymail.com,519-505-3311
Linda,Dickson,3461 Papineau Avenue,MONTREAL,QC,H2K 4J5,Linda.J.Dickson@trashymail.com,514-402-7340
Nicholas,Jordan,1028 Boulevard Laflèche,RIVIERE DU LOUP,QC,G5R 3E9,Nicholas.J.Jordan@pookmail.com,418-894-9949
Eric,Stalvey,1599 Duke Street,MONTREAL,QC,H3C 5K4,Eric.S.Stalvey@pookmail.com,514-209-7330
Meagan,Christensen,4579 Thurston Dr,HULL,QC,K1A 0C9,Meagan.D.Christensen@dodgit.com,819-923-7512
Ellen,Mclaughlin,4932 Kennedy Rd,LINDSAY,ON,K9V 4A4,Ellen.M.Mclaughlin@dodgit.com,705-341-1739
Rachele,Glass,2286 Bayfield St,STOUFFVILLE,ON,L4A 1T2,Rachele.C.Glass@trashymail.com,905-640-4400
Sarah,Dyer,1274 Robson St,VANCOUVER,BC,V6B 3K9,Sarah.J.Dyer@mailinator.com,604-978-4399
Catherine,Juarez,2383 René-Lévesque Blvd,MONTREAL,QC,H3B 4W8,Catherine.M.Juarez@dodgit.com,514-690-8651
Sean,Alston,897 49th Avenue,SANIKILUAQ,NT,X0A 0W0,Sean.J.Alston@mailinator.com,867-266-5343
Erma,Moore,1488 Holdom Avenue,SURREY,BC,V3T 4Y5,Erma.N.Moore@trashymail.com,604-580-6332
Susan,Vergara,2923 Fallon Drive,DUNGANNON,ON,N0M 1R0,Susan.J.Vergara@trashymail.com,519-529-3894
Molly,Whitehouse,3440 Tanner Street,VANCOUVER,BC,V5R 2T4,Molly.A.Whitehouse@trashymail.com,604-437-5492
David,Johnson,2789 Yonge Street,TORONTO,ON,M4W 1J7,David.C.Johnson@dodgit.com,416-323-6391
Robert,Bullock,3662 Côte Joyeuse,ASTON JUNCTION,QC,H0H 0H0,Robert.E.Bullock@trashymail.com,819-226-6273
Martin,Tolbert,174 Eglinton Avenue,TORONTO,ON,M4P 1A6,Martin.C.Tolbert@spambob.com,416-722-1052
Rebecca,Akins,268 Bragg Road,COLLINGWOOD,NS,B0M 1E0,Rebecca.G.Akins@dodgit.com,902-230-2350
Johnnie,Watson,3969 rue Fournier,MIRABEL,QC,J7J 1S5,Johnnie.O.Watson@trashymail.com,450-476-0374
Marilyn,Harbin,64 Nelson Street,DUBREUILVILLE,ON,P0S 1B0,Marilyn.J.Harbin@mailinator.com,705-234-4051
Sally,Gardella,4202 A Avenue,EDMONTON,AB,T5J 0K7,Sally.C.Gardella@spambob.com,780-412-8040
Edwin,Hash,224 Mountain Avenue,WINKLER,MB,R6W 1R1,Edwin.R.Hash@dodgit.com,204-331-9189
Belle,Blackman,3927 Brew Creek Rd,WHISTLER,BC,V0N 1B0,Belle.G.Blackman@dodgit.com,604-966-3472
John,Real,717 Albert Street,KITCHENER,ON,N2L 3V2,John.A.Real@pookmail.com,519-885-0367
Trish,Fuller,1690 Calgary Avenue,PENTICTON,BC,V2A 2T6,Trish.A.Fuller@dodgit.com,250-493-9650
Crystal,Frazier,2263 rue des Églises Est,QUYON,QC,J0X 2V0,Crystal.C.Frazier@dodgit.com,819-458-5404
Bridgett,Pittard,284 40th Street,CALGARY,AB,T2P 4L4,Bridgett.R.Pittard@pookmail.com,403-890-6488
Christina,Lane,625 Dundas St,LONDON,ON,N6B 3L5,Christina.M.Lane@spambob.com,519-871-9922
Thomas,Goetz,2332 Royal Avenue,NEW WESTMINSTER,BC,V3L 5H1,Thomas.C.Goetz@trashymail.com,778-863-7844
Orville,Price,4447 Seguin Street,PARRY SOUND,ON,P2A 2W9,Orville.B.Price@mailinator.com,705-346-6829
William,Condon,2119 Toy Avenue,NEWCASTLE,ON,L1H 1H8,William.A.Condon@mailinator.com,905-987-4673
Allison,Huntley,2564 Islington Ave,TORONTO,ON,M9V 2X5,Allison.R.Huntley@spambob.com,416-749-1976
William,Sandler,4150 Thurston Dr,ORLEANS,ON,K1C 1T1,William.J.Sandler@trashymail.com,613-837-1917
Deirdre,Andrews,2366 Islington Ave,TORONTO,ON,M9V 2X5,Deirdre.W.Andrews@pookmail.com,416-451-9469
Staci,Blaine,2472 Sable Street,MINDEMOYA,ON,P0P 1S0,Staci.R.Blaine@pookmail.com,705-377-9246
Ashley,Lass,3339 Fallon Drive,HIGHGATE,ON,N0P 1T0,Ashley.H.Lass@mailinator.com,519-678-3461
Wiley,Wilson,3035 Reserve St,PICTON,ON,K0K 2T0,Wiley.T.Wilson@mailinator.com,613-471-1973
Martin,Thomas,1295 Lockhart Drive,BARRIE,ON,L4M 3B1,Martin.H.Thomas@dodgit.com,705-730-2636
Delma,Day,602 Parkdale Avenue,HAMILTON,ON,L8K 1A4,Delma.J.Day@trashymail.com,905-312-3427
Jacqueline,Kang,1479 Princess St,KINGSTON,ON,K7L 1C2,Jacqueline.M.Kang@trashymail.com,613-453-3432
Maria,Harvey,4761 Papineau Avenue,MONTREAL,QC,H2K 4J5,Maria.C.Harvey@dodgit.com,514-294-5326
Latanya,Fryer,2260 Orenda Rd,BRAMPTON,ON,L6W 1Z2,Latanya.I.Fryer@pookmail.com,905-863-4061
Hannah,Hise,3407 Granville St,HALIFAX,NS,B3K 1N7,Hannah.J.Hise@dodgit.com,902-802-7147
James,Craft,2468 MacLaren Street,OTTAWA,ON,K1P 5M7,James.N.Craft@dodgit.com,613-954-2441
Margaret,Berry,4135 Reserve St,VERONA,ON,K0H 2W0,Margaret.Z.Berry@mailinator.com,613-374-3729
Marissa,Cruz,123 Davis Drive,ORILLIA,ON,L3V 1T4,Marissa.J.Cruz@pookmail.com,705-323-8070
Arthur,White,3377 102nd Avenue,SALMON VALLEY,BC,V1V 1V1,Arthur.I.White@spambob.com,250-971-6335
Barbar,Miller,3768 Sheppard Ave,TORONTO,ON,M1S 1T4,Barbar.J.Miller@spambob.com,647-295-4069
Geoffrey,Davis,1192 184th Street,EDMONTON,AB,T5J 2R4,Geoffrey.D.Davis@pookmail.com,780-975-9254
Barbara,Carrier,1893 102nd Avenue,FORT ST JOHN,BC,V1J 3Y7,Barbara.R.Carrier@dodgit.com,250-262-8138
Bill,Juarez,2004 Bloor Street,VIKING,AB,T0B 4N0,Bill.V.Juarez@mailinator.com,780-336-5936
Walter,Marshall,1482 Blind Bay Road,SALMON ARM,BC,V0E 2T0,Walter.B.Marshall@trashymail.com,250-804-9345
Dora,Crowder,2883 Terry Fox Dr,FOND DU LAC,SK,S4P 3Y2,Dora.R.Crowder@mailinator.com,306-686-6402
Crystal,Johnson,566 Nelson Street,TERRACE BAY,ON,P0T 2W0,Crystal.R.Johnson@trashymail.com,807-825-8130
Linda,Wyatt,4711 Nelson Street,RED LAKE,ON,P0V 2M0,Linda.A.Wyatt@pookmail.com,807-749-2347
Gene,Spurlock,3093 Lynden Road,GRAND VALLEY,ON,L0N 1G0,Gene.C.Spurlock@spambob.com,519-928-0220
Theresa,James,4974 Essendene Avenue,ABBOTSFORD,BC,V2S 2H7,Theresa.L.James@pookmail.com,604-859-6330
Perry,Coy,2959 Roger Street,DUNCAN,BC,V9L 1P1,Perry.R.Coy@spambob.com,250-748-8238
Anne,Mumford,2403 Haaglund Rd,OLIVER,BC,V0H 1T0,Anne.G.Mumford@mailinator.com,250-498-2618
Geraldine,Harris,4245 Adelaide St,TORONTO,ON,M5H 1P6,Geraldine.R.Harris@trashymail.com,416-393-9388
Rodney,Deleo,4226 Lauzon Parkway,ESSEX,ON,N8M 2C7,Rodney.S.Deleo@pookmail.com,519-776-2008
Vincenzo,Willams,3519 Burdett Avenue,VICTORIA,BC,V8W 1L6,Vincenzo.V.Willams@mailinator.com,250-891-9752
Jimmy,Prince,4615 Findlay Creek Road,KIMBERLEY,BC,V0B 1T0,Jimmy.K.Prince@pookmail.com,250-427-2592
Lillian,Sloan,4190 Tolmie St,VANCOUVER,BC,V6B 5A1,Lillian.O.Sloan@mailinator.com,604-639-3453
Betty,Smith,4934 Speers Road,BRAMPTON,ON,L6W 3H6,Betty.C.Smith@dodgit.com,905-595-0796
Deborah,Wolfe,1505 Weir Crescent,TORONTO,ON,M1E 3T8,Deborah.B.Wolfe@pookmail.com,416-283-1539
Irene,Bradley,4570 Papineau Avenue,MONTREAL,QC,H2K 4J5,Irene.R.Bradley@trashymail.com,514-892-5389
Joe,Smith,2895 Rose Street,REGINA,SK,S4P 3Y2,Joe.A.Smith@dodgit.com,306-949-6468
Alise,Isom,2177 Lock Street,GUELPH,ON,N1G 153,Alise.H.Isom@trashymail.com,519-835-7747
Bernice,Mcgregor,2687 Kinchant St,PRINCE GEORGE,BC,V2L 3N1,Bernice.J.Mcgregor@mailinator.com,250-965-1864
Amanda,Woodby,495 Brand Road,SASKATOON,SK,S7K 1W8,Amanda.M.Woodby@trashymail.com,306-717-3386
Betty,York,1141 Old Spallumcheen Rd,HOPE,BC,V0X 1L0,Betty.E.York@dodgit.com,604-860-8416
Sara,Clark,951 McGill Road,KAMLOOPS,BC,V2C 5R8,Sara.B.Clark@spambob.com,250-374-6049
Larry,Mcnew,4599 Parkdale Ave,CORNWALL,ON,K6J 3P7,Larry.J.Mcnew@spambob.com,613-330-2399
Dylan,Hale,1265 St. John Street,DOMREMY,SK,S4P 3Y2,Dylan.S.Hale@pookmail.com,306-423-4367
Tara,Friel,1835 Granville St,HALIFAX,NS,B3K 5L2,Tara.T.Friel@trashymail.com,902-488-7051
William,Reynolds,4341 Adelaide St,TORONTO,ON,M5H 1P6,William.A.Reynolds@pookmail.com,416-682-2957
Harry,Martinez,3827 Charleton Ave,HAMILTON,ON,L8N 3X3,Harry.C.Martinez@spambob.com,905-870-4633
Elizabeth,Walton,100 Rose Street,REGINA,SK,S4P 3Y2,Elizabeth.C.Walton@trashymail.com,306-530-7038
Ryan,Nelson,426 Northumberland Street,WELLESLEY,ON,N0B 2T0,Ryan.T.Nelson@dodgit.com,519-656-4863
Vernell,Brown,3765 St George Street,VANCOUVER,BC,V5T 1Z7,Vernell.D.Brown@dodgit.com,604-707-9648
Mark,Duca,910 Acton Avenue,TORONTO,ON,M3H 4J1,Mark.G.Duca@pookmail.com,416-379-5881
Bianca,Ramsey,3672 Glover Road,COQUITLAM,BC,V3J 4S1,Bianca.C.Ramsey@dodgit.com,604-936-9313
Charity,Mcdermott,2306 A Avenue,EDMONTON,AB,T5J 0K7,Charity.J.Mcdermott@trashymail.com,780-495-7364
Edward,Henderson,463 Eglinton Avenue,TORONTO,ON,M4P 1A6,Edward.K.Henderson@mailinator.com,416-541-5695
Leslie,White,3133 Haaglund Rd,GRAND FORKS,BC,V0H 1H0,Leslie.S.White@pookmail.com,250-443-2692
Travis,Bristol,2484 Bay Street,TORONTO,ON,M5J 2R8,Travis.E.Bristol@trashymail.com,416-839-9618
Henry,Borba,4924 Hastings Street,VANCOUVER,BC,V6C 1B4,Henry.K.Borba@trashymail.com,604-723-2425
Judy,Morrill,106 Woolwick Drive,TORONTO,ON,M1H 1A8,Judy.A.Morrill@pookmail.com,416-438-2317
Irina,Harris,1985 Goyeau Ave,WINDSOR,ON,N9A 1H9,Irina.B.Harris@mailinator.com,519-890-8149
Ron,Kadlec,4551 Boulevard Ste-Geneviève,CHICOUTIMI,QC,G7G 2G6,Ron.B.Kadlec@trashymail.com,418-817-4405
Michael,Jackson,4906 Galts Ave,RED DEER,AB,T4N 2A6,Michael.N.Jackson@dodgit.com,403-309-8817
Viola,Ford,578 Gateway Blvd,EDMONTON,AB,T6H 1J5,Viola.E.Ford@pookmail.com,780-431-3134
John,Escamilla,4265 Gorham Street,LONDON,ON,N0N 0N0,John.B.Escamilla@dodgit.com,519-643-1756
Marcelene,Cruz,958 Blind Bay Road,ARMSTRONG,BC,V0E 1B0,Marcelene.G.Cruz@trashymail.com,250-546-9043
Walter,Persaud,949 Weir Crescent,TORONTO,ON,M1E 3T8,Walter.S.Persaud@trashymail.com,416-994-0118
Virginia,Mccoy,548 St. John Street,DALMENY,SK,S4P 3Y2,Virginia.C.Mccoy@mailinator.com,306-254-0956
Brendan,White,4719 Lynden Road,MOONSTONE,ON,L0K 1N0,Brendan.A.White@pookmail.com,705-835-3175
Kimberly,Beavers,3856 49th Avenue,WRIGLEY,NT,X0E 1E0,Kimberly.J.Beavers@dodgit.com,867-581-3322
Richard,Woods,2712 Fourth Avenue,CALGARY,AB,T2P 0H3,Richard.C.Woods@mailinator.com,403-613-2847
Hilary,Williams,3497 St. John Street,RIDGEDALE,SK,S4P 3Y2,Hilary.I.Williams@trashymail.com,306-277-2681
Christopher,Franzen,585 Reserve St,LITTLE BRITAIN,ON,K0M 2C0,Christopher.M.Franzen@trashymail.com,705-786-5981
Debra,Thompson,1562 Essendene Avenue,ABBOTSFORD,BC,V2S 2H7,Debra.K.Thompson@mailinator.com,604-768-6239
Jerry,Ivey,4748 St. John Street,WOLLASTON LAKE,SK,S4P 3Y2,Jerry.R.Ivey@trashymail.com,306-633-4736
Daisy,Phillips,3368 Acton Avenue,TORONTO,ON,M3H 4J1,Daisy.N.Phillips@spambob.com,416-812-1518
Nicole,Segura,1877 Prince William,SAINT JOHN,NB,E2L 4V1,Nicole.J.Segura@pookmail.com,506-721-0366
Janice,Ohara,3925 Yonge Street,TORONTO,ON,M4W 1J7,Janice.W.Ohara@spambob.com,416-371-9416
Rhonda,Arruda,76 Tanner Street,VANCOUVER,BC,V5R 2T4,Rhonda.A.Arruda@mailinator.com,604-315-2818
William,Roberts,2428 Tanner Street,VANCOUVER,BC,V5R 2T4,William.K.Roberts@mailinator.com,604-433-0027
Loraine,Lam,2200 Davis Drive,WELLAND,ON,L3B 3Z6,Loraine.D.Lam@spambob.com,905-384-3695
Janet,Hurst,94 Eglinton Avenue,TORONTO,ON,M4P 1A6,Janet.M.Hurst@trashymail.com,416-903-8158
Gerald,Wells,3845 Wallbridge Loyalist Rd,BELLEVILLE,ON,K8N 1L9,Gerald.M.Wells@trashymail.com,613-813-9631
Charla,Dufresne,396 Brook St,KENTVILLE,NS,B4N 1K6,Charla.F.Dufresne@mailinator.com,902-365-5259
Carlos,Keenum,2636 Lake City Way,BURNABY,BC,V5A 2Z6,Carlos.J.Keenum@pookmail.com,778-554-7139
Gary,West,3780 Burdett Avenue,SIDNEY,BC,V8L 1X3,Gary.S.West@dodgit.com,250-654-1279
Amanda,Ladner,2255 Holdom Avenue,SURREY,BC,V3T 4Y5,Amanda.L.Ladner@pookmail.com,604-586-3288
Robert,Garcia,800 Main St,ARBORFIELD,SK,S0E 0A0,Robert.G.Garcia@trashymail.com,306-769-7484
Mary,Hawthorne,4217 5th Avenue,VALLEYVIEW,AB,T0H 3N0,Mary.J.Hawthorne@trashymail.com,780-552-7070
Lillian,Jacobs,972 Princess St,KINGSTON,ON,K7L 1C2,Lillian.R.Jacobs@trashymail.com,613-542-4750
Frank,Rojo,313 Russell Avenue,WHITE ROCK,BC,V4B 3E1,Frank.T.Rojo@trashymail.com,604-538-4490
Cole,Bryce,4984 Granville St,HALIFAX,NS,B3K 1N7,Cole.S.Bryce@pookmail.com,902-830-4237
Wanda,Forman,1790 Pond Rd,ROCKY HARBOUR,NL,A1C 5H6,Wanda.J.Forman@trashymail.com,709-458-7413
Shawn,Holmes,4591 Harvest Moon Dr,UNIONVILLE,ON,L3R 0L7,Shawn.S.Holmes@dodgit.com,905-947-1793
Rachel,Pierce,1571 rue Levy,MONTREAL,QC,H3C 5K4,Rachel.J.Pierce@spambob.com,514-778-3727
Delbert,Meeks,3317 Rue De La Gare,ST FELICIEN,QC,G8K 1B1,Delbert.W.Meeks@dodgit.com,418-618-2816
Tanya,Hammond,176 Garafraxa St,SOUTHAMPTON,ON,N0H 2L0,Tanya.J.Hammond@trashymail.com,519-797-9557
David,Schmidt,558 Whitmore Road,FORT ERIE,ON,L0L 0L0,David.A.Schmidt@mailinator.com,905-992-9203
Ronald,Hickey,3806 Brand Road,WEYBURN,SK,S7K 1W8,Ronald.J.Hickey@spambob.com,306-891-2345
Kim,Pena,2104 Jasper Ave,EDMONTON,AB,T5J 3N6,Kim.E.Pena@mailinator.com,780-907-3509
Mike,Sours,445 137th Avenue,EDMONTON,AB,T5M 3K3,Mike.T.Sours@dodgit.com,780-447-0488
Justin,Swett,1106 Montreal Road,OTTAWA,ON,K1L 6C7,Justin.B.Swett@mailinator.com,613-742-3061
Craig,Peachey,586 St Jean Baptiste St,BAIE ST PAUL,QC,G0A 1B0,Craig.B.Peachey@trashymail.com,418-240-5147
Donna,Price,66 St Jean Baptiste St,DESBIENS,QC,G0W 1N0,Donna.A.Price@mailinator.com,418-346-9643
Kerry,Mcferren,1318 137th Avenue,EDMONTON,AB,T5C 2L2,Kerry.E.Mcferren@trashymail.com,780-476-7965
Laura,Mcgill,2722 Islington Ave,TORONTO,ON,M9V 2X5,Laura.J.Mcgill@trashymail.com,416-747-1500
Kellie,Fox,442 Reserve St,MARMORA,ON,K0K 2M0,Kellie.R.Fox@mailinator.com,613-472-6803
James,Wolfe,3016 Weston Rd,TORONTO,ON,M9N 1G4,James.A.Wolfe@trashymail.com,416-246-3713
Jesus,Scofield,3872 Brant Ave,GIFT LAKE,AB,T1T 1T1,Jesus.K.Scofield@mailinator.com,780-767-8155
Nakisha,Winsett,1290 Horner Ave,TORONTO,ON,M8W 4Y4,Nakisha.R.Winsett@trashymail.com,416-840-4194
Jill,Moody,3021 rue Saint-Édouard,TROIS RIVIERES,QC,G9A 5S8,Jill.T.Moody@dodgit.com,819-693-6931
Ernest,Sparrow,2463 Albert Street,HOLDFAST,SK,S4P 3Y2,Ernest.O.Sparrow@dodgit.com,306-488-2137
Rebecca,Davis,4320 Venture Place,CLYDE,AB,T0G 0P0,Rebecca.M.Davis@trashymail.com,780-348-0560
Paul,Cox,1733 Kinchant St,HANEY,BC,V2V 4H9,Paul.T.Cox@spambob.com,604-466-1302
Alice,Wilde,2747 Eglinton Avenue,TORONTO,ON,M4P 1A6,Alice.K.Wilde@mailinator.com,647-200-6247
David,Anderson,3739 Fourth Avenue,CALGARY,AB,T2P 0H3,David.J.Anderson@pookmail.com,403-605-6189
Margie,Ojeda,3317 Roger Street,PARKSVILLE,BC,V9P 1R1,Margie.J.Ojeda@mailinator.com,250-248-2993
Rebecca,Delgado,4109 Boulevard Laflèche,RIVIERE DU LOUP,QC,G5R 1R7,Rebecca.G.Delgado@mailinator.com,418-292-5957
Lindsey,Harvey,1373 Boulevard Cremazie,QUEBEC,QC,G1R 1B8,Lindsey.M.Harvey@trashymail.com,418-641-1938
Renata,Bottomley,1820 St. John Street,BETHUNE,SK,S4P 3Y2,Renata.D.Bottomley@mailinator.com,306-638-9183
Jackie,Patten,3900 Burnt Island Road,PORT SYDNEY,ON,P0B 1L0,Jackie.F.Patten@spambob.com,705-385-2515
Michael,Aguilar,837 102nd Avenue,NELSON,BC,V1L 5Y5,Michael.H.Aguilar@pookmail.com,250-551-2500
William,Pearson,2570 Queens Sq,HESPELER,ON,N3C 1H3,William.I.Pearson@pookmail.com,519-249-2788
Mary,Alcott,697 Danforth Avenue,TORONTO,ON,M4K 1A6,Mary.R.Alcott@mailinator.com,416-468-8626
Jason,Cleveland,2221 Bloor Street,STROME,AB,T0B 4H0,Jason.T.Cleveland@dodgit.com,780-376-5289
Ruth,Hess,2299 Port Washington Road,CANMORE,AB,T0L 0M0,Ruth.C.Hess@trashymail.com,403-678-1785
Mattie,Morey,4535 Morris Valley Road,AGASSIZ,BC,V0M 1A0,Mattie.T.Morey@spambob.com,604-796-0697
Patricia,Sharpe,717 Maria St,BURLINGTON,ON,L7R 2G6,Patricia.D.Sharpe@spambob.com,905-633-3854
Elissa,Mathis,4697 Pape Ave,TORONTO,ON,M4E 2V5,Elissa.J.Mathis@spambob.com,647-880-6529
Ryan,Hines,3310 Nelson Street,WAWA,ON,P0S 1K0,Ryan.M.Hines@trashymail.com,705-856-5989
Elizabeth,Garner,86 Ste. Catherine Ouest,MONTREAL,QC,H2A 2Z3,Elizabeth.K.Garner@spambob.com,514-743-2891
Laura,Osullivan,2016 Maria St,BURLINGTON,ON,L7R 2G6,Laura.J.Osullivan@mailinator.com,905-681-8118
Giuseppe,Brunt,2568 Carling Avenue,OTTAWA,ON,K1Z 7B5,Giuseppe.H.Brunt@dodgit.com,613-759-4752
James,Lowe,1911 Heritage Drive,CALGARY,AB,T2V 2W2,James.S.Lowe@mailinator.com,403-813-0764
Beryl,Wiser,1608 Exmouth Street,SARNIA,ON,N7T 4C8,Beryl.J.Wiser@dodgit.com,519-383-9969
Angie,Ostby,3387 Mill Street,SEAFORTH,ON,N0K 1W0,Angie.J.Ostby@dodgit.com,519-522-9871
Gerard,Molina,4508 Bay Street,TORONTO,ON,M5J 2R8,Gerard.S.Molina@dodgit.com,416-833-5910
Paul,Jenkins,4072 Reserve St,HARROWSMITH,ON,K0H 1V0,Paul.D.Jenkins@spambob.com,613-376-1724
James,Petty,1325 Cork St,GUELPH,ON,N1H 2W8,James.D.Petty@mailinator.com,519-362-2694
George,Carpenter,3369 Montreal Road,OTTAWA,ON,K1L 6C7,George.M.Carpenter@spambob.com,613-746-5936
Sarah,Pegg,510 90th Avenue,HUSSAR,AB,T0J 1S0,Sarah.A.Pegg@trashymail.com,403-787-3527
Juan,Smith,3527 184th Street,EDMONTON,AB,T5J 2R4,Juan.B.Smith@mailinator.com,780-919-3151
Marianne,Roberts,2951 River Street,BRIGDEN,ON,N0N 1B0,Marianne.R.Roberts@mailinator.com,519-864-8976
Sandra,Vanburen,319 St Marys Rd,WINNIPEG,MB,R3C 0C4,Sandra.W.Vanburen@pookmail.com,204-955-5133
Tamara,Nelson,1224 A Avenue,EDMONTON,AB,T5J 0K7,Tamara.R.Nelson@pookmail.com,780-425-6558
Rashad,Isabelle,4766 Reserve St,ROLPHTON,ON,K0J 2H0,Rashad.T.Isabelle@trashymail.com,613-586-7707
Benjamin,Dawson,1266 Cassells St,NORTH BAY,ON,P1B 2Y7,Benjamin.J.Dawson@mailinator.com,705-494-2267
Terry,Bachmann,3460 Kinchant St,KAMLOOPS,BC,V2B 3J5,Terry.M.Bachmann@spambob.com,250-376-6727
Kevin,Wyatt,1748 Quayside Dr,NEW WESTMINSTER,BC,V3M 6A1,Kevin.S.Wyatt@dodgit.com,604-763-2752
Joshua,Bickham,681 Adelaide St,TORONTO,ON,M5H 1P6,Joshua.C.Bickham@dodgit.com,416-842-5820
Peter,Burrill,2788 Bank St,OTTAWA,ON,K1H 7Z1,Peter.C.Burrill@spambob.com,613-736-7603
Bertha,Holloman,350 rue Garneau,QUEBEC,QC,G1V 3V5,Bertha.J.Holloman@spambob.com,418-572-4496
Tyrone,Brooks,584 René-Lévesque Blvd,MONTREAL,QC,H3B 4W8,Tyrone.D.Brooks@spambob.com,514-961-3697
Mary,Mullins,923 Venture Place,FAUST,AB,T0G 0X0,Mary.R.Mullins@trashymail.com,780-355-1001
Kim,Hodges,448 Robson St,VANCOUVER,BC,V6B 3K9,Kim.J.Hodges@dodgit.com,604-928-1937
Michael,Savage,2109 Danforth Avenue,TORONTO,ON,M4K 1A6,Michael.B.Savage@trashymail.com,416-463-7205
Raymond,Belisle,2848 Royal Avenue,NEW WESTMINSTER,BC,V3L 5H1,Raymond.S.Belisle@pookmail.com,778-859-8390
Dorothy,Lamy,2013 Bayfield St,BARRIE,ON,L4M 4S7,Dorothy.C.Lamy@spambob.com,705-794-8015
Julie,Simons,3867 2nd Street,LORETTE,MB,R0A 0Y0,Julie.J.Simons@trashymail.com,204-961-5420
Pamela,Hoskins,507 MacLaren Street,OTTAWA,ON,K1P 5M7,Pamela.L.Hoskins@spambob.com,613-750-2433
Michael,Turner,4894 rue des Églises Est,ST PIE DE GUIRE,QC,J0G 1R0,Michael.D.Turner@mailinator.com,450-706-0688
Ernest,Anderson,4563 Sixth Street,NEW WESTMINISTER,BC,V3L 3C1,Ernest.R.Anderson@mailinator.com,604-209-8498
Francene,Dunmire,2540 Rayborn Crescent,ST ALBERT,AB,T8N 1C7,Francene.R.Dunmire@mailinator.com,780-671-1696
Douglas,Vang,37 Silver Springs Blvd,CALGARY,AB,T3E 0K6,Douglas.T.Vang@mailinator.com,403-246-8883
Robert,Villarreal,4088 Blanshard,VICTORIA,BC,V8W 2H9,Robert.P.Villarreal@pookmail.com,250-389-4124
Dominique,Berry,2098 rue Levy,MONTREAL,QC,H3C 5K4,Dominique.G.Berry@spambob.com,514-715-3713
Bryan,Mcneil,178 Victoria Park Ave,TORONTO,ON,M2J 3T7,Bryan.J.Mcneil@mailinator.com,416-791-6654
Nancy,Hill,1545 Birkett Lane,BRANTFORD,ON,N3T 2Z8,Nancy.G.Hill@dodgit.com,519-752-5176
Don,Castillo,2659 chemin Hudson,MONTREAL,QC,H4J 1M9,Don.K.Castillo@spambob.com,514-668-5180
Hazel,Shields,538 St Jean Baptiste St,ST VICTOR DE BEAUCE,QC,G0M 2B0,Hazel.F.Shields@pookmail.com,418-588-1669
Paulette,Adams,2406 George Street,PETERBOROUGH,ON,K9H 2L1,Paulette.R.Adams@dodgit.com,705-760-9396
Pat,Goins,2226 Merivale Road,OTTAWA,ON,K2H 5B6,Pat.R.Goins@mailinator.com,613-763-2222
Steven,Brooks,1526 Jasper Ave,EDMONTON,AB,T5J 3N6,Steven.J.Brooks@pookmail.com,780-901-4080
Betty,Heath,4889 Toy Avenue,OSHAWA,ON,L1G 6Z8,Betty.D.Heath@mailinator.com,905-213-5589
Phillip,Bryant,697 Lauzon Parkway,AMHERSTBURG,ON,N9V 2V1,Phillip.S.Bryant@mailinator.com,519-736-8327
Michael,Cadwell,856 Tanner Street,VANCOUVER,BC,V5R 2T4,Michael.J.Cadwell@pookmail.com,604-412-1091
Nolan,Reid,281 Goyeau Ave,WINDSOR,ON,N9A 1H9,Nolan.A.Reid@dodgit.com,519-258-4490
William,Thomas,4967 Boulevard Laflèche,ST GEORGES,QC,G5Y 1X7,William.M.Thomas@spambob.com,418-215-7453
Minnie,Palmer,3782 avenue Royale,QUEBEC,QC,G1E 2L3,Minnie.D.Palmer@pookmail.com,418-802-8113
Roy,Orton,500 St. John Street,DUNDURN,SK,S4P 3Y2,Roy.C.Orton@spambob.com,306-492-4652
Ramon,Hall,2239 Alaska Hwy,MONTNEY,BC,V0C 1Y0,Ramon.C.Hall@pookmail.com,250-827-7809
Jason,Prescott,2950 Glover Road,COQUITLAM,BC,V3J 4S1,Jason.S.Prescott@pookmail.com,604-939-8532
Lorena,Poindexter,4865 St Jean Baptiste St,STE FELICITE,QC,G0J 2K0,Lorena.R.Poindexter@trashymail.com,418-733-3177
Paul,Vaughan,4169 5th Avenue,BEAVERLODGE,AB,T0H 0C0,Paul.A.Vaughan@pookmail.com,780-354-2410
Donald,Flippen,3437 Yonge Street,TORONTO,ON,M4W 1J7,Donald.F.Flippen@pookmail.com,416-704-5941
Norman,Padua,229 rue Fournier,ST JEROME,QC,J7Z 4V1,Norman.J.Padua@dodgit.com,450-512-2165
Ruby,Hunt,4662 Gorham Street,LONDON,ON,N0N 0N0,Ruby.D.Hunt@spambob.com,519-679-9338
Bob,Jarvis,2415 Queens Sq,HESPELER,ON,N3C 1H3,Bob.M.Jarvis@spambob.com,519-249-6848
Russell,Smith,1773 Ross Street,NAPANEE,ON,K7R 2P3,Russell.T.Smith@spambob.com,613-354-9128
Tracy,Young,248 Robson St,VANCOUVER,BC,V6B 3K9,Tracy.B.Young@mailinator.com,604-682-4271
William,Partida,1108 MacLaren Street,OTTAWA,ON,K1P 5M7,William.E.Partida@dodgit.com,613-954-3428
Margaret,Williams,4040 Burdett Avenue,VICTORIA,BC,V8Z 2J8,Margaret.G.Williams@spambob.com,250-704-3910
Juanita,Lenz,3045 Tycos Dr,TORONTO,ON,M5T 1T4,Juanita.C.Lenz@mailinator.com,416-974-4916
Loretta,Oakes,3850 Gateway Blvd,EDMONTON,AB,T6H 1J5,Loretta.M.Oakes@spambob.com,780-436-2248
Oscar,Harris,2911 James Street,BURNABY,BC,V5G 4W7,Oscar.P.Harris@pookmail.com,604-690-0193
Tonya,Barton,2618 Jasper Ave,EDMONTON,AB,T5J 3N6,Tonya.D.Barton@pookmail.com,780-994-3425
Guillermo,Roberson,2183 MacLaren Street,OTTAWA,ON,K1P 5M7,Guillermo.S.Roberson@pookmail.com,613-750-5806
Jerrod,Green,3881 Robson St,VANCOUVER,BC,V6B 3K9,Jerrod.C.Green@mailinator.com,604-713-5226
Vera,Bridgewater,3950 Manitoba Street,NORTH BAY,ON,P1B 8G4,Vera.J.Bridgewater@dodgit.com,705-477-3662
Alberta,Burris,3349 Acton Avenue,TORONTO,ON,M3H 4J1,Alberta.R.Burris@mailinator.com,416-638-8239
Rickie,Roland,4243 Water Street,KITCHENER,ON,N2H 5A5,Rickie.C.Roland@trashymail.com,519-465-6561
David,Hegarty,1311 Tchesinkut Lake Rd,AIYANSH,BC,V0J 3T0,David.S.Hegarty@spambob.com,250-633-0024
William,Bohman,3195 MacLaren Street,OTTAWA,ON,K1P 5M7,William.B.Bohman@trashymail.com,613-957-4265
Joel,Perez,4265 rue Levy,MONTREAL,QC,H3C 5K4,Joel.J.Perez@trashymail.com,514-708-8207
Billy,Ingrassia,4396 Queens Sq,HESPELER,ON,N3C 1H3,Billy.I.Ingrassia@mailinator.com,519-240-8013
Kacey,Johnson,75 rue Garneau,QUEBEC,QC,G1V 3V5,Kacey.J.Johnson@trashymail.com,418-559-5215
Jonathan,Burns,1523 York St,LONDON,ON,N5W 2S9,Jonathan.B.Burns@mailinator.com,519-630-9336
Bruce,Sargent,1709 Scarth Street,MONTREAL,QC,S4P 3Y2,Bruce.K.Sargent@spambob.com,514-481-4567
Blanca,Sanches,3153 Derry Rd,MALTON,ON,L4T 1A8,Blanca.M.Sanches@pookmail.com,416-798-2161
Thaddeus,Delgado,751 Township Rd,LLOYDMINSTER,AB,T9V 0L9,Thaddeus.A.Delgado@dodgit.com,780-871-6412
Julio,Garth,840 Sheppard Ave,TORONTO,ON,M1S 1T4,Julio.F.Garth@dodgit.com,416-676-5680
George,Roe,444 Hardy Street,KELOWNA,BC,V1Y 8H2,George.M.Roe@dodgit.com,250-470-4069
Elizabeth,Meeker,2993 Sixth Street,NEW WESTMINSTER,BC,V3L 3C1,Elizabeth.R.Meeker@dodgit.com,604-529-7182
Martha,Gobert,1729 Port Washington Road,STAND OFF,AB,T0L 1Y0,Martha.W.Gobert@trashymail.com,403-737-1043
Charlene,Monsour,4017 St. John Street,LLOYDMINSTER,SK,S4P 3Y2,Charlene.D.Monsour@dodgit.com,306-603-6947
Margo,Mckenny,846 49th Avenue,SANIKILUAQ,NT,X0A 0W0,Margo.T.Mckenny@spambob.com,867-266-5641
Ena,Hernandez,154 King George Hwy,SURREY,BC,V3W 4E3,Ena.J.Hernandez@trashymail.com,604-501-8691
Michael,Merritt,906 Sixth Street,NEW WESTMINSTER,BC,V3L 3C1,Michael.L.Merritt@mailinator.com,604-878-6226
Brittany,Suggs,111 Scotts Lane,COBBLE HILL,BC,V0R 1L1,Brittany.C.Suggs@trashymail.com,250-743-9540
Michael,Taylor,1788 11th Ave,CALGARY,AB,T2P 1M6,Michael.M.Taylor@spambob.com,403-517-2314
Carlyn,Curtis,4937 Hillside Dr,ELLIOT LAKE,ON,P5A 2A1,Carlyn.R.Curtis@dodgit.com,705-461-4490
Harry,Fryman,357 Victoria Park Ave,TORONTO,ON,M2J 3T7,Harry.C.Fryman@mailinator.com,416-495-6780
Dianna,Crowder,2363 Tycos Dr,TORONTO,ON,M5T 1T4,Dianna.W.Crowder@spambob.com,416-948-3543
Beverly,Allgood,3278 Alness Street,TORONTO,ON,M3J 2J1,Beverly.D.Allgood@dodgit.com,416-736-4730
Darnell,Johnson,3508 Queens Bay,SLOCAN,BC,V0G 2C0,Darnell.E.Johnson@dodgit.com,250-355-0944
Kathryn,Coats,2579 A Avenue,EDMONTON,AB,T5J 0K7,Kathryn.H.Coats@pookmail.com,780-412-4958
Vanna,Stanley,3872 Glover Road,LANGLEY,BC,V3A 4P6,Vanna.W.Stanley@trashymail.com,604-613-6752
Christopher,Coleman,2179 Robson St,VANCOUVER,BC,V6B 3K9,Christopher.K.Coleman@mailinator.com,604-606-7282
David,Gray,2343 Goyeau Ave,WINDSOR,ON,N9A 1H9,David.O.Gray@mailinator.com,519-796-6092
Brandon,Perez,1511 Bay Street,TORONTO,ON,M5J 2R8,Brandon.E.Perez@trashymail.com,416-834-0524
Nancy,Irving,2838 Bay Street,TORONTO,ON,M5J 2R8,Nancy.S.Irving@spambob.com,647-895-8791
Josephine,Wimberly,4425 137th Avenue,EDMONTON,AB,T5J 3P4,Josephine.C.Wimberly@pookmail.com,780-701-6677
Charles,Leger,1291 40th Street,CALGARY,AB,T2A 1C8,Charles.P.Leger@spambob.com,403-235-5853
Irene,Gonzales,3519 Wyecroft Road,BURLINGTON,ON,L7P 2S9,Irene.A.Gonzales@mailinator.com,905-336-6403
Lisa,Pennypacker,2456 Woodvale Drive,RODNEY,ON,N0L 2C0,Lisa.G.Pennypacker@dodgit.com,519-785-3047
Diana,Hughes,3375 Coldstream Avenue,VERNON,BC,V1T 6N1,Diana.M.Hughes@spambob.com,250-542-0919
Arthur,Stone,1235 Roger Street,COURTENAY,BC,V9N 2J6,Arthur.R.Stone@trashymail.com,250-218-1897
Shirley,Bailey,4875 St. John Street,LAKE ALMA,SK,S4P 3Y2,Shirley.L.Bailey@pookmail.com,306-447-0496
Michael,Pineda,1933 Hastings Street,VANCOUVER,BC,V6C 1B4,Michael.A.Pineda@mailinator.com,604-724-9041
Eric,Gilbert,2209 Findlay Creek Road,ELKO,BC,V0B 1J0,Eric.L.Gilbert@spambob.com,250-529-0351
David,Galloway,1387 Benton Street,KITCHENER,ON,N2G 4L9,David.I.Galloway@spambob.com,519-591-1023
Dwayne,Scheuerman,4350 Burdett Avenue,KITIMAT,BC,V8C 1G3,Dwayne.G.Scheuerman@dodgit.com,250-632-5907
Edna,Sotelo,2022 Carling Avenue,OTTAWA,ON,K1Z 7B5,Edna.M.Sotelo@trashymail.com,613-292-6102
Ruth,Duhart,2018 Elgin Street,MAITLAND,ON,K0E 1P0,Ruth.M.Duhart@spambob.com,613-348-5630
Kathleen,Ridgeway,2559 Kinchant St,PRINCE GEORGE,BC,V2N 2S6,Kathleen.I.Ridgeway@mailinator.com,250-962-7643
Betty,Reilly,2952 chemin Hudson,MONTREAL,QC,H4J 1M9,Betty.B.Reilly@dodgit.com,514-554-0619
Krystal,Dawson,3597 102nd Avenue,LAKEVIEW HEIGHTS,BC,V1Z 1K2,Krystal.K.Dawson@spambob.com,250-769-6499
Lawrence,Rogers,1061 MacLaren Street,OTTAWA,ON,K1P 5M7,Lawrence.M.Rogers@dodgit.com,613-781-8890
Kathleen,Shelley,3191 Elgin Street,SPENCERVILLE,ON,K0E 1X0,Kathleen.J.Shelley@spambob.com,613-658-1961
Donald,Dunnigan,2241 Barton Street,HAMILTON,ON,L8R 1H8,Donald.K.Dunnigan@mailinator.com,905-667-6309
Karen,Smith,3682 rue Garneau,QUEBEC,QC,G1V 3V5,Karen.C.Smith@mailinator.com,418-655-8694
Lorraine,Clinton,3371 137th Avenue,EDMONTON,AB,T5J 2Z2,Lorraine.J.Clinton@dodgit.com,780-710-7613
Olivia,Lummus,2819 rue Saint-Antoine,DRUMMONDVILLE,QC,J2C 7T4,Olivia.J.Lummus@mailinator.com,819-390-7638
Jessica,Laboy,2751 McGill Road,KAMLOOPS,BC,V2C 5R8,Jessica.C.Laboy@mailinator.com,250-319-8424
Nancy,Broussard,1272 Nelson Street,WUNNUMMIN LAKE,ON,P0V 2Z0,Nancy.R.Broussard@trashymail.com,807-442-9175
William,Young,1727 Garafraxa St,PORT ELGIN,ON,N0H 2C0,William.T.Young@pookmail.com,519-708-8174
David,Wheeler,2481 Northumberland Street,NEW HAMBURG,ON,N0B 2G0,David.M.Wheeler@spambob.com,519-662-3446
Dominque,Banks,1458 Reserve St,TAMWORTH,ON,K0K 3G0,Dominque.H.Banks@pookmail.com,613-379-6828
Arthur,Mccune,167 Saint-Denis Street,MONTREAL,QC,H9R 3J4,Arthur.P.Mccune@dodgit.com,514-782-5476
Jorge,Williamson,2087 Robson St,VANCOUVER,BC,V6B 3K9,Jorge.G.Williamson@trashymail.com,604-692-9159
Olive,Bass,4168 Reserve St,FRANKFORD,ON,K0K 2C0,Olive.R.Bass@pookmail.com,613-398-6190
Ruth,Fisher,4706 Pearl Street,STREETSVILLE,ON,L5M 1X2,Ruth.J.Fisher@trashymail.com,905-812-5258
Virginia,Cook,3537 Kinchant St,KAMLOOPS,BC,V2B 3J5,Virginia.W.Cook@mailinator.com,250-376-5900
Patricia,Valenzuela,1635 rue des Églises Est,ANGLIERS,QC,J0Z 1A0,Patricia.J.Valenzuela@mailinator.com,819-949-0179
Ann,Tyson,1595 Port Washington Road,VAUXHALL,AB,T0K 2K0,Ann.K.Tyson@dodgit.com,403-654-9670
Scott,Novak,1937 Front Street,TORONTO,ON,M5J 2N1,Scott.D.Novak@spambob.com,416-816-2744
Kimberly,Bentley,4088 Queens Sq,HESPELER,ON,N3C 1H3,Kimberly.R.Bentley@pookmail.com,519-651-7261
Susan,Wyatt,4700 Quayside Dr,NEW WESTMINSTER,BC,V3M 6A1,Susan.A.Wyatt@spambob.com,604-512-0271
James,Pennington,1501 River Street,ALVINSTON,ON,N0N 1A0,James.N.Pennington@dodgit.com,519-847-8465
Tara,Nobles,2471 rue de la Gauchetière,MONTREAL,QC,H3B 2M3,Tara.D.Nobles@spambob.com,514-398-9095
Cheryl,Burke,2041 De L'Acadie Boul,MONTREAL,QC,H4N 3C5,Cheryl.F.Burke@dodgit.com,514-894-3085
Scott,Wallace,921 rue Levy,MONTREAL,QC,H3C 5K4,Scott.S.Wallace@pookmail.com,514-922-9492
Herbert,Charlton,2394 George Street,PETERBOROUGH,ON,K9H 2L1,Herbert.C.Charlton@dodgit.com,705-760-1215
Moses,Smith,1254 Merton Street,TORONTO,ON,M1L 3K7,Moses.T.Smith@trashymail.com,416-458-6300
Amy,Maxwell,179 avenue Royale,QUEBEC,QC,G1P 4R5,Amy.C.Maxwell@mailinator.com,418-266-8574
Carrie,Sandoval,407 Toy Avenue,OSHAWA,ON,L1H 7M3,Carrie.D.Sandoval@trashymail.com,905-259-4676
Rudy,Hogan,78 Roger Street,PARKSVILLE,BC,V9P 1R1,Rudy.S.Hogan@pookmail.com,250-248-1639
Faith,Brown,1495 Halsey Avenue,TORONTO,ON,M3B 2W6,Faith.J.Brown@mailinator.com,416-383-1003
Angela,Mcdaniel,1323 St Jean Baptiste St,ST CAMILLE DE BELLECHASSE,QC,G0R 2S0,Angela.H.Mcdaniel@pookmail.com,418-595-9522
Amy,Epps,779 Sixth Street,NEW WESTMINSTER,BC,V3L 3C1,Amy.L.Epps@pookmail.com,604-818-2885
Michael,Haines,2019 McGill Road,KAMLOOPS,BC,V2C 5R8,Michael.B.Haines@trashymail.com,250-578-7107
Oleta,Thomas,3927 rue Principale,NEMASKA INDIAN BAND,QC,J9P 4N8,Oleta.R.Thomas@mailinator.com,819-673-2668
Janna,Roy,3017 Danforth Avenue,TORONTO,ON,M4K 1A6,Janna.H.Roy@trashymail.com,416-466-0709
Lily,Ayala,1007 Holdom Avenue,SURREY,BC,V3T 4Y5,Lily.J.Ayala@mailinator.com,604-957-9021
Esther,Tucker,1157 5th Avenue,GRIMSHAW,AB,T0H 1W0,Esther.T.Tucker@dodgit.com,780-332-8109
Iva,Martin,4767 Fallon Drive,KINTORE,ON,N0M 2C0,Iva.J.Martin@spambob.com,519-283-9979
Robert,Burden,819 MacLaren Street,OTTAWA,ON,K1P 5M7,Robert.S.Burden@pookmail.com,613-995-2596
Monica,Foster,1586 Wascana Parkway,REGINA,SK,S4S 2R3,Monica.B.Foster@trashymail.com,306-761-7843
Neil,Hassan,2237 Weir Crescent,TORONTO,ON,M1E 3T8,Neil.M.Hassan@pookmail.com,416-287-7694
Jesse,Cormier,3383 Fourth Avenue,CALGARY,AB,T2P 0H3,Jesse.J.Cormier@pookmail.com,403-681-0580
Paul,Ricks,4139 Rue King,SHERBROOKE,QC,J1H 1R4,Paul.K.Ricks@trashymail.com,819-346-2255
Jessie,Wallace,3875 Lynden Road,QUEENSVILLE,ON,L0G 1R0,Jessie.D.Wallace@pookmail.com,905-478-5023
Mary,Harewood,3540 avenue Royale,QUEBEC,QC,G1E 2L3,Mary.J.Harewood@pookmail.com,418-802-6312
Ivonne,Ivey,1540 Harvest Moon Dr,UNIONVILLE,ON,L3R 0L7,Ivonne.A.Ivey@pookmail.com,905-944-4580
John,Pitre,2527 Bank St,OTTAWA,ON,K1H 7Z1,John.L.Pitre@dodgit.com,613-266-4253
Carolyn,Russo,140 Adelaide St,TORONTO,ON,M5H 1P6,Carolyn.R.Russo@spambob.com,416-505-5314
Charles,Fenster,2040 Hammarskjold Dr,BURNABY,BC,V5B 3C9,Charles.B.Fenster@mailinator.com,604-450-0150
Jeff,Sparkman,4715 St Jean Baptiste St,SAINTE-GERTRUDE,QC,G0X 2S0,Jeff.A.Sparkman@dodgit.com,819-297-5859
Sheryl,Hernandez,1114 Ross Street,SMITHS FALLS,ON,K7A 1C2,Sheryl.K.Hernandez@trashymail.com,613-283-9181
Phillip,Campbell,3432 Brant Ave,FLOWERS COVE,NL,T1T 1T1,Phillip.N.Campbell@dodgit.com,709-456-5100
Timothy,Blount,798 Whitmore Road,WOODBRIDGE,ON,L0L 0L0,Timothy.T.Blount@trashymail.com,905-851-8167
Andrea,Lee,1949 rue des Églises Est,SCHEFFERVILLE,QC,J0C 1G0,Andrea.M.Lee@dodgit.com,418-585-0437
Charlie,Jones,1730 Eglinton Avenue,TORONTO,ON,M4P 1A6,Charlie.P.Jones@pookmail.com,647-282-7483
Theodore,Mcclendon,3567 rue Principale,AMOS,QC,J9T 1E4,Theodore.V.Mcclendon@pookmail.com,819-727-6913
Dennis,Eckles,853 Boulevard Cremazie,QUEBEC,QC,G1R 1B8,Dennis.H.Eckles@trashymail.com,418-646-1983
Wayne,Pearson,3090 Burdett Avenue,TERRACE,BC,V8G 1S2,Wayne.L.Pearson@trashymail.com,250-831-5911
Jose,Dunaway,554 49th Avenue,CHESTERFIELD INLET,NT,X0C 0B0,Jose.B.Dunaway@pookmail.com,867-898-4717
Mitchell,Sander,665 A Avenue,EDMONTON,AB,T5J 0K7,Mitchell.S.Sander@dodgit.com,780-445-7367
Noreen,Wilner,3358 Yoho Valley Road,FIELD,BC,V0A 1G0,Noreen.J.Wilner@pookmail.com,250-343-6568
Guy,Hall,358 Eglinton Avenue,TORONTO,ON,M4P 1A6,Guy.P.Hall@trashymail.com,416-206-7536
Joseph,Davis,4603 Queens Bay,SOUTH SLOCAN,BC,V0G 2G0,Joseph.P.Davis@dodgit.com,250-359-3353
Ellis,Conn,3903 Coldstream Avenue,VERNON,BC,V1T 6N1,Ellis.L.Conn@spambob.com,250-550-4420
Violet,Aycock,1498 Reserve St,CARDIFF,ON,K0L 1M0,Violet.L.Aycock@trashymail.com,613-339-1188
Kathleen,Humphrey,3561 Goyeau Ave,WINDSOR,ON,N9A 1H9,Kathleen.J.Humphrey@trashymail.com,519-890-6687
Philip,Rossi,703 Yonge Street,TORONTO,ON,M4W 1J7,Philip.O.Rossi@dodgit.com,416-965-7994
Isaac,Combs,2697 7th Ave,CALGARY,AB,T2P 0W4,Isaac.R.Combs@dodgit.com,403-547-4985
Jason,Mcanally,4824 Merivale Road,OTTAWA,ON,K2H 5B6,Jason.M.Mcanally@trashymail.com,613-829-1279
Martha,Miller,3227 Robson St,VANCOUVER,BC,V6B 3K9,Martha.W.Miller@mailinator.com,604-683-2673
Thelma,Downs,1511 Duke Street,MONTREAL,QC,H3C 5K4,Thelma.C.Downs@mailinator.com,514-231-2081
William,Marshall,4050 Noble Rd,SAYWARD,BC,V0P 1R0,William.S.Marshall@mailinator.com,250-282-4231
Michael,Chaves,1865 Yonge Street,TORONTO,ON,M4W 1J7,Michael.K.Chaves@spambob.com,416-318-3859
Kathy,Durkee,3526 Merivale Road,KANATA,ON,K2K 1Y6,Kathy.W.Durkee@spambob.com,613-287-9422
Sean,Richter,1109 rue Levy,MONTREAL,QC,H3C 5K4,Sean.K.Richter@mailinator.com,514-705-4572
Jennifer,Lara,1040 Dry Pine Bay Rd,LEVACK,ON,P0M 2C0,Jennifer.C.Lara@dodgit.com,705-966-0938
Rachael,Savarese,3148 No. 3 Road,RICHMOND,BC,V6X 2B8,Rachael.W.Savarese@pookmail.com,604-821-5793
Frederick,Swinson,4644 Blind Bay Road,LUMBY,BC,V0E 2G0,Frederick.M.Swinson@mailinator.com,250-547-6796
Marcela,Daniels,2360 Brew Creek Rd,WHISTLER,BC,V0N 1B0,Marcela.B.Daniels@trashymail.com,604-905-2631
Warren,Parson,974 St. Paul Street,ST CATHARINES,ON,L2R 7L4,Warren.T.Parson@mailinator.com,905-941-2967
April,Gomez,3778 Reserve St,PICTON,ON,K0K 2T0,April.V.Gomez@trashymail.com,613-471-7757
Carolyn,Talbert,3627 Robson St,VANCOUVER,BC,V6B 3K9,Carolyn.W.Talbert@dodgit.com,604-656-6211
Ebonie,Burton,3287 Quayside Dr,NEW WESTMINSTER,BC,V3M 6A1,Ebonie.J.Burton@spambob.com,604-805-9020
Patrica,Storey,2710 Wascana Parkway,REGINA,SK,S4S 2R3,Patrica.O.Storey@trashymail.com,306-780-0790
Rodney,Ervin,3040 MacLaren Street,OTTAWA,ON,K1P 5M7,Rodney.C.Ervin@dodgit.com,613-940-4646
Bessie,Jones,80 Nelson Street,GOULAIS,ON,P0S 1E0,Bessie.W.Jones@mailinator.com,705-649-7530
Patrick,Burke,567 Granville St,PROSPECT ROAD,NS,B3K 5M1,Patrick.D.Burke@dodgit.com,902-850-6730
Evelyn,Ritchey,1403 Broadmoor Blvd,SHERWOOD PARK,AB,T8A 1V6,Evelyn.T.Ritchey@mailinator.com,780-449-1325
Daphne,Lheureux,3184 Blind Bay Road,PRITCHARD,BC,V0E 2P0,Daphne.D.Lheureux@mailinator.com,250-577-5215
Sarah,Swords,3591 Heritage Drive,CALGARY,AB,T2V 2W2,Sarah.E.Swords@dodgit.com,403-875-7108
Sharon,Caudle,4903 Sturgeon Drive,PEACE RIVER,AB,T8S 1V9,Sharon.D.Caudle@spambob.com,780-618-6230
Carol,Haught,4051 Eglinton Avenue,TORONTO,ON,M4P 1A6,Carol.N.Haught@spambob.com,416-563-0945
Dolores,Sheffield,1613 Blue Rocks Road,MAHONE BAY,NS,B0J 2C0,Dolores.K.Sheffield@trashymail.com,902-531-6646
Wendy,Marchant,1474 River Street,COURTRIGHT,ON,N0N 1H0,Wendy.D.Marchant@mailinator.com,519-431-5198
Michelle,Ross,2337 Heatherleigh,COOKSVILLE,ON,L5A 1V9,Michelle.J.Ross@mailinator.com,905-949-6253
Ernesto,Palmer,2414 McGill Road,KAMLOOPS,BC,V2C 5R8,Ernesto.E.Palmer@dodgit.com,250-377-6900
John,Conn,4586 Victoria Park Ave,TORONTO,ON,M2J 3T7,John.J.Conn@dodgit.com,416-499-0842
Christopher,Hughes,4741 Heritage Drive,CALGARY,AB,T2V 2W2,Christopher.M.Hughes@spambob.com,403-640-5843
Mary,Lavelle,4974 Brew Creek Rd,SECHELT,BC,V0N 3A0,Mary.J.Lavelle@spambob.com,604-741-7798
Kenny,Anderson,1117 Runnymede Rd,TORONTO,ON,M6S 2Z7,Kenny.M.Anderson@spambob.com,416-761-8870
Arlene,Cozart,1172 René-Lévesque Blvd,MONTREAL,QC,H3B 4W8,Arlene.P.Cozart@pookmail.com,514-659-1058
Anita,Valle,1972 rue des Champs,CHICOUTIMI,QC,G7H 4N3,Anita.B.Valle@mailinator.com,418-541-6584
Alec,Johnson,2652 St Jean Baptiste St,ST LEON LE GRAND,QC,G0J 2W0,Alec.S.Johnson@dodgit.com,418-743-8895
Richard,Lewis,1357 Reserve St,ELGIN,ON,K0G 1E0,Richard.G.Lewis@dodgit.com,613-359-2058
James,Stewart,3441 184th Street,EDMONTON,AB,T5J 2R4,James.B.Stewart@spambob.com,780-462-0134
Bernice,Burns,1542 Dufferin Street,TORONTO,ON,M6H 4B6,Bernice.K.Burns@trashymail.com,416-589-3017
Krista,Brown,2083 McGill Road,KAMLOOPS,BC,V2C 5R8,Krista.C.Brown@mailinator.com,250-571-9538
James,Shade,171 St. John Street,WOLLASTON LAKE,SK,S4P 3Y2,James.I.Shade@spambob.com,306-633-1940
Kenneth,Quill,2883 Adelaide St,TORONTO,ON,M5H 1P6,Kenneth.T.Quill@dodgit.com,416-864-3500
Craig,Bark,1179 Glen Long Avenue,TORONTO,ON,M6B 1J8,Craig.N.Bark@dodgit.com,416-781-8925
Deborah,Case,775 rue Saint-Charles,LONGUEUIL,QC,J4H 1M3,Deborah.C.Case@pookmail.com,450-463-7177
Rhonda,Gray,131 Rose Street,REGINA,SK,S4P 3Y2,Rhonda.R.Gray@dodgit.com,306-566-2077
Manuel,Robbins,693 5th Avenue,GRIMSHAW,AB,T0H 1W0,Manuel.M.Robbins@trashymail.com,780-332-2435
Christine,Williams,1098 Bragg Road,COLLINGWOOD,NS,B0M 1E0,Christine.D.Williams@trashymail.com,902-230-0804
Dona,Garcia,1243 Boulevard Laflèche,ST GEORGES,QC,G5Y 1X7,Dona.J.Garcia@spambob.com,418-215-9279
Anthony,Martinez,2764 Bloor Street,LOUGHEED,AB,T0B 2V0,Anthony.N.Martinez@pookmail.com,780-386-0150
Jeffrey,Bradley,2768 Kinchant St,KAMLOOPS,BC,V2C 1Z3,Jeffrey.H.Bradley@mailinator.com,250-579-0592
Wendy,Jones,4640 Fourth Avenue,CALGARY,AB,T2P 0H3,Wendy.F.Jones@mailinator.com,403-618-5029
Bessie,Connolly,1347 Toy Avenue,SOUTH PICKERING,ON,L1V 1S8,Bessie.J.Connolly@trashymail.com,905-837-0630
Jamie,Mccall,1563 Nelson Street,NAKINA,ON,P0T 2H0,Jamie.N.Mccall@mailinator.com,807-329-4323
Justin,Ellis,4568 Riedel Street,FORT MCMURRAY,AB,T9H 3J9,Justin.K.Ellis@dodgit.com,780-881-4756
Martha,Rodriguez,3612 Dominion St,ALEXANDRIA,ON,K0C 1A0,Martha.F.Rodriguez@spambob.com,613-525-7277
Carlos,Blackston,1449 rue Levy,MONTREAL,QC,H3C 5K4,Carlos.L.Blackston@mailinator.com,514-706-3282
Deborah,Armstead,885 Gorham Street,LONDON,ON,N0N 0N0,Deborah.L.Armstead@dodgit.com,519-660-4357
Herman,Logan,3668 Sheppard Ave,TORONTO,ON,M1S 1T4,Herman.G.Logan@trashymail.com,416-332-1953
Jerome,Kaiser,3694 rue Garneau,QUEBEC,QC,G1V 3V5,Jerome.N.Kaiser@spambob.com,418-653-5218
Donald,Berry,1705 Bay Street,TORONTO,ON,M5J 2R8,Donald.I.Berry@mailinator.com,416-732-9778
Peter,Wooten,2364 Fallon Drive,TIVERTON,ON,N0G 2T0,Peter.A.Wooten@mailinator.com,519-361-1521
Maria,Kirby,3972 St Jean Baptiste St,ST FABIEN DE PANET,QC,G0R 2J0,Maria.J.Kirby@spambob.com,418-249-6709
Kerry,Hurley,2494 Lynden Road,COLDWATER,ON,L0K 1E0,Kerry.M.Hurley@spambob.com,705-686-2780
John,Hines,3399 Main St,AYLESFORD,NS,B0P 1C0,John.D.Hines@dodgit.com,902-341-9055
Edmund,Johns,1120 Boulevard Ste-Geneviève,CHICOUTIMI,QC,G7G 2G6,Edmund.D.Johns@dodgit.com,418-815-6392
Lillie,Pardo,1259 René-Lévesque Blvd,MONTREAL,QC,H3B 4W8,Lillie.A.Pardo@spambob.com,514-967-7604
Ida,Ortiz,1669 rue Ontario Ouest,MONTREAL,QC,H2X 1Y8,Ida.W.Ortiz@trashymail.com,514-985-2489
Robert,Wilkins,319 Glen Long Avenue,TORONTO,ON,M6B 1J8,Robert.K.Wilkins@mailinator.com,416-789-7072
Patti,Gauthier,1719 Dundas St,TORONTO,ON,M2N 2G8,Patti.M.Gauthier@mailinator.com,416-226-8384
Kevin,Scott,3709 rue Saint-Antoine,NOTRE DAME DES LAURENTIDES,QC,J2N 1X1,Kevin.I.Scott@pookmail.com,418-849-3523
Christopher,Jennings,1497 Wallace Street,NANAIMO,BC,V9R 3A8,Christopher.S.Jennings@trashymail.com,250-210-9552
Christopher,Bartlett,3560 Fourth Avenue,CALGARY,AB,T2P 0H3,Christopher.C.Bartlett@dodgit.com,403-688-7202
James,Caballero,2043 Roger Street,OYSTER RIVER,BC,V9W 5N0,James.L.Caballero@pookmail.com,250-337-1251
Charles,Dunn,4375 Nelson Street,EAGLE RIVER,ON,P0V 1S0,Charles.E.Dunn@spambob.com,807-755-0366
Derek,Karnes,3258 Speers Road,BRAMPTON,ON,L6T 3W9,Derek.L.Karnes@pookmail.com,905-789-1754
Chasity,Valdez,1823 Carlson Road,PRINCE GEORGE,BC,V2L 5E5,Chasity.E.Valdez@pookmail.com,250-277-4626
Rose,Abram,2262 Yonge Street,TORONTO,ON,M4W 1J7,Rose.T.Abram@spambob.com,416-927-6418
James,Diaz,4245 Halsey Avenue,TORONTO,ON,M3B 2W6,James.N.Diaz@trashymail.com,416-448-7368
Jennifer,Berndt,970 St. John Street,BREDENBURY,SK,S4P 3Y2,Jennifer.G.Berndt@spambob.com,306-898-9457
Destiny,Moffit,4357 chemin Hudson,MONTREAL,QC,H4J 1M9,Destiny.M.Moffit@pookmail.com,514-222-2665
Frank,Keitt,459 Venture Place,SLAVE LAKE,AB,T0G 2A2,Frank.I.Keitt@spambob.com,780-843-9883
Craig,Barnes,775 Hardy Street,KELOWNA,BC,V1Y 8H2,Craig.R.Barnes@mailinator.com,250-861-3580
Kathryn,Leary,4001 Toy Avenue,OSHAWA,ON,L1H 7K5,Kathryn.D.Leary@spambob.com,905-431-5637
Modesta,Clark,142 Fallon Drive,MOUNT FOREST,ON,N0G 2L2,Modesta.S.Clark@trashymail.com,519-321-9574
Kelly,Bolden,3128 Brand Road,SASKATOON,SK,S7K 1W8,Kelly.R.Bolden@trashymail.com,306-229-0068
John,Evans,3745 Holdom Avenue,SURREY,BC,V3T 4Y5,John.C.Evans@trashymail.com,604-583-5511
Esmeralda,Haupt,305 Bridgeport Rd,COLLINGWOOD,ON,L9Y 1X1,Esmeralda.W.Haupt@pookmail.com,705-607-4496
Martin,Katz,2650 5th Avenue,KEG RIVER,AB,T0H 2G0,Martin.T.Katz@pookmail.com,780-981-7927
Johnny,Mitchell,3035 99th St,GRANDE PRAIRIE,AB,T8V 0S1,Johnny.S.Mitchell@pookmail.com,780-505-7946
Agnes,Johnson,333 Wellington Ave,CHILLIWACK,BC,V2P 2M1,Agnes.R.Johnson@dodgit.com,604-792-9459
Ricky,Lindenberg,1149 Essendene Avenue,ABBOTSFORD,BC,V2S 2H7,Ricky.B.Lindenberg@mailinator.com,604-751-5235
Daniel,Flanagan,4083 9th Avenue,LISTOWEL,ON,N4W 2H8,Daniel.S.Flanagan@spambob.com,519-292-8573
Jason,Batten,538 Tolmie St,VANCOUVER,BC,V6M 1Y8,Jason.M.Batten@pookmail.com,604-267-6090
Kathryn,Troutman,499 Summerfield Blvd,CAMROSE,AB,T4V 1V4,Kathryn.G.Troutman@spambob.com,780-679-1988
Duane,Dupont,3089 Nelson Street,NIPIGON,ON,P0T 2J0,Duane.P.Dupont@trashymail.com,807-887-8352
Andree,Groover,1255 Rue King,SHERBROOKE,QC,J1H 1R4,Andree.T.Groover@pookmail.com,819-346-2008
Bette,Eagle,3815 Merivale Road,OTTAWA,ON,K2G 3K2,Bette.A.Eagle@trashymail.com,613-723-9679
Bernard,Kluesner,3800 Water Street,KITCHENER,ON,N2H 5A5,Bernard.S.Kluesner@spambob.com,519-585-0117
Shelley,Rivera,1764 Speers Road,BRAMPTON,ON,L6T 3W9,Shelley.J.Rivera@spambob.com,905-799-0440
Sally,Dickert,1088 Fallon Drive,WALKERTON,ON,N0G 2V0,Sally.D.Dickert@spambob.com,519-889-4956
James,Dent,4786 Pitt St,CORNWALL,ON,K6J 3R2,James.L.Dent@dodgit.com,613-936-8591
Harold,Silva,2770 Cork St,GUELPH,ON,N1H 2W8,Harold.W.Silva@spambob.com,519-362-0162
Veronica,Phelan,887 Port Washington Road,NOBLEFORD,AB,T0L 1S0,Veronica.M.Phelan@trashymail.com,403-824-0965
Mia,Spencer,2507 Toy Avenue,SOUTH PICKERING,ON,L1V 1S8,Mia.D.Spencer@trashymail.com,905-837-5413
Amy,Hess,3211 George Street,PETERBOROUGH,ON,K9H 2L1,Amy.G.Hess@mailinator.com,705-868-1718
Lillian,White,1929 Mesa Vista Drive,BRIDGE LAKE,BC,V0K 1E0,Lillian.D.White@spambob.com,250-593-9351
William,Vargas,4173 rue des Églises Est,ILE PERROT,QC,J0P 1K0,William.M.Vargas@pookmail.com,514-453-8718
Bonnie,Wolter,3187 Papineau Avenue,MONTREAL,QC,H2K 4J5,Bonnie.D.Wolter@dodgit.com,514-243-5544
Angel,Hendricks,2095 Sable Street,WHITEFISH FALLS,ON,P0P 2H0,Angel.J.Hendricks@pookmail.com,705-285-9965
Juanita,Grose,4394 Bridgeport Rd,MILTON,ON,L9T 2Y1,Juanita.B.Grose@trashymail.com,905-749-8305
Dan,Carter,469 rue Saint-Antoine,DRUMMONDVILLE,QC,J2C 7T4,Dan.B.Carter@spambob.com,819-390-9792
Marion,Miller,1537 Fallon Drive,WINGHAM,ON,N0G 2W0,Marion.J.Miller@dodgit.com,519-357-4309
Kathleen,Beasley,44 St-Jerome Street,ST JEROME,QC,S4P 3Y2,Kathleen.J.Beasley@pookmail.com,450-436-8947
Caroline,Elizondo,1130 40th Street,CALGARY,AB,T2P 0R9,Caroline.E.Elizondo@trashymail.com,403-440-5592
Louise,Alberts,714 Sherbrooke Ouest,MONTREAL,QC,H4A 1H3,Louise.T.Alberts@trashymail.com,514-240-5257
Fred,Watkins,2575 rue St-Henri,VILLE LE GARDEUR,QC,J5Z 1R6,Fred.G.Watkins@trashymail.com,450-581-1306
Virginia,Daye,4048 50th Street,EDMONTON,AB,T6B 2W9,Virginia.K.Daye@mailinator.com,780-203-7035
Angela,Sauls,1524 50th Street,EDMONTON,AB,T6B 2W9,Angela.C.Sauls@trashymail.com,780-220-7759
Shirley,Collier,4600 184th Street,EDMONTON,AB,T5J 2R4,Shirley.E.Collier@dodgit.com,780-996-7589
Pablo,Bryd,2239 René-Lévesque Blvd,MONTREAL,QC,H3B 4W8,Pablo.M.Bryd@spambob.com,514-655-6484
China,Rivera,2674 Victoria Park Ave,TORONTO,ON,M4A 2M5,China.G.Rivera@pookmail.com,416-615-6379
Lucila,Miller,967 Hastings Street,VANCOUVER,BC,V6C 1B4,Lucila.B.Miller@trashymail.com,604-716-0345
Dan,Wade,3767 Ganges Road,PORT RENFREW,BC,V0S 1K0,Dan.C.Wade@pookmail.com,250-647-9483
Ali,Blake,1784 Yoho Valley Road,FIELD,BC,V0A 1G0,Ali.M.Blake@spambob.com,250-343-0696
Lilia,Thomas,2383 Dominion St,FINCH,ON,K0C 1K0,Lilia.M.Thomas@spambob.com,613-984-6205
Kenneth,Michael,2091 Kenmount Road,ST JOHNS,NL,A1B 3P2,Kenneth.J.Michael@mailinator.com,709-341-8307
Bertha,Johnson,4164 47th Avenue,REDWATER,AB,T0A 2W0,Bertha.G.Johnson@trashymail.com,780-942-0360
Heather,Merriweather,2363 René-Lévesque Blvd,MONTREAL,QC,H3B 4W8,Heather.T.Merriweather@trashymail.com,514-991-5791
Jodi,Takacs,4448 Whiskey Cove Road,OCEAN FALLS,BC,V0T 1P0,Jodi.M.Takacs@mailinator.com,250-289-5744
Charlotte,Gibson,3691 Holdom Avenue,SURREY,BC,V3T 4Y5,Charlotte.E.Gibson@mailinator.com,604-586-5405
John,Collins,323 rue de la Gauchetière,MONTREAL,QC,H3B 2M3,John.K.Collins@dodgit.com,514-399-2169
Michael,Marks,4785 Nelson Street,PIKANGIKUM,ON,P0V 2L0,Michael.S.Marks@spambob.com,807-772-1090
Richard,Harris,1958 Sturgeon Drive,FORT SASKATCHEWAN,AB,T8L 2N9,Richard.N.Harris@trashymail.com,780-212-0140
Todd,Claytor,2486 Wellington Street,TORONTO,ON,M9C 3J5,Todd.B.Claytor@spambob.com,416-394-2372
Patricia,Cohn,2303 54th Street,YELLOWKNIFE,NT,X1A 2R3,Patricia.F.Cohn@trashymail.com,867-766-1505
Kenneth,Thomas,846 Royal Avenue,NEW WESTMINSTER,BC,V3L 5H1,Kenneth.C.Thomas@spambob.com,604-537-4430
John,Ben,2488 Kinchant St,PRINCE GEORGE,BC,V2N 4M6,John.P.Ben@pookmail.com,250-330-5597
Ronald,Rodriguez,4204 Parkdale Ave,BROCKVILLE,ON,K6V 4N8,Ronald.M.Rodriguez@trashymail.com,613-213-5855
Crystal,Beaubien,2284 Mill Street,SEAFORTH,ON,N0K 1W0,Crystal.P.Beaubien@mailinator.com,519-527-7063
William,Smith,1209 avenue Royale,QUEBEC,QC,G1E 2L3,William.R.Smith@pookmail.com,418-805-8782
Viola,Nappi,1521 2nd Street,FRASERWOOD,MB,R0C 1A0,Viola.N.Nappi@dodgit.com,204-643-4858
Mary,Vega,1847 Reserve St,SHARBOT LAKE,ON,K0H 2P0,Mary.T.Vega@pookmail.com,613-279-6980
Brandon,Braud,1038 Kinchant St,PRINCE GEORGE,BC,V2N 2S6,Brandon.V.Braud@pookmail.com,250-962-8037
Lorilee,Hawk,3365 Holdom Avenue,SURREY,BC,V3T 4Y5,Lorilee.J.Hawk@trashymail.com,604-581-4232
April,Robinson,1888 Victoria Park Ave,TORONTO,ON,M2J 3T7,April.M.Robinson@pookmail.com,416-714-8259
Lawanda,Hollenbeck,524 Northumberland Street,SHAKESPEARE,ON,N0B 2P0,Lawanda.B.Hollenbeck@dodgit.com,519-625-2763
Luke,Strickland,2560 Lauzon Parkway,WINDSOR,ON,N9A 7A2,Luke.C.Strickland@trashymail.com,519-551-7412
Christi,Pearson,2237 Dundas St,TORONTO,ON,M2N 2G8,Christi.R.Pearson@trashymail.com,416-225-3565
Erline,Hudson,3340 Nelson Street,WEAGAMOW,ON,P0V 2Y0,Erline.M.Hudson@spambob.com,807-469-6782
Margaret,English,599 Nelson Street,FORT SEVERN,ON,P0V 1W0,Margaret.F.English@mailinator.com,807-478-7679
Anna,Guinn,2437 Albert Street,KITCHENER,ON,N2L 3V2,Anna.E.Guinn@mailinator.com,519-880-5116
Terry,Goss,4885 Queen Elisabeth Blvd,KINISTINO,SK,S4P 3Y2,Terry.D.Goss@pookmail.com,306-864-6044
Anjanette,Lee,4006 Keith Road,NORTH VANCOUVER,BC,V5T 2C1,Anjanette.H.Lee@pookmail.com,604-981-2380
George,Jakes,4313 Eglinton Avenue,TORONTO,ON,M4P 1A6,George.E.Jakes@trashymail.com,416-322-5728
Octavio,Douglas,758 rue des Églises Est,REMIGNY,QC,J0Z 3H0,Octavio.E.Douglas@mailinator.com,819-761-8582
Ruth,Koch,2613 Woodvale Drive,DORCHESTER,ON,N0L 1G2,Ruth.W.Koch@dodgit.com,519-268-4946
Grace,Jackson,4951 rue des Églises Est,ST EMILE DU SUFFOLK,QC,J0V 1Y0,Grace.B.Jackson@spambob.com,819-426-8082
Katherine,English,4845 Bay Street,TORONTO,ON,M5J 2R8,Katherine.R.English@trashymail.com,416-823-6470
Connie,Hickman,2414 James Street,ST CATHARINES,ON,L2R 3H6,Connie.C.Hickman@spambob.com,905-980-3991
Matthew,Smith,3310 Lauzon Parkway,WINDSOR,ON,N8T 3H5,Matthew.J.Smith@mailinator.com,519-974-6263
Elizabeth,Gray,4988 Islington Ave,TORONTO,ON,M9V 2X5,Elizabeth.L.Gray@spambob.com,416-746-5253
Anthony,Elkins,4313 Blanshard,VICTORIA,BC,V8W 2H9,Anthony.P.Elkins@pookmail.com,250-361-8030
Luis,Brewster,2082 Pine Street,BENTLEY,AB,T0C 0J0,Luis.M.Brewster@pookmail.com,403-748-9489
Anthony,Salmon,2291 chemin Hudson,MONTREAL,QC,H4J 1M9,Anthony.J.Salmon@mailinator.com,514-264-5372
Catherine,Alicea,207 184th Street,EDMONTON,AB,T5J 2R4,Catherine.A.Alicea@mailinator.com,780-619-2160
Loretta,Peterson,1227 Silver Springs Blvd,CALGARY,AB,T3E 0K6,Loretta.P.Peterson@dodgit.com,403-685-9454
Helen,Mccann,4882 102nd Avenue,FORT ST JOHN,BC,V1J 3Y7,Helen.P.Mccann@pookmail.com,250-263-8560
Jodie,Swann,2499 Carling Avenue,OTTAWA,ON,K1Z 7B5,Jodie.K.Swann@spambob.com,613-302-5927
Vanessa,Roche,4205 Manitoba Street,NORTH BAY,ON,P1B 8G4,Vanessa.D.Roche@pookmail.com,705-471-5702
Richard,Adams,1750 99th St,GRANDE PRAIRIE,AB,T8V 0S1,Richard.V.Adams@pookmail.com,780-518-3230
Jason,Colon,2674 rue Levy,MONTREAL,QC,H3C 5K4,Jason.G.Colon@pookmail.com,514-701-5491
Harold,Gooden,2029 Merivale Road,KANATA,ON,K2K 1L9,Harold.M.Gooden@pookmail.com,613-254-1581
Carol,Drapeau,1745 Victoria Park Ave,TORONTO,ON,M2J 3T7,Carol.T.Drapeau@spambob.com,416-719-4057
Vinnie,Harter,369 40th Street,CALGARY,AB,T2P 2V7,Vinnie.C.Harter@spambob.com,403-538-6627
James,Hill,2797 Robson St,VANCOUVER,BC,V6B 3K9,James.S.Hill@spambob.com,778-828-4480
Helen,Dennis,387 Holdom Avenue,SURREY,BC,V3T 4Y5,Helen.T.Dennis@dodgit.com,604-589-9960
Monique,Brook,450 Balmy Beach Road,OWEN SOUND,ON,N4K 2N7,Monique.J.Brook@spambob.com,519-372-8117
Debbie,Crabtree,3409 St. John Street,DRAKE,SK,S4P 3Y2,Debbie.R.Crabtree@spambob.com,306-363-4627
Vernon,Morales,4972 rue des Églises Est,BROMONT,QC,J0E 1L0,Vernon.M.Morales@spambob.com,450-726-0619
Malcolm,Mcdonough,624 Keith Road,NORTH VANCOUVER,BC,V5T 2C1,Malcolm.R.Mcdonough@spambob.com,604-985-7007
Erin,Lawing,1950 Sheppard Ave,TORONTO,ON,M1S 1T4,Erin.K.Lawing@dodgit.com,416-293-9214
Darnell,Hubbard,1412 rue de la Gauchetière,MONTREAL,QC,H3B 2M3,Darnell.N.Hubbard@pookmail.com,514-393-7133
Wilma,Baldwin,4035 Pine Street,MULHURST BAY,AB,T0C 2C0,Wilma.W.Baldwin@pookmail.com,780-389-0337
Kari,So,166 Rue King,SHERBROOKE,QC,J1H 1R4,Kari.J.So@dodgit.com,819-348-5739
Mary,Fox,1362 Royal Avenue,NEW WESTMINSTER,BC,V3L 5H1,Mary.S.Fox@mailinator.com,778-896-9858
Edward,Austin,4639 Adelaide St,TORONTO,ON,M5H 1P6,Edward.P.Austin@mailinator.com,416-947-3172
Jeffrey,Wilkins,4503 11th Ave,CALGARY,AB,T2P 1M6,Jeffrey.J.Wilkins@mailinator.com,403-213-7997
Brad,Sanders,249 Wallace Street,NANAIMO,BC,V9R 3A8,Brad.T.Sanders@trashymail.com,250-668-6857
Erika,Lacy,1521 Danforth Avenue,TORONTO,ON,M4K 1A6,Erika.D.Lacy@mailinator.com,416-470-1254
Shelly,Slocum,4578 Elgin Street,MALLORYTOWN,ON,K0E 1R0,Shelly.K.Slocum@spambob.com,613-923-8863
Alyssa,Lloyd,65 rue des Églises Est,FRANKLIN CENTRE,QC,J0S 1E0,Alyssa.B.Lloyd@trashymail.com,450-827-6085
Andre,Crump,701 MacLaren Street,OTTAWA,ON,K1P 5M7,Andre.D.Crump@mailinator.com,613-954-8412
Petra,Smith,2032 Merton Street,TORONTO,ON,M1L 3K7,Petra.C.Smith@dodgit.com,416-436-4383
Glenna,Taylor,4681 Kinchant St,HANEY,BC,V2V 4H9,Glenna.R.Taylor@mailinator.com,604-466-4457
Leroy,Claudio,3395 Churchill Plaza,SAULT STE MARIE,ON,P6A 1Z2,Leroy.M.Claudio@spambob.com,705-942-3578
Pamela,Walker,3644 Shaughnessy St,PORT COQUITLAM,BC,V3C 4S7,Pamela.S.Walker@trashymail.com,604-464-1616
Lydia,Lashley,4018 Wyecroft Road,BURLINGTON,ON,L7P 2S9,Lydia.C.Lashley@spambob.com,905-331-1276
Nicholas,Patton,737 Weston Rd,TORONTO,ON,M9N 1G4,Nicholas.S.Patton@pookmail.com,416-240-1846
Pamela,Peterson,3765 Pearl Street,STREETSVILLE,ON,L5M 1X2,Pamela.P.Peterson@trashymail.com,905-858-9819
Louis,Wilson,629 Carlson Road,PRINCE GEORGE,BC,V2L 5E5,Louis.S.Wilson@spambob.com,250-648-2630
Rose,Harvey,3269 Port Washington Road,CREMONA,AB,T0M 0R0,Rose.L.Harvey@trashymail.com,403-637-3308
Johnnie,Bronson,382 Victoria Park Ave,TORONTO,ON,M2J 3T7,Johnnie.R.Bronson@spambob.com,416-715-9491
Dawn,Marcum,4796 St. John Street,CARLYLE,SK,S4P 3Y2,Dawn.R.Marcum@trashymail.com,306-453-5324
Christopher,Brock,3886 Tolmie St,VANCOUVER,BC,V6B 5A1,Christopher.A.Brock@dodgit.com,604-630-8342
Anne,Yates,724 Fourth Avenue,CALGARY,AB,T2P 0H3,Anne.M.Yates@spambob.com,403-605-4451
Meghan,Weeks,2945 9th Avenue,HANOVER,ON,N4N 2Z8,Meghan.S.Weeks@trashymail.com,519-364-0677
William,Casey,603 Papineau Avenue,MONTREAL,QC,H2K 4J5,William.B.Casey@spambob.com,514-726-5016
Debbie,Robbins,398 rue Saint-Antoine,ST HYACINTHE,QC,J2S 1H3,Debbie.M.Robbins@mailinator.com,450-518-4095
Christine,Hart,1391 Hyde Park Road,LONDON,ON,N6H 3S2,Christine.J.Hart@mailinator.com,519-473-2517
Peter,Williams,4895 Fallon Drive,CLINTON,ON,N0M 1L0,Peter.M.Williams@spambob.com,519-482-6022
Tiffany,Olson,867 Tycos Dr,TORONTO,ON,M5T 1T4,Tiffany.F.Olson@mailinator.com,416-204-5041
Mi,Rice,2920 MacLaren Street,OTTAWA,ON,K1P 5M7,Mi.H.Rice@pookmail.com,613-594-8189
Philip,Meyer,4508 Boulevard Ste-Geneviève,LA BAIE,QC,G7B 1P3,Philip.B.Meyer@trashymail.com,418-544-7697
Geneva,Crochet,532 Algonquin Blvd,TIMMINS,ON,P4N 1C3,Geneva.A.Crochet@trashymail.com,705-266-0161
Chanda,Lawson,1582 rue des Églises Est,CAMPBELL'S BAY,QC,J0X 1K0,Chanda.R.Lawson@pookmail.com,819-648-8408
Aaron,Miller,1902 Findlay Creek Road,KIMBERLEY,BC,V0B 1T0,Aaron.M.Miller@spambob.com,250-427-5426
Jorge,Ragsdale,2753 Reserve St,ELGIN,ON,K0G 1E0,Jorge.E.Ragsdale@trashymail.com,613-359-6264
Edwin,Quintanilla,4389 University Avenue,TORONTO,ON,M5J 1T1,Edwin.M.Quintanilla@mailinator.com,416-644-1106
Elizabeth,Mckelvey,2169 Cordova Street,VANCOUVER,BC,V6B 1E1,Elizabeth.M.Mckelvey@pookmail.com,604-644-4829
Paul,Short,2368 Pape Ave,TORONTO,ON,M4E 2V5,Paul.T.Short@pookmail.com,416-707-4821
Jamie,Eason,4984 90th Avenue,BIG VALLEY,AB,T0J 0G0,Jamie.R.Eason@dodgit.com,403-876-6418
Danny,Jordan,4353 Kinchant St,KAMLOOPS,BC,V2S 5R8,Danny.B.Jordan@spambob.com,250-434-9853
Joseph,Lackey,2164 Granville St,HALIFAX,NS,B3K 1N7,Joseph.R.Lackey@trashymail.com,902-877-0500
Glenn,Everhart,103 Landon Street,VERNER,ON,P0H 2M0,Glenn.H.Everhart@trashymail.com,705-594-4498
Opal,Willey,3003 Hillside Dr,ELLIOT LAKE,ON,P5A 2A1,Opal.R.Willey@mailinator.com,705-461-3082
Richard,Donalson,3031 Hillside Dr,ELLIOT LAKE,ON,P5A 1X5,Richard.K.Donalson@trashymail.com,705-261-1288
Mary,Tankersley,3848 90th Avenue,BYEMOOR,AB,T0J 0L0,Mary.D.Tankersley@pookmail.com,403-579-2234
Pearl,Gum,2577 Rue De La Gare,MISTASSINI,QC,G8M 2Z2,Pearl.W.Gum@dodgit.com,418-518-3486
Steven,Mcgowan,4289 54th Street,YELLOWKNIFE,NT,X1A 2R3,Steven.D.Mcgowan@trashymail.com,867-873-4664
Shirlee,Stokes,2534 Victoria Park Ave,TORONTO,ON,M2J 3T7,Shirlee.J.Stokes@dodgit.com,416-492-9966
Nettie,Bold,4357 Isabella Street,BELLEVILLE,ON,K8N 4Z5,Nettie.R.Bold@pookmail.com,613-920-7869
Ruby,Bravo,57 Boulevard Ste-Geneviève,CHICOUTIMI,QC,G7H 5G3,Ruby.R.Bravo@dodgit.com,418-290-3489
Gary,Borden,3945 184th Street,EDMONTON,AB,T5J 2R4,Gary.C.Borden@dodgit.com,780-977-8305
Maria,Freeman,3340 Bay Street,TORONTO,ON,M5J 2R8,Maria.D.Freeman@spambob.com,416-731-6262
Beverly,Reese,3889 Orenda Rd,BRAMPTON,ON,L6W 1Z2,Beverly.J.Reese@dodgit.com,905-874-6037
Melinda,Bova,2547 Fourth Avenue,CALGARY,AB,T2P 0H3,Melinda.P.Bova@dodgit.com,403-560-8107
George,Lewis,1582 Haaglund Rd,BLUEBERRY,BC,V0H 0H0,George.J.Lewis@spambob.com,250-772-2522
Gretchen,Lecompte,187 Yonge Street,TORONTO,ON,M4W 1J7,Gretchen.J.Lecompte@spambob.com,416-513-0904
Martha,Maher,1716 rue des Églises Est,NOTRE DAME DE LA PAIX,QC,J0V 1P0,Martha.J.Maher@trashymail.com,819-522-0148
Richard,Colon,4397 90th Avenue,JENNER,AB,T0J 1W0,Richard.D.Colon@spambob.com,403-898-1305
Joyce,Liberatore,1227 Sherbrooke Ouest,MONTREAL,QC,H4A 1H3,Joyce.J.Liberatore@mailinator.com,514-983-8030
Brooke,Bruns,2664 Bay Street,TORONTO,ON,M5J 2R8,Brooke.J.Bruns@mailinator.com,647-868-3327
William,Cabrera,2415 avenue Royale,STE FOY,QC,G1V 2L2,William.D.Cabrera@mailinator.com,418-380-7456
Karen,Pettway,931 A Avenue,EDMONTON,AB,T5J 0K7,Karen.J.Pettway@pookmail.com,780-422-7962
Gary,Crowell,1341 Horner Ave,TORONTO,ON,M8W 4Y4,Gary.S.Crowell@pookmail.com,416-840-6081
Donna,Deas,2331 Park Ct,MAYERTHORPE,AB,T0E 1N0,Donna.D.Deas@pookmail.com,780-786-0896
Paul,Hogan,765 Glen Long Avenue,TORONTO,ON,M6B 1J8,Paul.E.Hogan@pookmail.com,416-256-2440
Douglas,Johnson,4627 Bridgeport Rd,COLLINGWOOD,ON,L9Y 1X1,Douglas.J.Johnson@mailinator.com,705-445-5139
Jim,Wooden,849 Papineau Avenue,MONTREAL,QC,H2K 4J5,Jim.M.Wooden@dodgit.com,514-947-6491
Stephanie,Britt,1995 54th Street,YELLOWKNIFE,NT,X1A 2R3,Stephanie.C.Britt@spambob.com,867-873-9950
George,Boyer,4746 Jasper Ave,EDMONTON,AB,T5J 3N6,George.L.Boyer@mailinator.com,780-952-6303
Heather,Barnes,844 Robson St,VANCOUVER,BC,V6B 3K9,Heather.M.Barnes@spambob.com,604-488-6258
Gregory,Shuler,4370 Fallon Drive,HARRISTON,ON,N0G 1Z0,Gregory.L.Shuler@pookmail.com,519-338-0953
Keith,Bone,608 Robson St,VANCOUVER,BC,V6B 3K9,Keith.M.Bone@mailinator.com,604-682-7374
Beatrice,Moore,4184 Galts Ave,RED DEER,AB,T4N 2A6,Beatrice.M.Moore@pookmail.com,403-761-4176
Vincent,Lester,237 Cornwall Street,ESTEVAN,SK,S4A 0W6,Vincent.M.Lester@spambob.com,306-637-5647
Richard,Mireles,455 Lynden Road,CALEDON EAST,ON,L0N 1E0,Richard.C.Mireles@pookmail.com,905-584-3427
Mercedes,Alvord,640 Charing Cross Rd,CHATHAM,ON,N7M 2G9,Mercedes.C.Alvord@spambob.com,519-351-0180
Emma,Teel,2407 Central Pkwy,ERIN MILLS,ON,L5L 3A1,Emma.J.Teel@pookmail.com,905-606-4762
Larry,Devane,236 Rue De La Gare,ALMA,QC,G8B 2W5,Larry.G.Devane@pookmail.com,418-719-4423
Adam,Dixon,4177 Lauzon Parkway,WINDSOR,ON,N9A 7A2,Adam.H.Dixon@pookmail.com,519-551-5509
Robert,Blackwell,4696 St. John Street,BATTLEFORD,SK,S4P 3Y2,Robert.B.Blackwell@pookmail.com,306-937-2379
Karen,Farrell,1764 Brand Road,SASKATOON,SK,S7K 1W8,Karen.M.Farrell@pookmail.com,306-665-4648
Bryant,Huff,3019 Paris St,GARSON,ON,P3L 1C9,Bryant.N.Huff@trashymail.com,705-693-8392
Joan,Neal,106 Parkdale Avenue,HAMILTON,ON,L8K 1A4,Joan.J.Neal@mailinator.com,905-544-9662
Rudolph,Inoue,4403 Morris Valley Road,AGASSIZ,BC,V0M 1A0,Rudolph.E.Inoue@dodgit.com,604-796-6507
Laura,Seymour,752 Algoma St,THUNDER BAY,ON,P7A 4T3,Laura.D.Seymour@pookmail.com,807-684-4150
Emma,Lankford,4867 90th Avenue,DRUMHELLER,AB,T0J 0Y0,Emma.M.Lankford@mailinator.com,403-821-0800
Pam,Barbagallo,3563 Acton Avenue,TORONTO,ON,M3H 4J1,Pam.V.Barbagallo@dodgit.com,416-631-5404
Ray,Wood,1103 Islington Ave,TORONTO,ON,M8V 3B6,Ray.W.Wood@pookmail.com,647-229-7954
Lisa,Billips,293 Haaglund Rd,OKANAGAN FALLS,BC,V0H 1R0,Lisa.D.Billips@pookmail.com,250-497-1851
Matthew,Swanson,845 Albert Street,KITCHENER,ON,N2L 3V2,Matthew.C.Swanson@pookmail.com,519-747-8197
Elissa,Chesson,3452 Port Washington Road,BRAGG CREEK,AB,T0L 0K0,Elissa.M.Chesson@mailinator.com,403-949-1090
Yolanda,Green,777 Brand Road,SASKATOON,SK,S7K 1W8,Yolanda.A.Green@pookmail.com,306-242-7666
Heather,Gannon,2474 Bridgeport Rd,COLLINGWOOD,ON,L9Y 1X1,Heather.J.Gannon@spambob.com,705-607-6598
Samuel,Brown,3240 St-Jacques Est,ARTHABASKA,QC,G6P 5V8,Samuel.A.Brown@mailinator.com,819-350-5752
Michael,Moore,4651 Royal Avenue,NEW WESTMINSTER,BC,V3L 5H1,Michael.L.Moore@spambob.com,778-865-1203
Brenda,Miramontes,2561 Eglinton Avenue,TORONTO,ON,M4P 1A6,Brenda.G.Miramontes@trashymail.com,647-408-6748
Joseph,Seiler,3027 St. John Street,BIGGAR,SK,S4P 3Y2,Joseph.J.Seiler@dodgit.com,306-948-4285
Roberta,Jennings,719 Bridgeport Rd,ANCASTER,ON,L9G 2C1,Roberta.T.Jennings@pookmail.com,905-648-0549
Earnest,Meyers,4815 Gateway Blvd,EDMONTON,AB,T6H 1J5,Earnest.S.Meyers@spambob.com,780-436-0874
Joseph,Bowden,571 Parkdale Ave,CORNWALL,ON,K6H 6Y4,Joseph.L.Bowden@spambob.com,613-363-5478
David,Flaherty,4460 49th Avenue,CHESTERFIELD INLET,NT,X0C 0B0,David.D.Flaherty@spambob.com,867-898-2591
Shana,Goldsmith,1368 Kennedy Rd,PETERBOROUGH,ON,K9J 6Y1,Shana.J.Goldsmith@mailinator.com,705-313-2304
Helen,Plunkett,210 Dominion St,CHESTERVILLE,ON,K0C 1H0,Helen.W.Plunkett@dodgit.com,613-448-8238
Dorothy,Eaton,4597 White Point Road,LIVERPOOL,NS,B0T 1K0,Dorothy.S.Eaton@pookmail.com,902-356-4025
Julia,Brown,2864 Bay Street,TORONTO,ON,M5J 2R8,Julia.W.Brown@trashymail.com,647-891-4204
Jason,Case,3297 Eagle Rd,TORONTO,ON,M8Z 4H4,Jason.R.Case@spambob.com,416-231-0205
Alanna,Madden,1034 Promenade du Portage,HULL,QC,S4P 3Y2,Alanna.J.Madden@dodgit.com,819-770-0530
Charles,Kovar,1335 Brand Road,SASKATOON,SK,S7K 1W8,Charles.E.Kovar@mailinator.com,306-665-8756
Stephen,Brisson,2571 Bay Street,TORONTO,ON,M5J 2R8,Stephen.L.Brisson@spambob.com,416-887-5848
Christina,Thompson,1859 Yonge St,TORONTO,ON,M4P 1E4,Christina.R.Thompson@mailinator.com,416-728-1001
Melody,Gentry,2450 47th Avenue,GRASSLAND,AB,T0A 1V0,Melody.F.Gentry@spambob.com,780-525-0452
James,Tillman,1238 102nd Avenue,KELOWNA,BC,V1Y 1P5,James.M.Tillman@pookmail.com,250-863-9430
Mary,Stearns,2594 Charleton Ave,HAMILTON,ON,L8N 3X3,Mary.A.Stearns@pookmail.com,905-379-2527
Susan,Mcalexander,1964 Islington Ave,TORONTO,ON,M8V 3B6,Susan.D.Mcalexander@dodgit.com,647-226-1422
Bonnie,Dews,1705 St. John Street,ALVENA,SK,S4P 3Y2,Bonnie.P.Dews@spambob.com,306-943-1636
Christina,Goris,2633 St. John Street,CHRISTOPHER LAKE,SK,S4P 3Y2,Christina.J.Goris@trashymail.com,306-982-1524
Dennis,Bishop,1300 Islington Ave,TORONTO,ON,M8V 3B6,Dennis.K.Bishop@dodgit.com,647-224-0392
Ella,Hutton,1478 Islington Ave,TORONTO,ON,M8V 3B6,Ella.D.Hutton@pookmail.com,416-251-3340
Mae,Arce,4543 De la Providence Avenue,HULL,QC,J8X 1N5,Mae.G.Arce@trashymail.com,819-213-4081
George,Aronson,3054 Queens Sq,HESPELER,ON,N3C 1H3,George.M.Aronson@pookmail.com,519-244-5702
Marta,Martinez,988 7th Ave,CALGARY,AB,T2P 0W4,Marta.C.Martinez@mailinator.com,403-260-6973
Sharon,Powell,1584 rue Fournier,STE THERESE,QC,J7E 3K9,Sharon.E.Powell@trashymail.com,450-806-4295
Elizabeth,Monroe,3900 Tchesinkut Lake Rd,KITWANGA,BC,V0J 2A0,Elizabeth.J.Monroe@mailinator.com,250-849-2015
Helen,Remaley,3920 Leslie Street,NEWMARKET,ON,L3Y 2A3,Helen.R.Remaley@spambob.com,905-715-5546
Amanda,Horton,559 rue Garneau,QUEBEC,QC,G1V 3V5,Amanda.W.Horton@mailinator.com,418-563-2401
Christopher,Conroy,1526 St. John Street,ARCHERWILL,SK,S4P 3Y2,Christopher.J.Conroy@spambob.com,306-323-0837
Charles,Noblitt,713 40th Street,CALGARY,AB,T2P 4L4,Charles.D.Noblitt@pookmail.com,403-383-1541
Rogelio,Duran,2989 Birkett Lane,BRANTFORD,ON,N3T 2Z8,Rogelio.D.Duran@pookmail.com,519-759-3881
Merissa,Santillanes,4335 Hammarskjold Dr,BURNABY,BC,V5B 3C9,Merissa.H.Santillanes@pookmail.com,604-298-7825
Leland,Granger,4152 Sheppard Ave,TORONTO,ON,M1S 1T4,Leland.F.Granger@spambob.com,647-292-6021
Donna,Raine,4479 Shaughnessy St,PORT COQUITLAM,BC,V3C 4S7,Donna.L.Raine@trashymail.com,604-944-2451
Edward,Rinehart,4809 rue Levy,MONTREAL,QC,H3C 5K4,Edward.T.Rinehart@mailinator.com,514-929-6903
Virginia,Feder,237 rue Levy,MONTREAL,QC,H3C 5K4,Virginia.D.Feder@spambob.com,514-349-5191
Johnnie,Oneal,721 90th Avenue,OYEN,AB,T0J 2J0,Johnnie.P.Oneal@dodgit.com,403-664-6935
Joseph,Ortega,1318 Blanshard,VICTORIA,BC,V8W 2H9,Joseph.C.Ortega@mailinator.com,250-661-7004
Nicholas,Morgan,4476 Embro St,BEACHVILLE,ON,N0J 1A0,Nicholas.L.Morgan@mailinator.com,519-423-5644
Sarah,Amaral,1390 Derry Rd,MALTON,ON,L4T 1A8,Sarah.J.Amaral@trashymail.com,905-612-2115
Robert,Siewert,2897 Findlay Creek Road,YAHK,BC,V0B 2P0,Robert.M.Siewert@trashymail.com,250-424-6814
Candy,Scheer,3197 Township Rd,BONNYVILLE,AB,T9N 2J6,Candy.M.Scheer@spambob.com,780-573-0452
Justin,Odonnell,3678 Front Street,TORONTO,ON,M5J 2N1,Justin.R.Odonnell@trashymail.com,416-508-1958
Helen,Lopez,606 Merton Street,TORONTO,ON,M1L 3K7,Helen.J.Lopez@pookmail.com,416-459-7778
Doris,Gioia,2580 Bridgeport Rd,HAMILTON,ON,L9A 4V3,Doris.R.Gioia@dodgit.com,905-381-3968
Deborah,Clark,1608 47th Avenue,BOYLE,AB,T0A 0M0,Deborah.L.Clark@spambob.com,780-689-8549
Jerry,Thomas,4469 University Avenue,TORONTO,ON,M5J 1T1,Jerry.T.Thomas@dodgit.com,416-642-5103
Cecilia,Hilbert,2869 Rose Street,REGINA,SK,S4P 3Y2,Cecilia.S.Hilbert@pookmail.com,306-924-4232
Jamel,Barnes,2174 Saskatchewan Dr,QUEBEC,QC,S4P 3Y2,Jamel.M.Barnes@dodgit.com,418-527-7837
Oscar,Mccabe,4722 Dundas St,TORONTO,ON,M2N 2G8,Oscar.P.Mccabe@pookmail.com,416-730-3282
Brandon,Ireland,4929 Sable Street,GORE BAY,ON,P0P 1H0,Brandon.T.Ireland@pookmail.com,705-282-1274
Eleanore,Nishida,1213 Lynden Road,NOBLETON,ON,L0G 1N0,Eleanore.J.Nishida@mailinator.com,905-859-5438
Vanessa,Ingersoll,3430 Roger Street,PARKSVILLE,BC,V9P 1R1,Vanessa.C.Ingersoll@pookmail.com,250-248-3863
John,Dykes,3724 11th Ave,CALGARY,AB,T2P 1M6,John.R.Dykes@mailinator.com,403-262-0197
Kristen,Freeman,4020 Fallon Drive,THEDFORD,ON,N0M 2N0,Kristen.J.Freeman@trashymail.com,519-296-8859
Jerry,Biggers,4049 rue Boulay,ST THOMAS D'AQUIN,QC,J0H 2A0,Jerry.E.Biggers@dodgit.com,450-253-2382
Angela,Lewellen,2759 Galts Ave,RED DEER,AB,T4N 5Z9,Angela.J.Lewellen@spambob.com,403-323-1875
Michael,Dawson,817 Rose Street,REGINA,SK,S4P 3Y2,Michael.J.Dawson@dodgit.com,306-798-1471
Janelle,Williams,44 Sheppard Ave,TORONTO,ON,M1S 1T4,Janelle.C.Williams@pookmail.com,416-940-6924
Cheri,Davila,1458 Port Washington Road,OKOTOKS,AB,T0L 0T0,Cheri.D.Davila@mailinator.com,403-938-5441
Aaron,Miller,3391 Montreal Road,OTTAWA,ON,K1L 6C7,Aaron.G.Miller@trashymail.com,613-741-1869
Lori,Hermes,187 Manitoba Street,NORTH BAY,ON,P1B 8G4,Lori.R.Hermes@dodgit.com,705-471-9482
Dorothy,Manuel,2452 Islington Ave,TORONTO,ON,M8V 3B6,Dorothy.K.Manuel@trashymail.com,647-225-3879
Denise,Fagan,3792 9th Ave,LETHBRIDGE,AB,T1J 2J7,Denise.R.Fagan@mailinator.com,403-394-2480
Joshua,Johnson,3784 Dundas St,LONDON,ON,N6B 3L5,Joshua.J.Johnson@trashymail.com,519-319-9298
Hortencia,Marroquin,1745 Isabella Street,TRENTON,ON,K8V 6S1,Hortencia.J.Marroquin@trashymail.com,613-394-7347
Gerardo,Johnson,3240 Heritage Drive,CALGARY,AB,T2V 2W2,Gerardo.R.Johnson@dodgit.com,403-771-1273
Lamar,Ruff,619 Mesa Vista Drive,CLINTON,BC,V0K 1K0,Lamar.K.Ruff@mailinator.com,250-459-7656
Naomi,Garr,2719 rue des Églises Est,ST CELESTIN,QC,J0C 1G0,Naomi.H.Garr@trashymail.com,819-229-6588
Laveta,Stanford,2002 2nd Street,NEEPAWA,MB,R0J 1H0,Laveta.B.Stanford@spambob.com,204-476-5332
Susan,Sorenson,4374 Carling Avenue,OTTAWA,ON,K1Z 7B5,Susan.R.Sorenson@spambob.com,613-863-4481
Donald,Clark,1117 Brand Road,SASKATOON,SK,S7K 1W8,Donald.J.Clark@trashymail.com,306-978-1765
Charles,Seeley,496 Victoria Park Ave,TORONTO,ON,M2J 3T7,Charles.J.Seeley@dodgit.com,416-989-7160
Amber,Quinonez,1305 rue Saint-Antoine,ST HYACINTHE,QC,J2S 8R8,Amber.R.Quinonez@mailinator.com,450-252-4839
Melissa,Bowman,3328 Front Street,TORONTO,ON,M5J 2N1,Melissa.C.Bowman@pookmail.com,416-930-3926
Sandra,Corbin,3825 Queen Elisabeth Blvd,KERROBERT,SK,S4P 3Y2,Sandra.B.Corbin@pookmail.com,306-834-9427
Joyce,Castillo,831 Brew Creek Rd,NORTH PENDER ISLAND,BC,V0N 2M1,Joyce.A.Castillo@mailinator.com,250-629-7610
Birgit,Gibbs,801 Tolmie St,VANCOUVER,BC,V6R 4C5,Birgit.R.Gibbs@pookmail.com,604-225-8055
Samantha,Brey,4230 St. Paul Street,ST CATHARINES,ON,L2V 3G2,Samantha.J.Brey@pookmail.com,905-227-3457
Esther,Potts,1270 Baker Street,COBOURG,ON,N0N 0N0,Esther.G.Potts@dodgit.com,905-376-4576
Eva,Thomas,3229 Brant Ave,BEAR CANYON,AB,T1T 1T1,Eva.M.Thomas@pookmail.com,780-595-0000
Omer,Lopez,3600 Adelaide St,TORONTO,ON,M5H 1P6,Omer.G.Lopez@trashymail.com,416-867-7289
Jose,King,4610 Port Washington Road,GRANUM,AB,T0L 1A0,Jose.C.King@mailinator.com,403-687-3700
Marilyn,Stafford,1853 5th Avenue,LA CRETE,AB,T0H 2H0,Marilyn.L.Stafford@pookmail.com,780-928-2954
John,Edwards,4052 Ontario St,ST CATHARINES,ON,L2N 1S8,John.J.Edwards@spambob.com,905-934-5242
Diana,Montoya,4485 Dry Pine Bay Rd,COPPER CLIFF,ON,P0M 1N0,Diana.F.Montoya@dodgit.com,705-682-8047
Robert,Martinez,4194 McGill Road,KAMLOOPS,BC,V2C 5R8,Robert.M.Martinez@trashymail.com,250-377-8099
Russell,Bowden,1052 Ganges Road,VICTORIA,BC,V0S 1M0,Russell.L.Bowden@trashymail.com,250-544-9887
Elsie,Alvarado,3640 White Point Road,LAHAVE,NS,B0R 1C0,Elsie.R.Alvarado@trashymail.com,902-693-9616
Lisa,Remaley,1988 137th Avenue,EDMONTON,AB,T5B 3V4,Lisa.R.Remaley@pookmail.com,780-491-2243
Leon,Crider,4340 47th Avenue,PLAMONDON,AB,T0A 2T0,Leon.J.Crider@pookmail.com,780-798-4202
John,Mcdonnell,1055 Papineau Avenue,MONTREAL,QC,H2K 4J5,John.S.Mcdonnell@pookmail.com,514-241-5719
Deborah,Chamberlain,3731 40th Street,CALGARY,AB,T2N 2A7,Deborah.B.Chamberlain@spambob.com,403-283-6532
Gabriel,Stotler,662 Nelson Street,POINTE AU BARIL,ON,P0G 1K0,Gabriel.K.Stotler@dodgit.com,705-366-0212
Andrew,Martin,1055 rue Garneau,QUEBEC,QC,G1V 3V5,Andrew.T.Martin@pookmail.com,418-254-7985
Ellen,Phillips,2634 Boulevard Ste-Geneviève,CHICOUTIMI,QC,G7H 5B1,Ellen.T.Phillips@spambob.com,418-550-8048
Timothy,Vasquez,4350 Glover Road,LANGLEY,BC,V3A 1Z3,Timothy.A.Vasquez@mailinator.com,604-530-9914
Joshua,Palmer,4034 Tanner Street,VANCOUVER,BC,V5R 2T4,Joshua.S.Palmer@spambob.com,604-434-0384
Edward,Cleveland,2720 Gorham Street,LONDON,ON,N0N 0N0,Edward.L.Cleveland@dodgit.com,519-673-5056
Lucio,Allen,224 Eglinton Avenue,TORONTO,ON,M4P 1A6,Lucio.P.Allen@mailinator.com,416-485-1710
Terry,Despres,2153 Silver St,ELK LAKE,ON,P0J 1G0,Terry.J.Despres@mailinator.com,705-678-8829
Karen,Fischer,4468 Boulevard Cremazie,QUEBEC,QC,G1R 1B8,Karen.C.Fischer@spambob.com,418-641-5800
Richard,Peck,3434 rue des Églises Est,DUPARQUET,QC,J0Z 1W0,Richard.S.Peck@trashymail.com,819-948-4001
Lorenzo,Hollen,251 James Street,BURNABY,BC,V5G 4W7,Lorenzo.S.Hollen@dodgit.com,604-861-6586
Gloria,Ellis,4729 49th Avenue,RAE,NT,X0E 0Y0,Gloria.G.Ellis@spambob.com,867-392-7286
Geraldine,Brown,1786 Burdett Avenue,TERRACE,BC,V8G 1S2,Geraldine.A.Brown@trashymail.com,250-615-7918
Adria,Mitchell,3986 Brand Road,SASKATOON,SK,S7K 1W8,Adria.J.Mitchell@spambob.com,306-938-5416
David,Byrd,2510 53rd Street,ROCKY MOUNTAIN HOUSE,AB,T0M 1T1,David.S.Byrd@dodgit.com,403-846-1019
Roy,Heard,4063 Toy Avenue,AJAX PICKERING,ON,L1W 3N9,Roy.M.Heard@spambob.com,905-391-3645
Colleen,Arroyo,843 Scotchmere Dr,CHATHAM,ON,N7M 2H1,Colleen.R.Arroyo@trashymail.com,519-388-5520
Anthony,Clifford,523 Fallon Drive,MILDMAY,ON,N0G 2J0,Anthony.E.Clifford@spambob.com,519-367-2454
Sharyn,Thomas,1668 Terry Fox Dr,FOAM LAKE,SK,S4P 3Y2,Sharyn.C.Thomas@mailinator.com,306-272-0523
Ramon,Alvarez,489 St Marys Rd,WINNIPEG,MB,R3B 3K6,Ramon.H.Alvarez@spambob.com,204-880-5781
Lawrence,White,2955 A Avenue,EDMONTON,AB,T5J 0K7,Lawrence.A.White@dodgit.com,780-427-4180
June,Palm,1904 St. Paul Street,ST CATHARINES,ON,L2S 3A1,June.S.Palm@mailinator.com,905-321-4772
Thomas,Foster,2011 Bay Street,TORONTO,ON,M5J 2R8,Thomas.S.Foster@dodgit.com,647-686-8240
Marilyn,Torrez,3803 Boulevard Laflèche,MONTMAGNY,QC,G5V 3J2,Marilyn.E.Torrez@pookmail.com,418-252-9712
Dwight,Griffin,2976 Silver St,LATCHFORD,ON,P0J 1N0,Dwight.O.Griffin@pookmail.com,705-676-4936
Carla,Daigre,4269 Tycos Dr,TORONTO,ON,M5T 1T4,Carla.R.Daigre@dodgit.com,416-205-2710
Clarissa,Mcnatt,4673 Dominion St,INGLESIDE,ON,K0C 1M0,Clarissa.F.Mcnatt@trashymail.com,613-537-8173
Marvin,Scannell,1363 Brook St,AMHERST,NS,B4H 1W6,Marvin.M.Scannell@trashymail.com,902-660-3649
Bessie,Lewis,4508 Toy Avenue,SOUTH PICKERING,ON,L1V 1S8,Bessie.J.Lewis@pookmail.com,905-421-5671
Mary,Frisbee,1737 Broadmoor Blvd,SHERWOOD PARK,AB,T8A 1V6,Mary.R.Frisbee@dodgit.com,780-662-9115
Harold,Hobbs,2258 47th Avenue,NAMAO,AB,T0A 2N0,Harold.M.Hobbs@mailinator.com,780-973-0476
Theresa,Brand,4210 Montreal Road,OTTAWA,ON,K1L 6C7,Theresa.R.Brand@dodgit.com,613-746-7392
Michael,Wise,4673 Lake City Way,BURNABY,BC,V5A 2Z6,Michael.A.Wise@dodgit.com,778-686-2875
Luis,Quintero,2222 McGill Road,KAMLOOPS,BC,V2C 5R8,Luis.B.Quintero@trashymail.com,250-578-0499
Blaine,Romero,2802 James Street,COCHRANE,ON,P0L 1C0,Blaine.M.Romero@dodgit.com,705-272-6914
Robert,Kellam,1904 rue Parc,SHERBROOKE,QC,J1H 1R6,Robert.C.Kellam@spambob.com,819-571-9929
Della,Lovett,4773 Hyde Park Road,LONDON,ON,N6E 1A9,Della.D.Lovett@spambob.com,519-686-0981
Shondra,Morrison,4068 Rose Street,REGINA,SK,S4P 3Y2,Shondra.L.Morrison@trashymail.com,306-535-2267
Douglass,Reneau,2584 Fallon Drive,HOLSTEIN,ON,N0G 2A0,Douglass.J.Reneau@dodgit.com,519-334-1848
Jessica,Keller,4034 Lauzon Parkway,TECUMSEH,ON,N8N 1L7,Jessica.C.Keller@trashymail.com,519-979-1182
Stephanie,Hayes,3618 Silver Springs Blvd,CALGARY,AB,T3E 0K6,Stephanie.A.Hayes@spambob.com,403-686-9006
Patricia,Soza,2784 Speers Road,OAKVILLE,ON,L6H 3H5,Patricia.D.Soza@spambob.com,905-467-1519
Brittany,Olson,3662 chemin Hudson,MONTREAL,QC,H4J 1M9,Brittany.D.Olson@dodgit.com,514-291-3274
Larry,Young,4492 Tycos Dr,TORONTO,ON,M5T 1T4,Larry.A.Young@dodgit.com,416-948-9890
Tyler,Padilla,1837 Brant Ave,ASSUMPTION,AB,T1T 1T1,Tyler.L.Padilla@pookmail.com,780-321-8495
Aaron,Riggleman,298 René-Lévesque Blvd,MONTREAL,QC,H3B 4W8,Aaron.L.Riggleman@mailinator.com,514-574-6212
Catherine,Foskey,790 René-Lévesque Blvd,MONTREAL,QC,H3B 4W8,Catherine.T.Foskey@trashymail.com,514-965-3377
Lynne,Weeks,2809 Paradise Crescent,HAUTERIVE,QC,G5C 1M1,Lynne.C.Weeks@dodgit.com,418-567-2461
Shirley,Mitchell,4442 Park Ct,TOMAHAWK,AB,T0E 2H0,Shirley.K.Mitchell@pookmail.com,780-339-6716
Tracie,Johnson,2329 St Marys Rd,WINNIPEG,MB,R2X 2Y7,Tracie.M.Johnson@pookmail.com,204-399-6189
Brenda,Cruz,1068 Fallon Drive,CLINTON,ON,N0M 1L0,Brenda.J.Cruz@spambob.com,519-482-1663
Carrie,Davis,4805 Bayfield St,OAK RIDGES,ON,L4E 2Z8,Carrie.J.Davis@spambob.com,905-505-7315
Dianne,Mcleod,4647 Front Street,TORONTO,ON,M5J 2N1,Dianne.F.Mcleod@dodgit.com,416-817-9399
Robert,Watkins,1375 Albert Street,LONDON,ON,N5Z 2A7,Robert.J.Watkins@mailinator.com,519-936-5729
Bradley,Lacroix,4854 Northumberland Street,NEW DUNDEE,ON,N0B 2E0,Bradley.E.Lacroix@dodgit.com,519-696-0718
Jody,Lewis,1440 St Jean Baptiste St,ST BONIFACE DE SHAWINIGAN,QC,G0X 2L0,Jody.R.Lewis@dodgit.com,819-535-5294
Harry,Petry,4092 Hastings Street,VANCOUVER,BC,V6C 1B4,Harry.C.Petry@pookmail.com,604-716-0668
Elsie,Lorenz,4295 Bellwood Acres Rd,SUNDRIDGE,ON,P0A 1Z0,Elsie.B.Lorenz@pookmail.com,705-384-1939
Chong,Parker,164 rue Ontario Ouest,MONTREAL,QC,H2X 1Y8,Chong.B.Parker@trashymail.com,514-848-5526
Jacob,Brown,1858 Roger Street,NANAIMO,BC,V9R 5H9,Jacob.B.Brown@pookmail.com,250-760-0384
Stanley,Bouldin,4212 Bloor Street,VEGREVILLE,AB,T0B 4L0,Stanley.M.Bouldin@spambob.com,780-768-7211
Cynthia,Buckles,1648 Derry Rd,MALTON,ON,L4T 1A8,Cynthia.A.Buckles@pookmail.com,905-673-4179
John,Snyder,1343 Elgin Street,SOUTH MOUNTAIN,ON,K0E 1W0,John.D.Snyder@dodgit.com,613-989-2320
Shelley,Keim,4234 Adelaide St,TORONTO,ON,M5H 1P6,Shelley.J.Keim@spambob.com,416-726-0430
Ashley,White,349 Wyecroft Road,BURLINGTON,ON,L7R 3X7,Ashley.F.White@mailinator.com,905-320-5277
Corey,Weaver,47 Carling Avenue,OTTAWA,ON,K1Z 7B5,Corey.K.Weaver@spambob.com,613-795-0803
Nieves,Lowe,1070 Victoria Park Ave,TORONTO,ON,M2J 3T7,Nieves.S.Lowe@trashymail.com,416-774-6059
Mira,Lawson,1587 Rue King,SHERBROOKE,QC,J1H 1R4,Mira.J.Lawson@spambob.com,819-340-0683
Anita,Winn,3473 Woolwick Drive,TORONTO,ON,M1H 1A8,Anita.K.Winn@pookmail.com,416-439-2467
Bruce,Hale,1413 Goyeau Ave,WINDSOR,ON,N9A 1H9,Bruce.K.Hale@pookmail.com,519-563-8464
Rick,Simmons,4019 rue Levy,MONTREAL,QC,H3C 5K4,Rick.K.Simmons@pookmail.com,514-929-4491
Ida,Sanchez,347 40th Street,CALGARY,AB,T2A 1C8,Ida.S.Sanchez@pookmail.com,403-204-7427
Lionel,Tillman,4551 Wallace Street,NANAIMO,BC,V9R 3A8,Lionel.A.Tillman@trashymail.com,250-616-9397
Gina,Jones,3099 Eagle Rd,TORONTO,ON,M8Z 4H4,Gina.M.Jones@pookmail.com,416-233-5573
Evelyn,Carroll,2550 Birkett Lane,BRANTFORD,ON,N3T 2Z8,Evelyn.C.Carroll@spambob.com,519-753-6054
Marsha,Rice,2833 Rue De La Gare,ALMA,QC,G8B 2W5,Marsha.C.Rice@trashymail.com,418-719-4697
Kathryn,Berry,4201 rue de la Gauchetière,MONTREAL,QC,H3B 2M3,Kathryn.R.Berry@pookmail.com,514-878-5075
Allison,Lemon,411 Islington Ave,TORONTO,ON,M8V 3B6,Allison.J.Lemon@pookmail.com,647-220-7516
Angel,Beltran,873 Baker Street,LONDON,ON,N0N 0N0,Angel.E.Beltran@mailinator.com,519-433-1105
Louise,Wolfe,3871 James Street,ATTAWAPISKAT,ON,P0L 1A0,Louise.M.Wolfe@mailinator.com,705-997-4684
Cordell,Boswell,4257 James Street,ALDERGROVE,BC,V5G 4S4,Cordell.G.Boswell@mailinator.com,778-808-6603
Delinda,Ebeling,2714 Fallon Drive,LUCAN,ON,N0M 2J0,Delinda.M.Ebeling@trashymail.com,519-227-1235
Robert,Mosley,4215 Derry Rd,MALTON,ON,L4T 1A8,Robert.N.Mosley@spambob.com,905-672-0206
Bret,Mcroberts,3177 chemin du Lac,BOUCHERVILLE,QC,J4B 5B1,Bret.M.Mcroberts@mailinator.com,450-655-5376
Douglas,Hayes,1658 Parkdale Ave,CORNWALL,ON,K6H 6Y4,Douglas.G.Hayes@mailinator.com,613-363-4048
Jennifer,Arrington,599 102nd Avenue,CRANBROOK,BC,V1C 2R9,Jennifer.A.Arrington@mailinator.com,250-417-6606
Linda,Elliot,3534 Burdett Avenue,VICTORIA,BC,V8Z 2J8,Linda.R.Elliot@spambob.com,250-727-4444
Edward,Stackhouse,4522 St George Street,VANCOUVER,BC,V5T 1Z7,Edward.A.Stackhouse@spambob.com,604-709-1118
Helene,Stenberg,2597 St Marys Rd,WINNIPEG,MB,R3C 3N9,Helene.M.Stenberg@trashymail.com,204-962-5563
Alice,Leath,4719 49th Avenue,FLEUR DE LYS,NL,X0X 0X0,Alice.J.Leath@spambob.com,709-253-2189
Robert,Kirby,4791 Heritage Drive,CALGARY,AB,T2V 2W2,Robert.M.Kirby@mailinator.com,403-852-0715
George,Park,3035 Promenade du Portage,HULL,QC,S4P 3Y2,George.K.Park@trashymail.com,819-776-8172
Michael,Foss,1450 Findlay Creek Road,FAIRMONT HOT SPRINGS,BC,V0B 1L0,Michael.L.Foss@spambob.com,250-345-2827
Martha,Payne,4432 Wellington Ave,CHILLIWACK,BC,V2P 2M1,Martha.H.Payne@trashymail.com,604-702-5800
Lucinda,Schwartz,4488 Toy Avenue,AJAX PICKERING,ON,L1W 3N9,Lucinda.J.Schwartz@mailinator.com,905-767-2618
Diane,Pavone,1789 Garafraxa St,THORNBURY,ON,N0H 2P0,Diane.J.Pavone@pookmail.com,519-599-1723
Mary,Smith,2737 Davis Drive,ORILLIA,ON,L3V 1T4,Mary.R.Smith@trashymail.com,705-327-4118
Betty,Phillips,4882 rue Garneau,QUEBEC,QC,G1V 3V5,Betty.D.Phillips@spambob.com,418-559-5150
Willie,Baker,72 Carling Avenue,OTTAWA,ON,K1Z 7B5,Willie.J.Baker@spambob.com,613-323-1879
Frances,Meister,666 Tycos Dr,TORONTO,ON,M5T 1T4,Frances.C.Meister@spambob.com,416-580-3538
Robert,Garcia,1843 Eglinton Avenue,TORONTO,ON,M4P 1A6,Robert.O.Garcia@mailinator.com,647-208-2103
Octavia,Trask,1635 Burdett Avenue,TERRACE,BC,V8G 1S2,Octavia.R.Trask@pookmail.com,250-638-5867
Candace,Morrell,4774 Brand Road,MELFORT,SK,S7K 1W8,Candace.S.Morrell@dodgit.com,306-921-7111
Dreama,Russell,3922 Silver Springs Blvd,CALGARY,AB,T3E 0K6,Dreama.T.Russell@pookmail.com,403-246-4515
Jennifer,Beckham,4248 chemin du Lac,LONGUEUIL,QC,J4N 1C5,Jennifer.E.Beckham@spambob.com,450-640-5072
Dwayne,Bowman,4827 Stum Lake Road,HORSEFLY,BC,V0L 1L0,Dwayne.A.Bowman@trashymail.com,250-620-5969
Adam,Pappas,4709 Main St,BJORKDALE,SK,S0E 0E0,Adam.T.Pappas@pookmail.com,306-886-2774
Karen,Topete,2180 Albert Street,STRATFORD,ON,N5A 3K5,Karen.J.Topete@spambob.com,519-301-0307
Anna,Gregory,907 5th Avenue,HINES CREEK,AB,T0H 2A0,Anna.J.Gregory@dodgit.com,780-494-3729
Jacqueline,Jump,3462 rue Garneau,QUEBEC,QC,G1V 3V5,Jacqueline.R.Jump@dodgit.com,418-652-2116
Richard,Banas,4632 Granville St,HALIFAX,NS,B3K 5L2,Richard.I.Banas@spambob.com,902-401-7287
John,Jones,4799 Rose Street,REGINA,SK,S4P 3Y2,John.Y.Jones@trashymail.com,306-737-3385
Courtney,Ashby,1586 Bayfield St,OAK RIDGES,ON,L4E 2Z8,Courtney.D.Ashby@spambob.com,905-506-4100
Joyce,Mcdonald,1892 Cassells St,NORTH BAY,ON,P1B 2Y7,Joyce.D.Mcdonald@trashymail.com,705-494-2516
Thomas,Buzzell,3884 Galts Ave,RED DEER,AB,T4N 2A6,Thomas.S.Buzzell@trashymail.com,403-304-7704
Alicia,Salls,3521 Queen Elisabeth Blvd,KENOSEE LAKE,SK,S4P 3Y2,Alicia.P.Salls@mailinator.com,306-577-2025
Carl,Harned,96 Baker Street,LONDON,ON,N0N 0N0,Carl.N.Harned@spambob.com,519-719-4887
Denver,Beckman,1348 rue Garneau,QUEBEC,QC,G1V 3V5,Denver.J.Beckman@spambob.com,418-658-0008
Chris,Lee,438 avenue Royale,QUEBEC,QC,G1R 5B2,Chris.E.Lee@dodgit.com,418-261-5254
Sarah,Jones,853 chemin du Lac,BOUCHERVILLE,QC,J4B 6X3,Sarah.P.Jones@dodgit.com,450-552-7473
Arthur,Graves,2802 Brand Road,SASKATOON,SK,S7K 1W8,Arthur.J.Graves@trashymail.com,306-244-3665
Robert,Mcdaniel,3463 Albert Street,LONDON,ON,N5W 5K6,Robert.J.Mcdaniel@dodgit.com,519-451-4770
Robert,Brubaker,1622 René-Lévesque Blvd,MONTREAL,QC,H3B 4W8,Robert.I.Brubaker@pookmail.com,514-963-4122
Irene,Bennett,4131 A Avenue,EDMONTON,AB,T5J 0K7,Irene.J.Bennett@mailinator.com,780-822-9753
Donald,Gill,2044 Robson St,VANCOUVER,BC,V6B 3K9,Donald.C.Gill@pookmail.com,604-662-9177
Billy,Briggs,3477 Queen Elizabeth Boulevard,ETOBICOKE,ON,M9W 1K7,Billy.D.Briggs@mailinator.com,416-649-6559
Nora,Ferguson,981 56th Street,WETASKIWIN,AB,T9A 1N8,Nora.J.Ferguson@mailinator.com,780-361-9267
Tonya,Hackett,1610 Victoria Park Ave,TORONTO,ON,M2J 3T7,Tonya.J.Hackett@mailinator.com,416-990-6747
Betty,Mccann,4075 Tchesinkut Lake Rd,GRASSY PLAINS,BC,V0J 1E0,Betty.J.Mccann@spambob.com,250-694-8886
Mary,Ulrich,1466 Robson St,VANCOUVER,BC,V6B 3K9,Mary.L.Ulrich@spambob.com,604-658-8376
Henry,Pierce,3862 A Avenue,EDMONTON,AB,T5J 0K7,Henry.A.Pierce@dodgit.com,780-420-9017
Darla,Castaneda,2770 Pine Street,MULHURST BAY,AB,T0C 2C0,Darla.C.Castaneda@trashymail.com,780-389-7635
William,Gunther,240 Granville St,HALIFAX,NS,B3K 2Y6,William.M.Gunther@dodgit.com,902-442-8725
Javier,Moise,2525 Tycos Dr,TORONTO,ON,M5T 1T4,Javier.P.Moise@trashymail.com,416-345-1232
Jennifer,Johnson,76 Nelson Street,LANSDOWNE HOUSE,ON,P0T 1Z0,Jennifer.B.Johnson@pookmail.com,807-479-9645
Luis,Ford,486 Granville St,HALIFAX,NS,B3K 5L2,Luis.K.Ford@trashymail.com,902-401-3613
Christina,Wages,3461 Prince William,SAINT JOHN,NB,E2N 1T1,Christina.R.Wages@trashymail.com,506-512-6243
Michael,Lee,606 De L'Acadie Boul,MONTREAL,QC,H4N 3C5,Michael.J.Lee@trashymail.com,514-895-2126
Robert,Miller,2631 Speers Road,OAKVILLE,ON,L6L 2X5,Robert.J.Miller@trashymail.com,905-599-3281
Erin,Brown,4154 rue des Églises Est,DUPARQUET,QC,J0Z 1W0,Erin.C.Brown@trashymail.com,819-948-7996
Joanne,Schwartz,2952 Findlay Creek Road,FAIRMONT HOT SPRINGS,BC,V0B 1L0,Joanne.J.Schwartz@spambob.com,250-345-8180
Donna,Darnell,4157 Halsey Avenue,TORONTO,ON,M3B 2W6,Donna.R.Darnell@dodgit.com,416-441-3143
Karen,Brock,4848 Heritage Drive,CALGARY,AB,T2V 2W2,Karen.J.Brock@spambob.com,403-650-9783
Floyd,Herman,2172 rue Saint-Édouard,TROIS RIVIERES,QC,G9A 5S8,Floyd.J.Herman@trashymail.com,819-379-7408
Julio,Castleberry,2964 Robson St,VANCOUVER,BC,V6B 3K9,Julio.L.Castleberry@pookmail.com,604-713-5199
Nicole,Smith,1097 rue Levy,MONTREAL,QC,H3C 5K4,Nicole.D.Smith@mailinator.com,514-607-4345
Helen,Garcia,3372 Jasper Avenue,EDMONTON,AB,T5J 3N2,Helen.R.Garcia@pookmail.com,780-504-1648
Fred,Raftery,3387 rue des Églises Est,GUIGUES,QC,J0Z 2S0,Fred.S.Raftery@spambob.com,819-728-5301
William,Paine,268 Fallon Drive,KINTORE,ON,N0M 2C0,William.D.Paine@spambob.com,519-283-9274
Sara,Cross,546 40th Street,CALGARY,AB,T2M 0G6,Sara.D.Cross@dodgit.com,403-520-7612
Kimberly,Terry,1059 Blanshard,VICTORIA,BC,V8W 2H9,Kimberly.J.Terry@pookmail.com,250-889-2073
Kent,Bradley,1002 Sixth Street,NEW WESTMINISTER,BC,V3L 3C1,Kent.L.Bradley@mailinator.com,604-833-1320
William,Morgan,299 Scotchmere Dr,SARNIA,ON,N7T 7T9,William.T.Morgan@mailinator.com,519-466-2562
Samuel,Kennedy,728 Robson St,VANCOUVER,BC,V6B 3K9,Samuel.B.Kennedy@spambob.com,604-775-9454
Christopher,Martinez,4161 Danforth Avenue,TORONTO,ON,M4K 1A6,Christopher.M.Martinez@spambob.com,416-470-2699
Roy,Neace,2030 Burdett Avenue,VICTORIA,BC,V8W IE9,Roy.M.Neace@dodgit.com,250-412-5359
Tracey,Lamas,2249 Parkdale Ave,BROCKVILLE,ON,K6V 4X4,Tracey.J.Lamas@dodgit.com,613-349-0238
Gordon,Patterson,752 St Jean Baptiste St,LAC AU SAUMON,QC,G0J 1M0,Gordon.T.Patterson@trashymail.com,418-778-3604
Harold,Connor,2417 Quayside Dr,NEW WESTMINSTER,BC,V3M 6A1,Harold.R.Connor@mailinator.com,604-351-1079
Joe,Johnson,2524 Embro St,STRAFFORDVILLE,ON,N0J 1Y0,Joe.A.Johnson@dodgit.com,519-866-1521
Eulalia,Blanco,2112 Silver St,GOWGANDA,ON,P0J 1J0,Eulalia.D.Blanco@mailinator.com,705-624-9227
Danny,Byram,4059 Weir Crescent,TORONTO,ON,M1E 3T8,Danny.M.Byram@mailinator.com,416-629-2390
James,Ponder,3646 boulevard des Laurentides,TROIS RIVIERE,QC,G9A 4J4,James.J.Ponder@mailinator.com,819-701-2039
Shirley,Hopper,13 Cornwall Street,ESTEVAN,SK,S4A 0W6,Shirley.J.Hopper@dodgit.com,306-461-9704
Dolores,Daniels,4164 rue de la Gauchetière,MONTREAL,QC,H3B 2M3,Dolores.R.Daniels@spambob.com,514-861-0977
Kenneth,Leet,2486 Jade St,RICHMOND,BC,V7E 2E4,Kenneth.M.Leet@mailinator.com,604-204-8201
Jack,Cochran,1291 King George Hwy,SURREY,BC,V3W 4E3,Jack.C.Cochran@trashymail.com,604-501-4697
Willie,Russo,4979 Paris St,SUDBURY,ON,P3E 4N2,Willie.M.Russo@pookmail.com,705-562-3887
Lula,Stewart,3703 Bridgeport Rd,MILTON,ON,L9T 1P4,Lula.J.Stewart@pookmail.com,905-864-8739
Christopher,Deas,2850 St. John Street,CUT KNIFE,SK,S4P 3Y2,Christopher.G.Deas@trashymail.com,306-398-6041
Pauline,Brant,4524 11th Ave,CALGARY,AB,T2P 1M6,Pauline.B.Brant@trashymail.com,403-290-3358
Melisa,Galloway,89 Neilson Avenue,TORONTO,ON,M1M 1V1,Melisa.D.Galloway@trashymail.com,416-269-2252
Delia,Eubanks,3655 McGill Road,KAMLOOPS,BC,V2C 5R8,Delia.E.Eubanks@trashymail.com,250-851-0668
Denice,Whalen,2452 Lockhart Drive,BARRIE,ON,L4M 3B1,Denice.V.Whalen@pookmail.com,705-734-7657
Ronald,Adkins,3634 Tchesinkut Lake Rd,HOUSTON,BC,V0J 1Z0,Ronald.J.Adkins@mailinator.com,250-844-7498
Arlyne,Carol,1569 chemin Georges,LAVALTRIE,QC,J0K 1H0,Arlyne.J.Carol@spambob.com,450-547-6205
David,Escobedo,1815 Roger Street,COURTENAY,BC,V9N 2J6,David.E.Escobedo@trashymail.com,250-338-8066
Krystal,White,455 Eagle Rd,TORONTO,ON,M8Z 4H4,Krystal.J.White@spambob.com,416-207-0342
Carol,Cardwell,1388 Weir Crescent,TORONTO,ON,M1E 3T8,Carol.C.Cardwell@dodgit.com,416-660-8198
John,Forrest,3161 Côte Joyeuse,L'ETAPE,QC,H0H 0H0,John.P.Forrest@trashymail.com,418-846-0367
Vivian,Stoner,153 Heatherleigh,COOKSVILLE,ON,L5A 1V9,Vivian.M.Stoner@mailinator.com,905-281-4725
Brady,Carver,4398 St Marys Rd,WINNIPEG,MB,R3C 3N9,Brady.L.Carver@dodgit.com,204-951-8342
Paul,Lawrence,3708 Eglinton Avenue,TORONTO,ON,M4P 1A6,Paul.S.Lawrence@dodgit.com,416-908-1208
Matthew,Stewart,2974 Silver St,EARLTON,ON,P0J 1E0,Matthew.M.Stewart@pookmail.com,705-563-9467
Ashley,Nolan,490 Lillooet Street,PRINCE ALBERT,SK,S6V 5R4,Ashley.C.Nolan@trashymail.com,306-981-1521
Linda,Stine,3384 90th Avenue,MORRIN,AB,T0J 2B0,Linda.H.Stine@pookmail.com,403-772-2075
Charles,Glass,3484 rue Saint-Édouard,TROIS RIVIERES,QC,G9A 5S8,Charles.C.Glass@trashymail.com,819-380-9399
William,Garcia,370 University Avenue,TORONTO,ON,M5J 1T1,William.T.Garcia@dodgit.com,416-644-6451
Candice,Wireman,4004 Paris St,SUDBURY,ON,P3E 4K2,Candice.T.Wireman@dodgit.com,705-698-7749
Robert,Perez,3273 Glover Road,LANGLEY,BC,V3A 1Z3,Robert.E.Perez@trashymail.com,604-534-8185
Abel,Peace,1942 rue Levy,MONTREAL,QC,H3C 5K4,Abel.V.Peace@dodgit.com,514-756-9057
Louella,Turner,4776 Adelaide St,TORONTO,ON,M5H 1P6,Louella.D.Turner@trashymail.com,416-338-8094
Charles,Dangelo,2633 Islington Ave,TORONTO,ON,M8V 3B6,Charles.L.Dangelo@mailinator.com,416-529-8765
Sally,Souther,3232 rue des Églises Est,LOUVICOURT,QC,J0Y 1Y0,Sally.R.Souther@mailinator.com,819-736-5947
Lois,Richard,3619 Heritage Drive,CALGARY,AB,T2V 2W2,Lois.D.Richard@spambob.com,403-386-1443
Carol,Lima,396 Water Street,KITCHENER,ON,N2H 5A5,Carol.M.Lima@pookmail.com,519-807-1484
Nicholas,Robinson,557 Pearl Street,STREETSVILLE,ON,L5M 1X2,Nicholas.L.Robinson@spambob.com,905-363-1140
David,Thomas,4889 De la Providence Avenue,HULL,QC,J8Y 3S6,David.R.Thomas@pookmail.com,819-503-0060
Georgia,Barlett,1250 James Street,ST CATHARINES,ON,L2R 3H6,Georgia.Z.Barlett@pookmail.com,905-322-0040
Ramon,Ramos,1906 47th Avenue,SMOKY LAKE,AB,T0A 3C0,Ramon.N.Ramos@spambob.com,780-656-0335
Jorge,Deaton,2707 Thurston Dr,OTTAWA,ON,K1P 1C1,Jorge.J.Deaton@spambob.com,613-683-9268
Ben,Smith,684 Lynden Road,WASAGA BEACH,ON,L0L 2P0,Ben.M.Smith@spambob.com,705-429-4487
Jason,Drake,381 Venture Place,WESTLOCK,AB,T0G 2L0,Jason.C.Drake@trashymail.com,780-307-2984
Keven,Markowitz,4944 137th Avenue,EDMONTON,AB,T5C 2L2,Keven.C.Markowitz@dodgit.com,780-476-8227
William,Wilder,1754 Boulevard Cremazie,QUEBEC,QC,G1R 1B8,William.N.Wilder@pookmail.com,418-523-1104
Wilfredo,Matthews,4586 York St,LONDON,ON,N5W 2S9,Wilfredo.N.Matthews@dodgit.com,519-859-1483
Rocco,Wilsey,1148 Tolmie St,VANCOUVER,BC,V6R 4C5,Rocco.A.Wilsey@trashymail.com,604-225-1923
Juanita,Buffington,313 Lock Street,GUELPH,ON,N1G 153,Juanita.T.Buffington@trashymail.com,519-835-3440
Clifford,Snyder,1607 Weston Rd,TORONTO,ON,M9N 1G4,Clifford.F.Snyder@mailinator.com,416-241-6860
Linda,May,2555 rue des Églises Est,CHELSEA,QC,J0X 1N0,Linda.R.May@spambob.com,819-827-0361
James,Bowers,1840 47th Avenue,WASKATENAU,AB,T0A 3P0,James.S.Bowers@spambob.com,780-358-8500
Darlene,Moss,324 rue Saint-Antoine,ST HYACINTHE,QC,J2S 4Y8,Darlene.J.Moss@trashymail.com,450-230-1828
Antonio,Miller,3027 Blanshard,VICTORIA,BC,V8W 2H9,Antonio.C.Miller@spambob.com,250-381-1823
Gina,Galusha,1268 5th Avenue,FALHER,AB,T0H 1M0,Gina.L.Galusha@mailinator.com,780-837-6816
Wesley,Horton,1318 A Avenue,EDMONTON,AB,T5J 0K7,Wesley.S.Horton@spambob.com,780-822-9107
Leola,Marshall,835 Victoria Park Ave,TORONTO,ON,M4A 2M5,Leola.C.Marshall@trashymail.com,416-755-9705
Juan,Briggs,730 Stoney Creek,GULL LAKE,SK,S4P 3Y2,Juan.A.Briggs@dodgit.com,306-672-8511
Joel,Travis,361 Silver Springs Blvd,CALGARY,AB,T3E 0K6,Joel.J.Travis@trashymail.com,403-242-0089
John,Ford,865 Fallon Drive,CLIFFORD,ON,N0G 1M0,John.W.Ford@pookmail.com,519-327-1105
Louis,Dantzler,4384 Township Rd,BONNYVILLE,AB,T9N 2J6,Louis.E.Dantzler@dodgit.com,780-573-6693
Gabriela,Black,124 Water Street,KITCHENER,ON,N2H 5A5,Gabriela.T.Black@dodgit.com,519-503-8508
Paul,Upchurch,3073 Isabella Street,BELLEVILLE,ON,K8N 4Z5,Paul.M.Upchurch@pookmail.com,613-921-7876
Shana,Parrett,4136 Heritage Drive,CALGARY,AB,T2V 2W2,Shana.M.Parrett@trashymail.com,403-819-3457
Josephine,Thompson,2230 Park Ct,SEBA BEACH,AB,T0E 2B0,Josephine.J.Thompson@trashymail.com,780-797-2590
Christina,Regan,1244 Nelson Street,OGOKI,ON,P0T 2L0,Christina.H.Regan@mailinator.com,807-349-3193
Jason,Whobrey,1021 Front Street,TORONTO,ON,M5J 2N1,Jason.M.Whobrey@spambob.com,416-548-5702
Lori,Sumrall,211 Mesa Vista Drive,BOSTON BAR,BC,V0K 1C0,Lori.P.Sumrall@pookmail.com,604-867-7014
John,Young,373 Tycos Dr,TORONTO,ON,M5T 1T4,John.A.Young@mailinator.com,416-977-6447
Mary,Wilson,3834 Carling Avenue,OTTAWA,ON,K1Z 7B5,Mary.J.Wilson@mailinator.com,613-715-6879
Wm,Hart,4008 Lyons Avenue,BRANTFORD,ON,N3R 7J2,Wm.N.Hart@mailinator.com,519-732-7461
Eleanor,Mccutcheon,398 Nelson Street,SEVERN BRIDGE,ON,P0E 1N0,Eleanor.R.Mccutcheon@pookmail.com,705-689-9321
Theresa,Banks,247 Saint-Denis Street,MONTREAL,QC,H9R 3J4,Theresa.P.Banks@pookmail.com,514-697-9066
David,Miller,2825 St. John Street,BIG RIVER,SK,S4P 3Y2,David.K.Miller@spambob.com,306-469-3826
Kenneth,Johnson,3164 Lockhart Drive,BARRIE,ON,L4M 3B1,Kenneth.S.Johnson@mailinator.com,705-720-8058
Heidi,Snider,4116 Reserve St,LONG SAULT,ON,K0L 1P0,Heidi.W.Snider@mailinator.com,613-534-3330
Leslie,Schrock,4256 Churchill Plaza,SAULT STE MARIE,ON,P6A 1Z2,Leslie.M.Schrock@dodgit.com,705-942-8695
David,Foley,1625 Robson St,VANCOUVER,BC,V6B 3K9,David.S.Foley@trashymail.com,604-775-2299
Summer,Bradley,574 Pine Street,PONOKA,AB,T0C 2H0,Summer.J.Bradley@dodgit.com,403-704-1984
Ana,Holley,3293 Rose Street,REGINA,SK,S4P 3Y2,Ana.C.Holley@spambob.com,306-535-8859
Kenneth,Nelson,4191 Albert Street,STRATFORD,ON,N5A 3K5,Kenneth.K.Nelson@pookmail.com,519-276-5810
Christopher,Felten,1620 Albert Street,LONDON,ON,N5W 5K6,Christopher.N.Felten@spambob.com,519-451-1251
Andrew,Long,3117 rue Levy,MONTREAL,QC,H3C 5K4,Andrew.E.Long@spambob.com,514-912-8421
Charity,Roth,4610 47th Avenue,JUDAS CREEK,NT,Y0B 1T0,Charity.A.Roth@trashymail.com,867-660-9610
Sarah,Macias,3145 Goyeau Ave,WINDSOR,ON,N9A 1H9,Sarah.J.Macias@mailinator.com,519-790-6965
Michael,Owen,4964 No. 3 Road,RICHMOND,BC,V6X 2B8,Michael.K.Owen@spambob.com,604-231-9103
Wilma,Kimmons,2515 Cork St,GUELPH,ON,N1H 2W8,Wilma.W.Kimmons@spambob.com,519-829-5704
Julianne,Johnson,4493 A Avenue,EDMONTON,AB,T5J 0K7,Julianne.T.Johnson@mailinator.com,780-441-0754
Denise,Kauffman,364 Glover Road,PITT MEADOWS,BC,V3Y 2J4,Denise.L.Kauffman@dodgit.com,604-465-6531
Carolyn,Yoho,3122 Yonge Street,TORONTO,ON,M4W 1J7,Carolyn.A.Yoho@pookmail.com,416-960-3813
Jeri,Alvarez,246 rue Fournier,MIRABEL,QC,J7J 1S5,Jeri.J.Alvarez@dodgit.com,450-476-7847
Lester,Kennedy,3776 Hastings Street,VANCOUVER,BC,V6C 1B4,Lester.J.Kennedy@mailinator.com,604-724-7956
Johnnie,Babb,1191 Richmond Street,OSHAWA,ON,S4P 3Y2,Johnnie.D.Babb@pookmail.com,905-432-1022
Hollis,Paul,1944 Burdett Avenue,VICTORIA,BC,V8Z 2J8,Hollis.G.Paul@pookmail.com,250-744-3482
Alfred,Hardy,732 Venture Place,WIDEWATER,AB,T0G 2M0,Alfred.L.Hardy@mailinator.com,780-369-3797
George,Bass,4683 Orenda Rd,BRAMPTON,ON,L6W 1Z2,George.H.Bass@pookmail.com,905-863-6706
Elizabeth,Wadlington,1135 James Street,PORT ROWAN,ON,N0E 1M0,Elizabeth.S.Wadlington@dodgit.com,519-586-8432
Joanna,Walden,4552 Dufferin Street,TORONTO,ON,M6H 4B6,Joanna.M.Walden@mailinator.com,416-539-0798
Lucille,Thompson,2765 Robson St,VANCOUVER,BC,V6B 3K9,Lucille.L.Thompson@mailinator.com,604-606-6185
Sara,Cobb,3289 Pine Street,STETTLER,AB,T0C 2L2,Sara.M.Cobb@spambob.com,403-741-9554
Ross,Randolph,1920 Yonge Street,TORONTO,ON,M4W 1J7,Ross.L.Randolph@dodgit.com,416-928-3857
Thomas,Pfeffer,80 Fairford St,MOOSE JAW,SK,S4P 3Y2,Thomas.M.Pfeffer@spambob.com,306-630-7927
Gloria,Mcdonough,3370 Merivale Road,OTTAWA,ON,K2G 3K2,Gloria.C.Mcdonough@mailinator.com,613-723-8614
Addie,Person,1379 rue Boulay,STE MADELEINE,QC,J0H 1S0,Addie.B.Person@mailinator.com,450-701-1891
John,Minner,270 Richmond Road,CALGARY,AB,T2T 0C6,John.J.Minner@mailinator.com,403-806-0708
Caroline,Hurd,3493 Hastings Street,VANCOUVER,BC,V6C 1B4,Caroline.N.Hurd@mailinator.com,778-882-5110
William,Johnson,2035 Duke Street,MONTREAL,QC,H3C 5K4,William.P.Johnson@spambob.com,514-229-7025
Matthew,Spurling,119 Sherbrooke Ouest,MONTREAL,QC,H4A 1H3,Matthew.S.Spurling@mailinator.com,514-502-5716
Darrell,Maynard,921 Ganges Road,GANGES,BC,V0S 1E0,Darrell.F.Maynard@trashymail.com,250-538-6858
Xiomara,Russell,4004 Wellington Street,TORONTO,ON,M9C 3J5,Xiomara.R.Russell@dodgit.com,416-394-8030
Nora,Lustig,46 Rue King,SHERBROOKE,QC,J1H 1R4,Nora.C.Lustig@mailinator.com,819-569-1381
Olive,Pirkle,3259 Victoria Park Ave,TORONTO,ON,M2J 3T7,Olive.N.Pirkle@mailinator.com,647-388-9222
Roger,Lewis,211 Fallon Drive,THAMESFORD,ON,N0M 2M0,Roger.M.Lewis@mailinator.com,519-285-1089
Joseph,Beaudoin,1485 184th Street,EDMONTON,AB,T5J 2R4,Joseph.C.Beaudoin@mailinator.com,780-690-6489
Gladys,Coats,4007 Glover Road,PITT MEADOWS,BC,V3Y 2J4,Gladys.J.Coats@spambob.com,604-460-4841
Rhonda,English,4227 Wascana Parkway,REGINA,SK,S4S 2R3,Rhonda.F.English@dodgit.com,306-775-6302
Kenneth,Pinnock,3574 11th Ave,CALGARY,AB,T2P 1M6,Kenneth.C.Pinnock@trashymail.com,403-531-8290
Chelsea,Hinson,1715 Essendene Avenue,ABBOTSFORD,BC,V2S 2H7,Chelsea.A.Hinson@mailinator.com,604-755-6464
Kristen,Jackson,2883 40th Street,CALGARY,AB,T2K 0P7,Kristen.S.Jackson@trashymail.com,403-730-8624
James,Tunstall,195 MacLaren Street,OTTAWA,ON,K1P 5M7,James.G.Tunstall@mailinator.com,613-755-2647
Thomas,Gilbert,2540 Jade St,DRAGON LAKE,BC,V7J 4L2,Thomas.M.Gilbert@trashymail.com,250-747-6029
Rebecca,Westlake,3346 40th Street,CALGARY,AB,T2N 2A7,Rebecca.N.Westlake@dodgit.com,403-270-0595
Renata,Cassidy,4445 Bay Street,TORONTO,ON,M5J 2R8,Renata.M.Cassidy@trashymail.com,416-871-5023
Michael,Reynolds,4391 9th Ave,LETHBRIDGE,AB,T1J 2J7,Michael.T.Reynolds@mailinator.com,403-388-3265
Jovita,Jordan,4983 Park Ct,GRANDE CACHE,AB,T0E 0Y0,Jovita.J.Jordan@trashymail.com,780-827-7463
Doreen,Stewart,3229 Lock Street,CAMBRIDGE,ON,N1R 6J6,Doreen.T.Stewart@pookmail.com,519-629-6591
William,Pratt,3226 Old Spallumcheen Rd,SANDSPIT,BC,V0Y 1T0,William.J.Pratt@spambob.com,250-637-5486
Fatima,Franks,2374 Fallon Drive,DUNGANNON,ON,N0M 1R0,Fatima.T.Franks@trashymail.com,519-529-9829
Darren,Thomas,4987 Robson St,VANCOUVER,BC,V6B 3K9,Darren.J.Thomas@spambob.com,604-660-5907
Rhonda,Sample,3474 Hillside Dr,KAPUSKASING,ON,P5N 2X6,Rhonda.J.Sample@spambob.com,705-337-7853
Samuel,Simonson,1772 Craven Place,MEDICINE HAT,AB,T1A 0N1,Samuel.A.Simonson@dodgit.com,403-580-5738
Irene,Scheel,86 137th Avenue,EDMONTON,AB,T5B 3V4,Irene.J.Scheel@trashymail.com,780-378-0822
Jess,Eldridge,128 Kennedy Rd,LINDSAY,ON,K9V 4A4,Jess.J.Eldridge@mailinator.com,705-328-1933
Pauline,Hawley,4721 Boulevard Cremazie,QUEBEC,QC,G1R 1B8,Pauline.E.Hawley@dodgit.com,418-529-8156
Brittani,Allman,338 avenue Royale,QUEBEC,QC,G1R 5B2,Brittani.M.Allman@mailinator.com,418-261-1071
Marina,Wise,3990 Whiskey Cove Road,OCEAN FALLS,BC,V0T 1P0,Marina.B.Wise@spambob.com,250-289-3819
Kristine,Casey,4020 MacLaren Street,OTTAWA,ON,K1P 5M7,Kristine.M.Casey@pookmail.com,613-996-8389
Clarice,Bianco,4829 Reserve St,HALIBURTON,ON,K0M 1S0,Clarice.F.Bianco@dodgit.com,705-457-9871
Mary,Slaughter,4076 Reserve St,SHARBOT LAKE,ON,K0H 2P0,Mary.W.Slaughter@dodgit.com,613-279-3889
Louis,Taylor,2773 Brant Ave,EAGLESHAM,AB,T1T 1T1,Louis.R.Taylor@trashymail.com,780-359-0255
Marion,Shelby,3098 St. John Street,CRAIK,SK,S4P 3Y2,Marion.T.Shelby@spambob.com,306-734-6177
Robert,Ramer,832 Fourth Avenue,CALGARY,AB,T2P 0H3,Robert.J.Ramer@pookmail.com,403-560-6543
Barbara,Hassler,3345 Ross Street,RENFREW,ON,K7V 1T5,Barbara.C.Hassler@spambob.com,613-433-1896
Lupe,Cannon,3221 Scotchmere Dr,GODERICH,ON,N7A 3Y1,Lupe.J.Cannon@spambob.com,519-955-8597
Clay,Harris,934 Airport Blvd,GANDER,NL,A1V 2M7,Clay.C.Harris@dodgit.com,709-234-2309
Micheal,Dean,692 Montreal Road,OTTAWA,ON,K1L 6C7,Micheal.K.Dean@trashymail.com,613-749-3062
Jean,Khoury,2484 Hamilton Street,CLARENCE CREEK,ON,K0A 1N0,Jean.B.Khoury@trashymail.com,613-488-8077
Neal,Smith,170 Dominion St,MORRISBURG,ON,K0C 1X0,Neal.S.Smith@pookmail.com,613-543-6791
Regina,Bradley,2981 9th Ave,LETHBRIDGE,AB,T1J 2J7,Regina.J.Bradley@mailinator.com,403-381-3360
Stevie,Mcgee,4693 Parkdale Ave,CORNWALL,ON,K6J 3P7,Stevie.T.Mcgee@spambob.com,613-571-4579
Kathleen,Mosley,3134 Pitt St,CORNWALL,ON,K6J 3R2,Kathleen.J.Mosley@mailinator.com,613-360-9449
Teresa,Maxwell,3448 St. Paul Street,NIAGARA FALLS,ON,L2G 6Y2,Teresa.G.Maxwell@spambob.com,905-295-4554
Mary,Henderson,1423 Sixth Street,NEW WESTMINISTER,BC,V3L 3C1,Mary.D.Henderson@dodgit.com,604-908-0957
Adrienne,Allen,2783 Papineau Avenue,MONTREAL,QC,H2K 4J5,Adrienne.L.Allen@mailinator.com,514-262-7759
Carlos,Totten,720 Burdett Avenue,SIDNEY,BC,V8L 1X3,Carlos.A.Totten@spambob.com,250-654-0402
Jose,Boese,3477 Blind Bay Road,LITTLE FORT,BC,V0E 2C0,Jose.C.Boese@spambob.com,250-677-4000
Brian,Robinson,2557 rue de la Gauchetière,MONTREAL,QC,H3B 2M3,Brian.L.Robinson@spambob.com,514-391-2088
Edward,Walker,2754 Essendene Avenue,ABBOTSFORD,BC,V2S 2H7,Edward.M.Walker@trashymail.com,604-870-5016
Thomas,Partida,3088 Robson St,VANCOUVER,BC,V6B 3K9,Thomas.D.Partida@dodgit.com,604-717-4738
Patricia,Duncan,4870 Carlson Road,PRINCE GEORGE,BC,V2L 5E5,Patricia.J.Duncan@mailinator.com,250-960-9529
Thomas,Smith,3372 Tycos Dr,TORONTO,ON,M5T 1T4,Thomas.S.Smith@spambob.com,416-347-0210
Theresia,Freeman,1242 Rue King,SHERBROOKE,QC,J1H 1R4,Theresia.J.Freeman@dodgit.com,819-564-0982
Katherine,Nelson,2849 40th Street,CALGARY,AB,T2N 2A7,Katherine.G.Nelson@dodgit.com,403-670-0920
James,Williams,1012 Blanshard,VICTORIA,BC,V8W 2H9,James.R.Williams@mailinator.com,250-389-5717
Sean,Stafford,3076 A Avenue,EDMONTON,AB,T5J 0K7,Sean.H.Stafford@dodgit.com,780-945-8459
Geraldine,Conboy,1499 Leslie Street,NEWMARKET,ON,L3Y 2A3,Geraldine.C.Conboy@mailinator.com,905-830-9894
Kelly,Jones,43 Torbay Rd,ST JOHN'S,NL,A1A 5E8,Kelly.G.Jones@trashymail.com,709-749-0226
Lottie,Nelson,2510 Park Ct,ROBB,AB,T0E 1X0,Lottie.J.Nelson@pookmail.com,780-794-1862
Tommy,Dozier,343 Wascana Parkway,REGINA,SK,S4S 2R3,Tommy.C.Dozier@dodgit.com,306-781-2554
Stephanie,Wolfe,416 Roger Street,VICTORIA,BC,V9B 1X2,Stephanie.J.Wolfe@pookmail.com,250-391-7237
Bradley,Smith,1423 A Avenue,EDMONTON,AB,T5J 0K7,Bradley.A.Smith@mailinator.com,780-493-6264
Manuel,Range,3223 Cordova Street,VANCOUVER,BC,V6B 1E1,Manuel.J.Range@mailinator.com,604-218-9044
Robert,Gullette,4126 rue des Églises Est,ST EMILE DU SUFFOLK,QC,J0V 1Y0,Robert.D.Gullette@mailinator.com,819-426-5656
Maura,Gillespie,4148 King Street,ORILLIA,ON,I3V 6H8,Maura.D.Gillespie@trashymail.com,705-345-0073
Jerome,Burks,2789 Bridgeport Rd,PORT PERRY,ON,L9L 1K2,Jerome.C.Burks@dodgit.com,905-982-6296
April,Scales,3689 184th Street,EDMONTON,AB,T5J 2R4,April.L.Scales@trashymail.com,780-465-0595
Howard,Dailey,3462 Orenda Rd,BRAMPTON,ON,L6W 1Z2,Howard.E.Dailey@mailinator.com,905-798-8247
Margaret,Holmes,1565 Albert Street,HAWARDEN,SK,S4P 3Y2,Margaret.J.Holmes@trashymail.com,306-855-0777
Linda,Keith,1482 St Jean Baptiste St,MONT LOUIS,QC,G0E 1T0,Linda.B.Keith@pookmail.com,418-797-6760
Milton,Reed,1877 Tolmie St,VANCOUVER,BC,V6M 1Y8,Milton.C.Reed@trashymail.com,604-267-5732
Lisa,Lampkins,3088 Hyde Park Road,LONDON,ON,N6E 1A9,Lisa.G.Lampkins@pookmail.com,519-680-9650
Kitty,Keller,141 Wallace Street,NANAIMO,BC,V9R 3A8,Kitty.H.Keller@spambob.com,250-210-8804
Zachary,Leger,3040 St. John Street,BIRSAY,SK,S4P 3Y2,Zachary.K.Leger@mailinator.com,306-573-6034
Jerry,Sharp,4590 Blanshard,VICTORIA,BC,V8W 2H9,Jerry.D.Sharp@mailinator.com,250-480-9687
Marion,Johnson,4602 Parkdale Ave,HAWKESBURY,ON,K6A 1E8,Marion.N.Johnson@mailinator.com,613-307-7550
Cynthia,Smith,4472 Dundas St,LONDON,ON,N6B 3L5,Cynthia.L.Smith@pookmail.com,519-871-6103
John,Yelverton,2145 Port Washington Road,OLDS,AB,T0M 1P0,John.J.Yelverton@dodgit.com,403-556-0178
John,Morales,1675 Reserve St,FOYMOUNT,ON,K0J 1W0,John.A.Morales@pookmail.com,613-754-5854
John,Woo,1486 Ste. Catherine Ouest,MONTREAL,QC,H3B 2M1,John.M.Woo@spambob.com,514-908-2657
Janet,Stone,406 Brew Creek Rd,SQUAMISH,BC,V0N 3G0,Janet.L.Stone@spambob.com,604-849-1246
Reid,Martinez,1765 Venture Place,HIGH PRAIRIE,AB,T0G 1E0,Reid.C.Martinez@mailinator.com,780-536-6289
Lauren,Adams,147 Granville St,HALIFAX,NS,B3K 5L2,Lauren.G.Adams@pookmail.com,902-452-5285
Dale,Neff,720 Burdett Avenue,VICTORIA,BC,V8R 5A7,Dale.M.Neff@pookmail.com,250-595-9406
Edelmira,Abshire,4194 Borough Drive,TORONTO,ON,M1P 4W2,Edelmira.K.Abshire@dodgit.com,416-279-8804
Joyce,Johnson,2130 Jade St,WEST VANCOUVER,BC,V7V 1Y8,Joyce.J.Johnson@spambob.com,604-926-7760
Mary,Harris,2618 Township Rd,FORT MCMURRAY,AB,T9H 3E2,Mary.F.Harris@pookmail.com,780-880-6299
Tom,Phelps,4077 Rose Street,REGINA,SK,S4P 3Y2,Tom.J.Phelps@spambob.com,306-949-6570
Molly,Goodman,4493 Isabella Street,PEMBROKE,ON,K8A 5S5,Molly.M.Goodman@pookmail.com,613-735-3074
Kristina,Hartman,3490 St Jean Baptiste St,STE ROSE DE WATFORD,QC,G0R 4G0,Kristina.H.Hartman@spambob.com,418-267-7611
Ardell,Olivarez,3203 Sixth Street,NEW WESTMINSTER,BC,V3L 3C1,Ardell.R.Olivarez@spambob.com,604-524-0271
Anne,Gutierrez,1777 St-Jerome Street,ST JEROME,QC,S4P 3Y2,Anne.C.Gutierrez@trashymail.com,450-602-5200
Donald,Grant,3894 Thurston Dr,ORLEANS,ON,K1C 1T1,Donald.C.Grant@mailinator.com,613-824-7409
Frank,Friedel,1191 Lynden Road,MOUNT ALBERT,ON,L0G 1M0,Frank.H.Friedel@trashymail.com,905-473-4135
Martha,Price,3125 Maria St,BURLINGTON,ON,L7R 2G6,Martha.A.Price@mailinator.com,905-592-4529
Christopher,Gomez,3733 137th Avenue,EDMONTON,AB,T5C 2L2,Christopher.M.Gomez@trashymail.com,780-476-7310
Barney,Cornish,3265 Garafraxa St,STOKES BAY,ON,N0H 2M0,Barney.M.Cornish@mailinator.com,519-592-6644
George,Anderson,3305 Wellington Ave,CHILLIWACK,BC,V2P 2M1,George.S.Anderson@pookmail.com,604-792-5835
Maria,Bankhead,3670 René-Lévesque Blvd,MONTREAL,QC,H3B 4W8,Maria.J.Bankhead@dodgit.com,514-839-5106
Melissa,Mayberry,50 Halsey Avenue,TORONTO,ON,M3B 2W6,Melissa.G.Mayberry@dodgit.com,416-558-5888
Walter,Justice,2155 St. John Street,DENZIL,SK,S4P 3Y2,Walter.O.Justice@pookmail.com,306-358-7916
Renee,Murdock,537 Beaver Creek,THORNHILL,ON,L4J 1W2,Renee.S.Murdock@pookmail.com,905-763-1184
Sadie,Garcia,2054 Burdett Avenue,VICTORIA,BC,V8R 5A7,Sadie.C.Garcia@pookmail.com,250-595-2533
Janice,Sawyer,4093 Kennedy Rd,LINDSAY,ON,K9V 4A4,Janice.A.Sawyer@spambob.com,705-328-0831
Gerald,Wade,3205 Glover Road,PITT MEADOWS,BC,V3Y 2J4,Gerald.L.Wade@spambob.com,604-465-8673
Jason,Mcfadden,4577 MacLaren Street,OTTAWA,ON,K1P 5M7,Jason.N.Mcfadden@trashymail.com,613-223-4352
Marguerite,Moore,2847 Bay Street,TORONTO,ON,M5J 2R8,Marguerite.J.Moore@pookmail.com,416-836-8386
Howard,Desrochers,2988 Township Rd,LLOYDMINSTER,AB,T9V 0L9,Howard.L.Desrochers@dodgit.com,780-875-2366
David,Gonzales,1575 Nootka Street,VANCOUVER,BC,V5M 3M5,David.M.Gonzales@trashymail.com,778-230-6754
Brandy,Clarke,4468 Pape Ave,TORONTO,ON,M4E 2V5,Brandy.P.Clarke@spambob.com,416-698-7821
William,Fugate,576 Essendene Avenue,ABBOTSFORD,BC,V2S 2H7,William.M.Fugate@mailinator.com,604-855-1732
Ronnie,Mendez,2295 Blanshard,VICTORIA,BC,V8W 2H9,Ronnie.J.Mendez@trashymail.com,250-888-2592
Frank,Arteaga,3630 Gateway Blvd,EDMONTON,AB,T6H 1J5,Frank.R.Arteaga@mailinator.com,780-431-6741
Sean,Miller,1328 St Jean Baptiste St,SAINTE-GERTRUDE,QC,G0X 2S0,Sean.B.Miller@trashymail.com,819-297-9395
Charles,Cochran,2322 Adelaide St,TORONTO,ON,M5H 1P6,Charles.P.Cochran@spambob.com,416-726-5289
Earl,Curley,3962 rue des Champs,CHICOUTIMI,QC,G7H 4N3,Earl.A.Curley@spambob.com,418-615-0409
Stacy,Robinson,1678 Heritage Drive,CALGARY,AB,T2V 2W2,Stacy.V.Robinson@dodgit.com,403-809-7308
Peggy,Darcy,857 Carling Avenue,OTTAWA,ON,K1Z 7B5,Peggy.A.Darcy@trashymail.com,613-863-8462
Joshua,Lancaster,2768 Charleton Ave,HAMILTON,ON,L8N 3X3,Joshua.H.Lancaster@spambob.com,905-865-7250
Elaine,Friel,3259 Kinchant St,KAMLOOPS,BC,V2C 5A5,Elaine.J.Friel@mailinator.com,250-573-6308
Donald,Hoffman,1404 rue de la Gauchetière,MONTREAL,QC,H3B 2M3,Donald.J.Hoffman@trashymail.com,514-591-9107
Margaret,Dagostino,4551 rue Garneau,QUEBEC,QC,G1V 3V5,Margaret.C.Dagostino@spambob.com,418-951-5204
Ulysses,Johnson,4344 Tolmie St,RICHMOND,BC,V6X 2W7,Ulysses.E.Johnson@pookmail.com,604-288-6694
Mary,Nash,3198 St. Paul Street,ST CATHARINES,ON,L2R 7L4,Mary.J.Nash@pookmail.com,289-213-0395
Calvin,Amador,2830 Port Washington Road,BLACKIE,AB,T0L 0J0,Calvin.R.Amador@spambob.com,403-684-0864
Mark,Smith,3610 MacLaren Street,OTTAWA,ON,K1P 5M7,Mark.T.Smith@trashymail.com,613-750-4085
Joyce,Coffey,4521 A Avenue,EDMONTON,AB,T5J 0K7,Joyce.M.Coffey@dodgit.com,780-422-0184
Lisa,Theriault,4523 Bayfield St,STOUFFVILLE,ON,L4A 1T2,Lisa.P.Theriault@pookmail.com,905-640-3572
Keenan,Spears,1909 Burdett Avenue,VICTORIA,BC,V8W 1L6,Keenan.W.Spears@dodgit.com,250-884-7237
Kenneth,Campbell,3069 Bay Street,TORONTO,ON,M5J 2R8,Kenneth.L.Campbell@trashymail.com,647-839-7936
Olga,Mccune,4776 Papineau Avenue,MONTREAL,QC,H2K 4J5,Olga.H.Mccune@trashymail.com,514-924-0735
Thomas,Jacobs,2695 Calgary Avenue,PENTICTON,BC,V2A 2T6,Thomas.C.Jacobs@pookmail.com,250-493-5319
Ty,Villanueva,3777 Merivale Road,OTTAWA,ON,K2H 5B6,Ty.M.Villanueva@pookmail.com,613-768-7501
Adriana,Blanchard,2621 Rue De La Gare,ALBANEL,QC,G8M 3R8,Adriana.R.Blanchard@spambob.com,418-279-9835
Ruth,Dawson,3968 St. John Street,BUFFALO NARROWS,SK,S4P 3Y2,Ruth.A.Dawson@trashymail.com,306-235-0880
David,Moss,4915 Scotts Lane,UCLUELET,BC,V0R 3A0,David.B.Moss@spambob.com,250-726-5851
Bernice,Floyd,1140 St Jean Baptiste St,CHATEAU RICHER,QC,G0A 1N0,Bernice.M.Floyd@dodgit.com,418-824-7600
Robert,Ludwig,4626 102nd Avenue,TRAIL,BC,V1R 3W5,Robert.K.Ludwig@mailinator.com,250-364-9545
Donald,Barrett,2038 Beaver Creek,THORNHILL,ON,L4J 1W2,Donald.K.Barrett@mailinator.com,905-731-5426
Dave,Savage,80 Carling Avenue,OTTAWA,ON,K1Z 7B5,Dave.G.Savage@trashymail.com,613-759-8630
